-3626.7661 -103.1898
-3606.4565 -108.4603
-3575.9779 -116.3046
-3553.0731 -110.1034
-3520.0322 -106.4463
-3487.0169 -102.7266
-3451.4968 -87.5749
-3426.1611 -69.8713
-3398.3252 -40.7978
-3375.4983 13.4569
-3357.4091 92.8317
-3326.3909 180.9379
-3269.9571 286.5344
-3170.4326 440.9467
-3028.3573 644.0776
-2898.2439 802.2193
-2858.8317 840.0386
-2649.5011 967.3939
-2445.7920 1003.7129
-2255.6999 987.4158
-2067.8725 963.1454
-1881.7809 930.8913
-1713.8267 904.5470
-1554.8331 881.9875
-1411.3605 886.2047
-1266.9181 903.2796
-1120.7675 944.3249
-970.5999 1042.6900
