-3633.7444 -40.8853
-3564.5178 25.5501
-3510.8914 71.8933
-3457.3986 118.2686
-3394.0897 162.1254
-3308.4857 212.3836
-3210.7655 271.7365
-3128.6507 311.2525
-3031.9462 371.2511
-2948.1293 422.6308
-2860.0834 449.6017
-2782.1183 479.1806
-2694.8073 506.9888
-2591.1416 566.8172
-2454.8960 643.6738
-2273.1893 758.8143
-2240.3875 775.7112
-2027.6771 921.3626
-1841.6867 1050.3084
-1690.3597 1163.3016
-1550.7106 1279.0420
-1406.4285 1383.7261
-1267.9415 1467.6901
-1133.1723 1542.0621
-1010.4725 1607.7231
-879.7791 1685.0297
-752.3366 1752.7457
-576.1589 1818.7671
-343.7304 1896.6256
-107.9403 1968.7855
57.5375 2046.1724
162.9332 2114.1955
258.7131 2172.1070
336.9326 2230.4367
398.5771 2277.6223
474.4477 2337.2508
