3784.8423 -1111.5988
3582.8895 -1108.1952
3357.9541 -1095.5815
3124.5436 -1093.8243
2903.9550 -1098.6017
2706.6987 -1108.4881
2520.3519 -1114.5008
2334.1473 -1118.5159
2169.7016 -1117.7571
2027.0274 -1112.8591
1883.4839 -1095.5989
1741.2597 -1088.4183
1619.8723 -1066.8121
1497.9354 -1033.2297
1387.9828 -1009.1275
1279.0876 -995.5224
1160.3518 -993.1528
1030.9744 -990.6175
890.9671 -987.6633
739.0198 -950.6160
608.3353 -889.1768
488.5347 -804.1879
370.0725 -729.5030
242.2485 -665.2693
146.5689 -566.3863
72.7255 -444.6019
