-2393.2789 -271.2045
-2415.2648 -209.8444
-2438.7052 -159.6410
-2441.5475 -112.9292
-2436.7066 -21.2973
-2409.4380 77.9215
-2342.1367 169.9574
-2223.3667 207.0500
-2125.0590 248.2011
-2093.6054 254.5861
-1974.6133 304.6341
-1846.6884 354.1082
-1729.5092 405.9402
-1632.6980 461.1539
-1535.2300 528.0823
-1462.0538 564.4375
-1352.1645 585.6974
-1233.1565 606.8928
-1143.4185 631.8504
-1112.5167 651.4344
-1105.9710 718.2080
-1139.4206 766.3096
-1206.8590 761.7592
-1293.3292 759.6386
-1340.6650 764.9128
-1396.0351 782.6286
-1449.7848 811.7566
-1492.3283 851.0875
-1508.0072 875.7797
-1503.3352 909.1723
-1498.6335 942.5609
-1492.3187 987.0730
-1484.3513 1042.7032
