-881.3398 -396.1754
-931.1005 -359.5673
-979.1645 -300.4883
-974.7907 -233.6625
-949.2173 -157.0956
-913.6338 -81.1863
-889.0928 -15.7103
-904.0960 63.5421
-938.7140 144.2184
-941.0826 110.8208
-875.1565 195.7845
-952.1141 234.6994
-987.7193 158.9644
-960.2669 123.3747
-973.4918 79.5615
-1014.3998 71.3842
-1084.5579 76.8481
-1174.7174 84.4151
-1253.7752 102.7980
-1332.6506 121.6706
-1411.3399 141.0344
-1499.7954 162.0134
-1568.1439 181.2414
-1647.6446 190.9283
-1725.6213 212.2686
-1846.1220 217.2923
-1943.4623 174.2803
-2033.0729 119.1160
-2074.7167 114.0679
-2116.4052 109.1376
-2188.1321 109.1919
