-2603.0769 -327.3919
-2615.1435 -209.1760
-2638.3409 -100.2519
-2686.8851 -21.0220
-2754.6538 62.6030
-2813.6099 133.4214
-2797.6572 212.1912
-2781.4264 290.9023
-2723.3844 372.3458
-2592.8168 461.9357
-2489.6056 522.5363
-2439.7500 570.7716
-2364.2665 648.8665
-2320.0382 721.4927
-2273.1893 758.8143
-2245.4184 799.8336
-2157.6216 898.9129
-2041.3388 1050.5575
-1899.4525 1197.8178
-1586.6924 1284.3405
-1160.2451 1398.6075
-865.0432 1571.6316
-578.5112 1785.4244
-349.1385 1963.6396
-162.9332 2114.1955
118.4945 2335.9256
385.9082 2499.9015
634.3135 2728.0777
1071.3229 2946.8513
1492.9356 3102.9381
1751.1686 3340.6067
2069.6602 3557.0252
2419.7256 3751.6418
2837.5381 3948.3257
3066.7117 4076.3630
3196.1560 4229.3997
3261.0544 4501.8037
3341.2922 4643.0620
