479.7123 -871.2619
392.9717 -806.8490
275.2767 -753.7107
147.4591 -666.4661
0.0000 -555.9754
-114.5249 -477.6992
-228.0687 -409.6566
-330.0380 -329.8351
-389.8684 -250.4397
-470.4885 -203.4739
-551.0033 -167.1498
-609.8095 -108.9937
-627.6312 -52.4593
-655.8640 -6.5389
-683.8757 39.4527
-752.3405 76.5673
-811.1057 102.3193
-871.1054 106.0854
-932.6401 87.8565
-983.5101 80.2897
-1063.6355 86.3863
-1153.7309 93.8208
-1262.7254 114.8811
-1328.1858 166.2544
-1378.4147 261.5516
-1420.3119 333.7577
-1461.5512 406.1645
-1493.7862 466.4622
-1503.4145 546.8032
-1492.0231 635.9296
-1480.4286 725.0309
-1465.6498 836.3714
-1421.1393 955.2809
-1314.5013 1123.1216
-1147.0609 1284.5240
-975.2923 1447.0109
-816.2427 1623.5347
-618.4557 1821.4226
-411.4164 2044.2068
-298.6655 2184.5054
-207.0023 2281.9966
15.3141 2546.3819
236.0934 2783.5446
440.2141 3015.7891
638.6983 3210.1053
824.0562 3354.1926
1003.2001 3447.6040
1198.4145 3481.6480
1488.7124 3450.8618
1785.7197 3409.3832
2049.9747 3368.0470
