-1752.8754 716.5690
-1787.9540 801.6601
-1797.7198 860.2550
-1805.2597 872.8527
-1814.6295 874.3195
-1825.8585 864.6547
-1837.1020 854.9968
-1801.3704 837.9757
-1764.1530 889.3385
-1706.7192 949.0816
-1621.9667 1004.9603
-1509.6363 1125.5246
-1382.6924 1233.3371
-1236.9433 1294.5950
-1082.8431 1367.7732
-907.8787 1407.2177
-734.6408 1449.4357
-526.7243 1514.7725
-268.8051 1615.9612
34.1001 1756.9425
414.9983 1977.5126
863.5296 2210.8661
1240.6217 2438.3300
1732.5610 2632.4466
2078.4778 2764.6136
