-155.6161 -421.7212
-330.2805 -340.9567
-503.0636 -258.0441
-673.8852 -172.9588
-842.6630 -85.6779
-1009.3121 3.8203
-1163.7383 94.6846
-1304.9529 197.7062
-1411.7357 321.5295
-1496.5217 444.1726
-1559.8254 565.1494
-1592.6509 682.7945
-1581.6196 828.8564
-1549.5538 983.4246
-1480.5682 1132.9162
-1313.3378 1269.8606
-1048.4295 1353.0322
-684.9559 1401.3242
-114.6069 1468.4154
285.7721 1627.5636
507.7621 1826.0260
668.9585 2026.0559
804.7788 2227.6760
983.1626 2403.8225
1153.4170 2573.0912
1302.2638 2801.5648
1431.3558 3055.4226
1536.1715 3263.6120
1629.2890 3450.2943
1733.4314 3692.5952
1827.7389 3963.9909
1876.8933 4228.2393
1938.2842 4442.0341
1993.7078 4647.9693
2056.9962 4826.1452
2117.3487 4997.5019
2163.5459 5169.2189
