-1973.2970 178.7002
-1994.3014 307.6628
-1990.9416 455.9541
-1953.8968 621.8439
-1880.2771 770.3404
-1773.5082 890.7743
-1651.4728 997.8627
-1529.6028 1116.9279
-1393.3192 1223.3854
-1206.0945 1392.5455
-1023.0410 1575.2792
-893.4447 1719.9177
-798.1043 1812.4199
-733.7790 1863.1939
-666.4440 1858.1944
-592.2691 1830.9204
-552.2745 1795.0351
-434.6043 1766.6831
-367.9492 1730.4963
-301.9043 1661.4329
-287.6145 1571.9705
-333.2771 1517.7214
-387.3218 1486.2302
-448.3398 1499.8687
-489.7901 1546.3660
-451.9457 1600.3171
-432.3361 1644.0149
-306.4275 1772.8831
-83.6229 1912.9304
359.3091 2264.7504
