-2575.5390 -633.1038
-2623.1183 -520.8454
-2688.3221 -393.1949
-2674.0318 -244.7280
-2666.7691 -83.1879
-2670.1363 68.9801
-2630.0904 224.3276
-2596.7639 392.6617
-2554.9272 547.5467
-2485.9238 638.3534
-2374.7255 743.9139
-2339.4394 771.7550
-2315.9789 790.3470
-2264.6923 849.9220
-2146.5878 954.6444
-2006.6144 1032.7476
-1850.0898 1109.0051
-1659.3360 1181.3466
-1440.9885 1275.0081
-1212.0685 1415.8029
-964.4826 1547.0228
-793.7566 1677.6864
-654.0606 1801.4576
-500.0415 1948.2893
-302.2748 2095.5686
-95.9962 2246.6735
117.5471 2391.5206
312.7730 2574.7166
516.0567 2797.4319
556.5019 3135.7491
509.8465 3579.4562
472.9180 3912.0659
391.5934 4129.1490
263.4273 4343.9107
204.0622 4452.3690
