-1271.2104 1242.1863
-1187.5574 1176.2911
-1077.6148 1086.2050
-1145.0274 980.4747
-1232.0943 876.9698
-1327.1870 797.2355
-1419.1875 751.4855
-1527.9118 731.0335
-1646.6214 712.8086
-1713.1609 722.1845
-1747.7116 750.0000
-1782.0742 777.9417
-1827.5026 796.3325
-1865.2422 802.2719
-1887.8631 782.9981
-1901.0736 762.2241
-1908.5489 717.6290
-1906.4151 671.5066
-1911.9018 638.0465
-1917.3521 604.5806
-1913.1361 569.6032
-1899.1668 533.1410
-1860.5139 527.2626
-1826.4115 556.4016
-1792.4305 585.5990
-1739.3848 612.0966
-1657.8351 634.8083
-1536.9118 664.2033
-1355.5162 721.4608
-1129.9565 765.4005
-889.5153 789.6596
