-2468.9021 -420.0275
-2461.9522 -305.7804
-2454.3595 -191.5860
-2449.8489 -99.9132
-2444.8940 -8.2721
-2445.3353 49.6663
-2447.5396 96.3778
-2437.6335 152.4748
-2435.4939 221.5991
-2437.2010 268.2900
-2448.5932 316.8467
-2461.8909 354.2257
-2472.8632 402.8391
-2481.3930 462.6784
-2489.6056 522.5363
-2487.8771 580.4514
-2471.7031 658.7593
-2460.0025 761.3312
-2448.0117 817.1867
-2433.4507 884.1770
-2415.5175 1008.8705
-2385.0218 1142.5841
-2414.7859 1336.7668
-2475.2917 1539.6408
-2540.4311 1769.8310
-2507.8735 1999.7568
-2470.0329 2204.7524
