-379.6515 -684.7576
-453.1561 -671.6479
-526.5528 -658.1826
-599.8395 -644.3607
-673.0141 -630.1814
-756.0663 -603.9955
-838.8644 -577.3351
-941.0272 -526.6310
-1052.2106 -463.2911
-1162.4735 -399.0170
-1271.7891 -333.8010
-1379.1056 -256.4798
-1484.0859 -167.0332
-1577.4742 -77.7644
-1669.4909 12.3215
-1751.5295 90.7485
-1824.0240 157.2946
-1875.8576 221.5124
-1907.3145 283.1075
-1931.8645 321.0118
-1956.2092 358.9897
-1980.3463 397.0409
-1988.3455 409.7409
-2012.2027 447.8895
-2045.5464 487.6987
-2099.8676 519.7332
-2151.9087 563.2288
-2203.5242 607.0164
-2252.5703 662.2662
-2298.8120 728.9741
-2327.7027 781.0478
-2332.5639 805.2492
-2323.3608 896.4073
-2255.6999 987.4158
-2158.6359 1084.2631
-2042.1913 1189.1994
-1907.1770 1302.6890
-1765.5121 1415.7034
-1616.7657 1482.7729
-1426.4166 1545.3216
-1269.7238 1580.9572
-1139.0534 1565.2641
-1034.3546 1553.9520
-947.0060 1545.3669
-877.0676 1539.0489
-833.3311 1535.3481
