192.8569 -98.7392
131.3267 -32.7312
90.2524 67.0189
39.8094 166.8524
0.0000 266.8682
-29.3876 366.9776
-58.2908 467.1551
-67.2342 600.6387
-66.2407 767.4318
-65.4914 889.7466
-55.2358 1056.4900
-27.0596 1256.5386
61.7124 1467.9607
180.4511 1691.8293
335.3511 1896.3216
542.1101 2062.2542
771.5090 2235.8643
1008.2357 2395.5409
1237.8373 2540.2286
1356.4826 2616.5188
1494.7966 2699.0710
1622.2972 2782.7706
1776.3649 2899.4314
1867.4574 2981.0550
1977.2630 3046.2012
2056.1992 3128.7560
2136.6517 3201.6158
2207.5082 3236.5701
2282.2369 3298.5092
2353.3218 3348.3565
2436.4024 3404.1205
2478.9222 3445.6833
2502.6830 3493.0259
2532.1289 3543.1275
2562.5678 3619.8830
2597.3918 3699.5790
