-2919.2441 321.3615
-2745.7106 459.3682
-2550.4597 616.7248
-2327.7027 781.0478
-2315.9789 790.3470
-2104.4089 923.6829
-1898.4459 945.1127
-1708.5017 937.9488
-1511.0991 921.5288
-1330.9089 921.8027
-1179.0804 927.7014
-1090.3642 873.9815
-1011.1949 810.7178
-940.5187 748.8273
-879.3809 676.9998
-811.7838 683.4249
-763.3477 691.4200
-714.9918 699.6042
-684.3751 731.3001
-634.3358 773.1518
-575.2271 814.7229
-499.8409 811.2611
-367.4849 817.4940
-225.2345 858.3878
-102.6972 912.2590
18.5731 967.4124
110.9554 1012.4221
165.7013 1057.5840
184.1107 1057.8727
138.8438 1001.6103
46.5324 945.2531
-46.7797 889.6555
