-2354.6632 -1012.5471
-2401.4283 -948.4090
-2450.6217 -906.5850
-2499.5505 -864.5416
-2564.9767 -865.7200
-2633.5513 -889.2470
-2680.9180 -916.1243
-2697.8283 -959.5959
-2693.2378 -1006.6189
-2656.2219 -1058.8379
-2608.1116 -1112.5856
-2555.5151 -1132.1962
-2493.2644 -1072.5743
-2425.6374 -967.7804
-2365.9711 -838.9119
-2345.5281 -681.3219
-2342.3895 -578.4729
-2361.1675 -483.6165
-2412.0142 -394.8628
-2465.4557 -328.2757
-2491.0508 -289.2372
-2494.1248 -242.4618
-2497.0556 -195.6840
-2497.9720 -137.6624
-2496.0966 -126.4217
-2510.7288 -89.0539
-2521.3221 -29.1757
-2519.5764 40.0923
-2527.5417 111.2292
-2561.2734 152.5345
-2545.4719 126.2502
-2525.6183 64.4276
-2501.4477 25.1432
-2473.2043 8.3982
-2444.8940 -8.2721
-2412.7512 -2.4173
-2380.6415 3.5016
-2326.5876 17.2473
-2312.8577 37.9588
-2345.5268 89.7317
-2395.8075 156.4348
-2441.3121 245.8692
-2485.7874 335.6032
-2538.9589 427.5919
-2532.8482 507.9835
-2516.7338 586.3550
-2500.3620 664.6734
-2495.6164 733.7509
-2483.5588 789.6287
-2471.3694 845.4785
-2468.9157 856.6451
-2449.7025 899.3048
-2414.3178 926.8430
