-2186.0410 -292.6765
-2263.5553 -177.3323
-2330.9928 -74.2079
-2397.0107 29.4742
-2441.6108 130.0387
-2477.1871 217.8124
-2511.8724 305.7902
-2535.8738 392.0100
-2559.0903 478.3438
-2562.2359 560.7505
-2574.4205 645.1845
-2569.3868 714.3565
-2561.5469 794.6775
-2525.1901 868.7784
-2513.3073 877.9031
-2383.4384 978.6919
-2271.5654 1048.7186
-2176.7642 1134.1943
-2094.0132 1256.9673
-2074.8627 1473.3926
-2090.3452 1720.7885
-2033.2331 1953.1612
-1974.8197 2115.2093
-1908.0477 2275.3021
-1849.0492 2437.0270
-1779.1637 2607.8736
-1672.3473 2770.3959
-1521.6203 2935.2906
-1333.8069 3093.8402
-1130.8961 3263.4541
-931.2926 3436.6593
-717.3611 3611.6349
-504.8420 3791.7019
-283.7525 3988.2688
