161.8356 -1100.0468
75.3502 -1056.1818
-10.7455 -1022.9912
-96.4803 -978.2317
-171.0029 -922.0147
-255.3949 -843.0363
-328.6290 -774.9360
-401.2645 -706.4725
-483.1505 -615.0649
-574.4981 -522.7731
-632.6652 -408.9706
-680.0175 -306.4949
-756.6576 -191.0820
-802.0983 -88.0806
-845.9836 26.2552
-888.8594 140.7944
-921.6115 243.7019
-943.7649 346.0099
-975.0061 449.1379
-977.4083 538.9320
-971.8259 605.7011
-966.1690 672.4642
-949.9972 749.5832
-901.8883 868.9700
-860.8651 1022.5211
-804.8369 1141.3969
-723.4958 1247.4698
-625.7791 1352.9461
