2166.0946 -1084.0181
1998.6984 -1048.0998
1831.9868 -1010.7444
1665.9885 -971.9350
1500.7331 -931.6551
1335.4373 -878.7250
1170.3872 -813.1608
1005.2359 -723.8259
842.2487 -644.1457
671.2054 -585.6637
491.6421 -547.9809
302.7573 -519.5681
104.1137 -477.7755
-113.9556 -399.8607
-339.5954 -296.2318
-582.0467 -177.0457
-778.7087 -33.5887
-949.4833 133.7931
-1083.9776 323.4759
-1194.1657 513.0657
-1241.4237 709.0419
-1238.8831 900.2255
-1189.0036 1086.3427
-1111.0816 1280.7110
-1014.4629 1495.7399
-766.3008 1787.4229
-404.1375 2177.5899
-22.7361 2613.1170
370.7433 2989.5579
742.2444 3310.6263
1051.2669 3626.5592
1334.3233 3892.9271
1563.7149 4241.4253
1866.5611 4539.0684
2124.0081 4862.4630
2258.6987 5129.4614
2237.5310 5294.7293
2118.3328 5391.4494
1999.5512 5488.2678
1873.4931 5564.6104
1757.7543 5633.3511
1700.5949 5668.2808
1690.6785 5706.0562
1717.8193 5740.4510
1761.1914 5788.3157
