1208.5206 -597.2307
1102.1254 -582.8884
944.2437 -582.3246
775.4755 -569.5434
584.9386 -522.3706
416.4068 -472.3233
259.3520 -420.2631
103.3713 -366.5782
-51.4965 -311.2546
-235.2758 -209.3220
-406.2909 -105.2738
-515.0925 -23.7000
-660.4849 105.2115
-792.2690 246.3881
-882.4961 375.1935
-914.0753 478.1270
-935.2135 580.4451
-956.6245 671.7015
-967.9780 762.2437
-970.4992 840.8972
-955.1229 906.8596
-930.5070 972.0571
-888.5722 1024.6797
-838.7173 1065.6026
-769.1836 1127.6590
-711.1198 1168.4373
-643.7031 1220.0642
-549.2962 1281.7576
-474.5052 1333.8853
-364.4899 1396.3150
-219.8363 1492.3815
-26.0170 1612.3627
220.4311 1803.9040
488.2160 2003.4154
737.0324 2176.8706
948.5774 2366.0346
1238.5189 2619.9799
1482.8650 2846.5376
1717.8580 3096.3254
1898.6440 3274.4385
2102.8026 3494.8253
2305.1434 3730.2649
2490.0339 3937.4645
2611.6596 4129.1373
