382.3690 -1352.3966
217.6994 -1277.3685
43.3754 -1200.8515
-140.4178 -1122.4821
-311.9684 -1042.2886
-482.0536 -960.2631
-618.2411 -866.5119
-752.9361 -771.4954
-864.9968 -676.3876
-975.6791 -580.3392
-1075.2617 -495.2364
-1172.8320 -398.1943
-1279.2921 -299.4391
-1385.2096 -210.8641
-1470.5009 -134.6264
-1554.7621 -57.7323
-1637.9658 19.8207
-1711.4814 85.5890
-1765.7149 138.0495
-1809.5123 189.4373
-1844.5555 228.4618
-1887.5878 280.2194
-1926.7973 354.5204
-1961.7638 451.3567
-1995.7119 548.3830
-2015.2028 608.9198
-2040.1245 636.0434
-2095.0171 714.4903
-2156.1792 806.2098
-2223.0131 911.3814
-2299.6218 1007.9112
-2381.9855 1071.7905
-2475.0498 1127.3801
-2579.0259 1174.9543
-2666.9832 1208.0633
-2733.4568 1248.4998
-2769.3981 1293.5173
-2783.9096 1345.0972
-2773.9515 1414.1868
-2698.1588 1513.4777
-2537.8532 1650.1787
-2357.7744 1770.6694
-2189.8821 1859.9705
-2024.9150 1951.3324
-1852.1639 2054.1353
-1693.6692 2149.7969
-1522.4943 2244.7252
