-2463.4070 925.6247
-2349.0200 913.2626
-2243.9639 903.8642
-2138.9241 895.4218
-2031.8369 899.0761
-1934.3320 905.2412
-1838.9583 901.0442
-1743.6454 897.6263
-1648.4002 894.9854
-1545.4702 880.7304
-1442.4057 867.4143
-1339.2162 855.0343
-1226.5143 842.5935
-1123.0937 832.1628
-1019.5768 822.6608
-915.9727 814.0856
-802.8614 805.7857
-678.1416 831.3998
-562.2954 880.9894
-437.7548 942.4278
-323.9286 1005.4088
-211.4901 1069.4823
-100.4771 1134.6494
9.0723 1200.9107
134.9778 1279.5976
284.8504 1382.7035
474.6913 1501.0625
693.1337 1636.5357
933.4789 1824.7370
1162.0872 2019.4824
1378.2482 2220.5870
