-1133.4854 -289.1883
-1158.2493 -208.7130
-1172.3944 -129.0175
-1185.2546 -38.1466
-1197.6984 52.7540
-1207.6786 165.9650
-1207.2019 278.2755
-1206.3004 390.5766
-1204.9676 502.8668
-1202.0378 626.2766
-1204.4320 784.0169
-1188.8383 1007.5069
-1169.3655 1174.3223
-1143.3397 1239.0927
-1112.3719 1269.5947
-1075.0880 1277.0210
-1039.0804 1273.4539
-1003.0595 1270.0095
-968.1472 1255.5707
-934.2111 1230.1361
-888.9789 1226.3090
-829.8590 1277.5582
-762.3504 1328.4313
-703.5666 1391.3927
-645.4785 1454.6294
-588.1006 1518.1424
-540.1497 1582.3980
-493.4487 1635.7297
-446.6792 1700.3711
-364.9893 1797.2013
-259.1952 1916.1594
-123.1106 2057.9484
