-2866.2556 -627.9979
-2876.7628 -626.0311
-2887.2687 -624.0565
-2910.1266 -631.4107
-2954.0290 -634.7140
-3029.4985 -631.7215
-3138.4926 -633.3258
-3247.6131 -634.2270
-3306.3310 -657.2049
-3358.7323 -705.1580
-3400.6431 -755.3904
-3410.7267 -812.5249
-3399.3308 -874.2218
-3310.2127 -869.1943
-3174.2329 -779.0385
-3012.2635 -658.5413
-2905.6203 -538.8220
-2857.1339 -443.0255
-2851.8532 -350.5953
-2880.9729 -274.6497
-2944.4054 -214.8310
-3007.2275 -154.5741
-3069.4274 -93.8782
-3161.2907 -25.8037
-3247.1444 18.0993
-3322.4941 60.2260
-3402.6982 80.2276
-3465.4476 84.2218
-3500.8662 69.2864
-3503.5469 57.9264
-3486.1304 41.3810
-3455.9807 33.6671
-3425.8138 26.0270
-3395.6301 18.4605
-3375.4983 13.4569
-3355.3591 8.4860
-3330.1452 26.2237
-3302.4245 55.3071
-3284.7524 86.8364
-3267.0702 118.3522
-3244.2113 172.4740
-3208.7580 235.4167
-3173.2741 298.3097
-3143.0581 338.6046
-3120.0002 392.5601
-3096.8715 446.4758
-3080.6389 514.0037
-3068.2407 606.3685
-3053.3330 745.9805
-3034.0522 896.6161
-3031.0658 907.8144
-2957.8404 1032.2404
-2884.6445 1156.5282
-2793.5149 1275.9558
-2685.3991 1355.1904
-2542.9570 1426.1842
-2349.4886 1486.1629
-2152.4815 1536.0379
-1957.9438 1589.0960
-1765.9887 1645.3312
-1518.6129 1684.1187
-1325.6368 1735.5076
-1187.8335 1785.4281
-1053.1794 1826.0063
-901.9130 1877.8090
-706.9728 1972.9976
-529.1920 2128.4397
-364.9927 2309.5479
-215.0923 2526.9858
-73.5232 2802.4736
41.7948 3113.5876
