-2705.0567 -633.9905
-2699.8496 -600.1054
-2708.3910 -517.3269
-2707.9157 -447.7125
-2680.8653 -348.0844
-2624.6377 -265.4818
-2556.4554 -173.4883
-2478.4076 -83.2823
-2429.0890 23.6072
-2375.8842 152.8536
-2360.0832 184.7034
-2334.3746 214.7813
-2281.1798 286.1794
-2181.3287 395.5839
-2128.8768 467.1644
-2082.4270 505.2995
-2041.8127 510.0349
-2004.9153 492.5600
-1979.4244 465.5805
-1956.4287 484.8519
-1984.2191 557.9858
-2022.8881 621.6731
-2035.9685 715.7668
-2050.3388 798.7482
-2061.9745 892.9199
-2067.8725 963.1454
-2054.9066 1029.9760
-2064.5471 1077.9146
-2053.4260 1133.5678
-2051.2729 1190.9126
-2042.1616 1235.4022
-2001.4234 1296.9953
-1976.6552 1326.9680
-1905.1182 1359.8696
-1829.4350 1369.3695
-1758.0984 1357.1520
-1710.4873 1314.9803
-1706.1626 1234.2874
-1746.9131 1160.7845
-1782.5646 1063.5886
-1766.0614 1049.5303
-1736.5533 1056.3221
-1716.2893 1064.5975
-1685.0387 1082.6305
-1663.0484 1102.1063
-1641.1202 1121.6107
-1564.8677 1190.1033
-1507.4345 1261.4780
-1432.6459 1330.5800
-1340.9185 1397.7423
-1290.2661 1436.5570
