109.7035 -1445.1973
-54.7965 -1423.2122
-218.8459 -1388.5767
-382.5679 -1363.5202
-545.6319 -1325.7851
-686.7146 -1298.4891
-827.0079 -1258.8705
-956.4477 -1229.8013
-1084.9524 -1188.5545
-1213.6254 -1157.4166
-1341.1825 -1114.0689
-1479.8162 -1079.8731
-1617.0939 -1033.2486
-1776.2293 -994.2366
-1935.9507 -964.7652
-2095.3081 -933.6343
-2254.2835 -900.8300
-2412.8581 -866.3379
-2571.0125 -830.1427
-2707.5058 -795.8758
-2831.3090 -750.8909
-2928.0068 -674.7364
-2992.2581 -603.8889
-3013.9963 -540.9897
-3056.1741 -473.7544
-3128.8776 -399.7063
-3221.3381 -320.5047
-3322.9561 -238.0138
-3423.3365 -154.4253
-3532.5710 -67.1514
-3640.3674 21.4361
-3756.6748 114.1482
-3871.3132 208.4137
