-739.9651 -482.0671
-832.5060 -454.8574
-914.3659 -427.6883
-995.9535 -400.0378
-1098.7351 -381.5101
-1230.5255 -337.3531
-1342.0130 -304.9891
-1442.8008 -272.7374
-1532.9465 -240.8211
-1654.6580 -215.9084
-1751.6461 -158.9136
-1849.2765 -112.2978
-1966.5428 -62.0193
-2042.6857 -16.6700
-2138.4360 32.3510
-2231.7271 93.3857
-2322.2341 166.4514
-2391.8378 236.7131
-2450.6888 305.6391
-2508.7232 374.9774
-2565.9251 444.7265
-2612.6016 512.8415
-2648.9070 579.1669
-2674.9962 643.5709
-2693.5689 694.7514
-2707.4804 721.4453
-2718.6786 759.3619
-2729.7014 797.3045
-2737.8618 846.4565
-2727.0606 891.1783
-2706.8517 933.6653
-2653.3583 991.8949
-2572.4717 1043.7892
-2458.0547 1076.6684
-2307.7665 1102.7497
-2115.0742 1110.5740
-1897.9202 1105.6548
-1681.3730 1104.8806
-1476.3017 1098.3223
-1305.3564 1122.0331
-1166.7243 1196.5595
-1061.1130 1320.5819
-952.9242 1489.8056
-830.3360 1658.3098
-679.4940 1803.2332
