-3409.3544 746.6018
-3405.4757 867.3157
-3392.3529 912.2519
-3379.1159 957.1544
-3343.0858 1044.0925
-3312.4663 1144.8418
-3277.0615 1195.2254
-3273.6095 1206.3978
-3257.6391 1225.9918
-3271.4193 1181.3072
-3290.7993 1150.5143
-3352.4078 1144.7770
-3405.0146 1136.4850
-3424.6607 1105.7353
-3422.4550 1080.4874
-3414.4011 1041.2068
-3415.4014 1004.7501
-3425.5559 971.0885
-3420.3452 920.5809
-3392.8400 875.7951
-3345.9751 862.1322
-3305.2621 862.5825
-3227.0521 852.6444
-3105.2373 855.5352
-3024.7024 894.1533
-2910.2062 912.3700
-2787.7951 965.0463
-2686.6280 976.1357
-2585.8138 988.0082
-2452.4963 1016.8775
-2308.4003 1056.2814
-2197.6904 1080.3424
-2099.0207 1095.9453
-2000.7636 1112.3273
-1912.0668 1131.0744
-1805.5283 1147.4249
-1699.4659 1164.7162
-1639.3199 1189.7078
-1619.3367 1198.0996
-1612.0675 1185.6278
-1575.7132 1180.2969
-1552.2879 1211.0356
-1532.7122 1276.4395
-1516.6753 1319.6076
-1491.7486 1361.5026
-1450.9015 1389.8203
-1420.8284 1408.3616
-1378.6728 1448.0033
-1359.8291 1513.4698
-1268.1225 1592.0622
-1162.0127 1658.1281
-1040.2595 1723.2907
-921.5337 1778.6646
-794.8441 1845.7475
-620.0172 1910.8777
-381.8222 1976.0746
-82.0754 2057.4820
