191.9040 613.0858
308.8050 548.7243
418.4484 451.7509
512.9072 288.1380
547.2213 178.1091
479.2350 130.9198
390.3902 94.6294
301.0679 58.9501
211.4507 12.7594
111.7444 -110.7474
0.0000 -255.7487
-72.1483 -322.2862
-113.7082 -366.5015
-134.5771 -388.5657
-155.5045 -410.6012
-176.6157 -443.7282
-208.2226 -476.6853
-250.5628 -520.5289
-302.9670 -530.6896
-386.5287 -528.7762
-468.7716 -481.9021
-540.1349 -434.9322
-601.1357 -399.1466
-641.1768 -364.0108
-670.7092 -329.2319
-668.7281 -284.7194
-624.3005 -208.6829
-557.2544 -66.6232
-489.6273 120.1592
-414.3100 284.6085
-331.1967 438.0172
-201.3021 624.3607
-46.9758 845.1775
110.8344 1023.5417
255.7379 1137.1681
402.4448 1342.0270
566.9766 1572.7243
786.4113 1845.0428
996.9186 1999.9347
1224.7218 2152.3202
1522.1463 2324.9267
