-1405.7162 -816.4976
-1385.3795 -694.6184
-1364.8682 -572.7755
-1344.1906 -450.9677
-1313.9976 -341.2841
-1263.3559 -233.4455
-1182.5656 -128.1615
-1072.3397 -24.9909
-963.4731 78.8408
-896.5475 174.8575
-869.8582 273.6928
-853.1258 373.1924
-866.3417 463.5423
-871.9765 519.8547
-869.5046 553.2350
-859.8601 552.5576
-851.8279 529.6350
-832.4993 528.3188
-811.6292 549.2844
-789.3079 592.5290
-775.9235 647.5344
-761.0727 724.7906
-774.5704 803.8825
-796.2395 894.7662
-816.4386 996.8347
-826.7756 1098.2738
-819.3765 1187.2281
-812.8045 1265.0555
