-2755.5783 -543.6344
-2750.1285 -509.7444
-2746.4684 -487.1559
-2740.9377 -453.2804
-2737.2237 -430.7016
-2731.6122 -396.8407
-2717.5016 -376.1943
-2713.7275 -353.6317
-2709.9319 -331.0730
-2692.5869 -229.6073
-2660.6443 -107.6454
-2634.3678 -19.5604
-2595.7923 77.7559
-2538.7505 217.9667
-2481.4998 358.0192
-2414.3803 496.0383
-2318.6074 628.4298
-2161.5381 726.3749
-2001.1548 801.7511
-1870.8204 883.2844
-1742.0935 965.8519
-1609.2748 1025.8876
-1479.5314 1076.0760
-1332.7880 1125.3218
-1161.5745 1162.2305
-953.3927 1220.6027
-738.9655 1282.0562
-530.0556 1303.0825
-359.0269 1307.0567
-233.6723 1292.4292
-125.9798 1279.4875
-9.0093 1267.6277
98.9851 1279.2028
205.7360 1336.3484
310.4136 1416.8229
360.4773 1496.3823
366.4852 1563.4065
363.6737 1630.1151
