-901.7130 -573.7327
-988.4006 -445.2936
-1075.7051 -349.6185
-1151.4813 -254.1208
-1226.0817 -158.1020
-1298.4415 -50.4125
-1357.1111 79.0873
-1404.2002 207.9258
-1438.6787 347.0929
-1463.2902 474.1609
-1479.9210 577.8878
-1487.6989 669.3456
-1486.9778 748.4876
-1470.1168 802.9735
-1435.9713 843.9886
-1392.6410 883.9301
-1341.6373 911.7629
-1262.9421 936.6582
-1175.3484 961.0751
-1080.0846 974.0981
-984.0733 999.0078
-878.3813 1035.0734
-731.7966 1136.2821
-494.7323 1290.2315
-193.9414 1469.6089
154.6751 1691.3878
501.4566 1926.0603
827.0716 2173.6753
