164.0514 -1378.0523
-32.7766 -1356.5493
-218.2779 -1332.9726
-414.2668 -1307.1516
-598.9060 -1279.4701
-793.5258 -1238.1369
-976.5644 -1195.1365
-1169.0390 -1138.1626
-1348.9159 -1068.5314
-1538.2527 -995.7267
-1714.4649 -910.4041
-1876.0818 -801.6664
-2044.7738 -678.2279
-2200.2870 -553.9026
-2353.1127 -427.4029
-2491.0508 -289.2372
-2625.8937 -149.1011
-2747.4178 -9.0174
-2865.7777 132.7928
-2948.7790 280.8150
-3016.3404 438.7843
-3077.8392 608.7923
-3123.1809 788.2404
-3167.7510 956.9581
-3202.8125 1112.2826
-3216.7222 1262.4578
-3199.4882 1440.5180
-3150.7587 1645.9261
