-3463.3599 -240.4914
-3509.8463 -157.0915
-3565.1323 -22.5923
-3602.6675 132.5302
-3609.0622 316.5312
-3621.7056 466.4983
-3635.3194 568.3999
-3647.8146 670.3598
-3656.4415 746.8615
-3655.7895 783.6504
-3658.9024 908.2053
-3658.3850 1007.2084
-3669.6294 1035.7303
-3696.9629 982.5347
-3702.0002 934.4778
-3669.1373 973.4684
-3605.0025 1014.7370
-3530.4487 1089.7865
-3463.5523 1204.2330
-3383.8077 1326.7307
-3307.6993 1437.8846
-3163.1007 1551.6631
-3011.5376 1663.4881
-2877.6241 1756.6865
-2774.8745 1786.9078
-2659.3199 1802.1492
-2515.7910 1822.8719
