-2355.1807 542.6656
-2395.9714 538.9183
-2424.9321 544.5797
-2475.4291 542.9824
-2535.6264 543.5594
-2576.5645 540.3661
-2624.8168 550.5515
-2694.7474 553.9399
-2742.9422 564.6045
-2791.0922 575.4708
-2836.6067 597.7568
-2884.6171 609.0314
-2920.3106 629.4192
-2931.3324 667.7127
-2936.6480 728.4588
-2901.0348 791.0187
-2886.0236 811.0890
-2853.2417 862.4206
-2746.8615 931.3910
-2649.5011 967.3939
-2530.1768 975.4248
-2416.2257 962.2820
-2320.8524 954.0651
-2223.2121 957.7882
-2127.9898 951.1513
-2032.8063 945.3017
-1937.6688 940.2370
-1844.4947 924.8179
-1751.1861 910.1824
-1657.7505 896.3280
-1559.3452 916.6473
-1462.9214 926.6026
-1366.7751 937.3264
-1260.2775 958.9090
-1117.1997 977.6958
