-602.6572 470.3996
-578.8479 558.4609
-554.7091 657.6674
-595.8951 782.3001
-645.1927 907.6425
-704.5164 1000.4683
-790.9764 1084.4742
-838.7173 1065.6026
-835.8571 987.0683
-834.5133 886.2906
-774.5704 803.8825
-691.7756 765.2178
-608.4090 727.1732
-555.7970 635.4236
-462.7007 564.6828
-300.5762 492.8844
-145.4515 490.1072
-9.6879 500.3816
145.1778 512.3467
328.7254 526.9820
510.8706 566.5921
670.6751 641.2408
807.7543 739.0453
888.6102 800.7836
980.9060 830.5601
1066.6413 826.8649
1153.6650 812.6615
1270.5495 790.9730
1383.7911 803.7754
1495.3744 828.8225
1597.1813 853.6928
1689.2662 878.1328
1809.0535 907.7332
2024.3588 989.8596
2268.6711 1106.2894
2505.2228 1240.0983
2803.7365 1410.2367
3071.5393 1596.5391
3332.8680 1781.0484
