-1713.8267 904.5470
-1690.1697 809.9462
-1664.0033 726.5900
-1653.0504 668.2399
-1657.8351 634.8083
-1689.7865 616.4824
-1742.6852 589.7985
-1789.5029 539.5833
-1828.5516 476.8809
-1854.6846 435.0990
-1877.5379 415.6597
-1887.2940 417.1135
-1893.6393 440.9020
-1880.4950 461.7634
-1865.6621 493.7879
-1847.4145 548.1252
-1844.8588 627.6548
-1841.9791 707.1674
-1818.0644 794.8672
-1773.5082 890.7743
-1707.0028 1006.1352
-1595.3766 1114.8889
-1519.4430 1183.6536
-1454.9875 1242.8794
-1401.7292 1292.4373
-1287.5945 1391.0103
-1088.0863 1548.3609
-832.3850 1725.7054
-634.0614 1945.3398
-528.4011 2139.5518
-419.1544 2334.3336
-310.3202 2463.2666
-184.6825 2515.1096
-15.1574 2613.0989
139.4303 2814.5252
254.2401 3040.1703
312.4133 3254.1657
345.9709 3456.4852
367.2841 3602.7028
366.4320 3691.9095
322.6982 3778.5599
234.5034 3829.9693
177.5950 3894.6736
193.7831 3928.6117
224.3237 3907.5053
255.8425 3875.4555
299.7904 3844.2029
