1928.6011 -999.6805
1786.9576 -993.0700
1646.4803 -996.4864
1548.9821 -994.7160
1439.9753 -982.1570
1299.0141 -971.5083
1169.0022 -958.9270
1039.8480 -956.4982
920.9418 -941.3161
813.4504 -935.8988
673.9790 -931.1481
523.9416 -925.5591
363.1385 -907.7115
213.4908 -899.2646
74.6776 -889.3871
-64.0095 -889.4332
-202.5674 -877.1617
-351.5931 -863.4585
-500.4056 -848.3582
-595.8193 -833.9368
-680.4660 -819.3918
-786.2208 -803.3435
-881.2007 -787.1678
-974.7826 -748.1197
-1089.0619 -706.9992
-1191.4949 -654.6352
-1294.1421 -612.6585
-1385.8129 -570.8772
-1478.0284 -539.6365
-1569.9181 -507.7761
-1670.7261 -462.9496
-1729.4935 -422.2581
-1787.9323 -381.2744
-1834.3981 -330.1146
-1892.1350 -288.5871
-1949.5268 -246.7642
-2005.0703 -193.4474
-2060.1340 -139.8278
-2111.4437 -63.5025
-2183.8342 5.1386
-2253.5610 85.5237
-2330.2613 179.4070
-2405.5365 273.9753
-2501.1025 361.8444
-2589.9544 426.2992
-2699.6260 484.5603
-2820.5269 534.9981
-2911.7562 579.9280
-2992.8106 623.3243
-3073.3381 667.4012
-3153.3280 712.1615
-3245.5834 785.2774
-3336.3017 895.8213
-3367.1148 929.1948
-3417.8251 1029.9946
-3467.1680 1193.0451
-3485.8688 1347.7185
-3457.6032 1487.4233
-3406.4110 1631.8979
-3336.9341 1769.9869
-3254.2789 1915.7813
-3130.0919 2046.8247
-2958.4721 2161.5915
-2689.7507 2233.8422
-2346.0596 2265.9248
-1969.6319 2265.8577
-1563.3350 2286.4713
-1155.7204 2324.0897
-730.0406 2400.2847
-308.2622 2507.7292
98.3494 2624.8159
452.2685 2759.8816
742.8629 2883.6894
988.1655 3002.9930
1198.2949 3115.0967
1381.1094 3253.0067
1534.4784 3414.9935
1660.2412 3588.4773
1753.8880 3782.7065
1818.5660 3985.3025
1844.2901 4215.9605
