572.8992 -478.2674
509.7074 -458.2858
436.2947 -438.3568
352.4511 -407.2051
289.8442 -386.3199
237.7458 -365.0099
206.5869 -354.3612
175.4719 -343.6471
144.5074 -343.9874
123.8640 -344.1778
92.8303 -333.2886
51.4965 -311.2546
-20.5064 -244.6145
-101.7456 -133.0645
-191.6256 -9.7783
-269.8372 113.9161
-346.4915 238.1009
-421.1436 373.9008
-502.6729 532.8297
-551.4168 724.3974
-561.1156 903.2309
-534.3102 1058.0170
-453.9848 1199.2853
-357.7495 1340.4136
-202.5042 1480.8986
-34.6894 1612.3891
145.3087 1735.7326
337.2204 1851.8517
586.5565 1908.7138
918.0844 1957.9880
1330.5922 2019.8988
1863.4680 2114.4644
2268.0734 2209.4301
2508.0848 2275.8169
2662.8809 2334.9914
2776.8767 2384.1699
2831.6680 2402.6271
2855.1037 2410.6580
2862.9093 2413.3511
2855.1037 2410.6580
2807.6923 2419.1590
2756.2972 2438.7983
2712.8928 2461.2183
2696.9468 2480.4902
2681.0212 2499.7663
2672.7972 2521.5848
2660.4101 2554.2950
2655.5630 2589.5216
2672.2532 2656.7148
2629.1931 2765.3085
