-2428.5113 -161.4034
-2501.7077 -160.1464
-2593.3978 -143.5258
-2636.0789 -147.1931
-2676.9068 -81.2355
-2696.9776 -19.0409
-2716.6520 43.2286
-2741.5245 130.1185
-2765.6221 217.1325
-2740.2205 340.7537
-2658.1506 440.5145
-2620.0320 572.9559
-2593.3259 696.0965
-2556.5417 817.0291
-2525.1901 868.7784
-2498.9279 898.1985
-2467.7030 949.9539
-2436.5381 1001.7073
-2384.5038 1060.6474
-2346.9107 1099.3360
-2321.0975 1128.8688
-2306.9679 1149.2097
-2295.3551 1158.4227
-2272.1712 1176.8690
-2256.4411 1161.9555
-2268.0143 1152.7120
-2300.3349 1136.1567
-2362.7097 1114.3845
-2447.6223 1121.2381
-2475.0498 1127.3801
-2490.6521 1142.6550
-2503.4950 1169.0989
