-2389.1062 -766.5636
-2473.8261 -753.4525
-2558.4804 -739.8632
-2632.4971 -727.5787
-2695.8972 -716.7554
-2766.3501 -681.1665
-2832.9213 -622.5378
-2926.5192 -534.7831
-3052.1846 -392.2669
-3187.3414 -256.9929
-3314.1642 -144.7646
-3403.3817 -63.5102
-3443.6734 -5.5015
-3463.3927 47.5865
-3472.7770 98.1587
-3481.9051 148.7566
-3500.7009 202.0170
-3509.2706 252.6848
-3524.5300 317.3970
-3529.5382 379.4501
-3524.4400 438.7750
-3522.1043 486.7611
-3519.5771 534.7315
-3513.7447 593.9788
-3498.0739 650.4151
-3491.7355 709.5804
-3481.8699 779.9708
-3461.6778 884.0363
-3433.8987 1010.3856
-3397.9876 1158.8682
-3364.1965 1295.8221
-3315.0892 1415.6167
-3239.0903 1526.6774
-3166.9058 1626.5193
-3103.4162 1729.0279
-3072.0876 1792.6536
-3048.3231 1834.1253
-3036.7901 1867.2506
-3025.1941 1900.3551
-3009.6345 1944.4620
-2998.2907 2002.2585
-2982.6481 2070.9923
-2974.7154 2142.3674
