2266.1971 -1413.3229
2101.8253 -1433.5841
1958.2878 -1438.6413
1814.7879 -1442.5567
1671.3332 -1445.3322
1538.1378 -1434.8356
1378.2942 -1346.9069
1230.4660 -1257.0755
1093.9722 -1154.4037
993.2316 -1093.5652
829.9926 -1068.9996
656.4750 -1043.3265
504.6718 -1004.1181
353.5271 -963.5613
213.7516 -921.5059
85.1345 -844.8553
-31.7642 -756.0944
-147.3614 -655.3461
-261.5427 -553.7141
-373.9805 -440.0614
-474.3877 -325.8344
-574.0280 -233.0901
-683.0311 -150.2121
-812.2402 -87.4911
-890.5220 -37.9753
-956.5952 33.5926
-1013.5614 82.5195
-1028.4179 150.8561
-1033.9692 207.3053
-1036.6492 297.1614
-991.0381 371.9832
-947.5533 424.6470
-886.5966 453.7742
-824.3849 505.4197
-732.3326 577.8158
-590.0030 715.0957
-374.9532 873.3945
-138.0861 1057.2079
90.0923 1268.0036
344.6053 1451.3016
516.6889 1681.5221
665.4749 1969.9030
795.5381 2238.0374
