-2552.0947 -694.7424
-2533.4857 -640.0961
-2520.3344 -549.9350
-2517.2657 -458.0689
-2515.5153 -377.4853
-2513.4142 -296.9192
-2519.3441 -203.3135
-2518.3247 -134.0193
-2515.4477 4.5310
-2516.8278 225.3647
-2531.4372 414.4259
-2620.0320 572.9559
-2628.9075 715.6066
-2626.6525 856.1250
-2621.4463 878.4726
-2601.6667 1003.4266
-2575.4681 1150.5214
-2537.0294 1412.8990
-2460.0769 1630.4903
-2388.7252 1790.1540
-2202.1737 1980.3446
-2075.3420 2126.4264
-1965.2820 2218.1222
-1713.7733 2246.0308
-1409.0795 2316.8561
