-2727.8810 631.8528
-2706.6098 591.8060
-2685.1031 551.8312
-2660.9674 523.1381
-2656.0648 498.6442
-2689.9245 482.4634
-2740.8522 481.8094
-2801.5247 483.5246
-2862.2374 485.5206
-2913.2900 485.5264
-2966.9927 474.4848
-3018.1633 474.8737
-3069.3717 475.4569
-3086.0751 491.5006
-3093.0448 505.1617
-3099.9876 518.8311
-3104.1415 543.7585
-3115.0606 582.3829
-3132.5328 634.7497
-3149.6544 687.1809
-3156.9347 737.1461
-3132.6238 790.7555
-3077.0723 848.0300
-3024.7024 894.1533
-3009.4112 914.0921
-2923.5291 975.4403
-2774.2400 1056.6730
-2562.7025 1123.9559
-2263.0766 1174.9733
-1922.3676 1224.8677
-1686.1683 1242.5526
-1545.2513 1255.5052
-1417.2285 1249.1631
-1316.3630 1247.6279
-1180.8301 1231.8816
-999.7950 1213.5801
-854.7361 1201.1484
-727.6669 1191.8774
-638.2826 1163.9335
-557.5602 1137.2115
-486.1248 1100.3858
-414.1643 1064.0471
