-2355.3330 -840.4874
-2364.5407 -827.6512
-2384.3521 -813.2128
-2404.1278 -798.7403
-2464.7615 -766.3877
-2546.3203 -730.3081
-2650.3268 -701.4145
-2773.3928 -656.6631
-2883.5808 -601.4131
-2982.6339 -547.2131
-3066.5817 -471.6180
-3149.5928 -395.2853
-3213.2479 -334.1419
-3247.7339 -290.8898
-3271.6930 -249.8355
-3280.5123 -188.3609
-3283.6083 -151.9407
-3274.0280 -106.5636
-3274.7296 -11.0728
-3332.1935 110.5012
-3408.5797 189.9057
-3485.2032 222.0593
-3521.9942 244.0120
-3550.0087 300.1294
-3564.8243 364.9776
-3624.2400 418.3698
-3731.3982 449.6977
-3773.4770 449.9918
-3844.7577 459.3293
-3971.4215 424.3854
-4101.7688 416.2266
-4215.1695 466.3371
