-2085.6784 -1378.6492
-2105.4241 -1353.5452
-2155.6171 -1301.8748
-2196.9181 -1273.8846
-2238.0961 -1245.7610
-2286.3385 -1182.2556
-2334.1473 -1118.5159
-2381.5129 -1054.5410
-2428.4257 -990.3306
-2414.2967 -877.6066
-2382.8989 -801.9508
-2331.7778 -740.7550
-2294.2635 -700.4572
-2219.4993 -619.7744
-2143.1563 -607.7942
-2128.4504 -575.5904
-2100.4713 -522.4121
-2102.2975 -453.6448
-2158.6974 -479.8599
-2213.7571 -494.6930
-2288.2372 -494.9544
-2378.7574 -457.8169
-2451.7189 -376.7537
-2471.8200 -234.7802
-2465.5820 -131.8310
-2444.8940 -8.2721
-2425.5708 103.9629
-2401.7355 238.5285
-2359.1019 415.9220
-2298.4158 578.2643
-2205.9015 699.8502
-2116.3502 810.4842
-2034.9072 934.1603
-1981.0226 1016.6894
-1920.3915 1086.5637
-1816.5999 1240.9413
-1690.5984 1323.2106
-1523.8052 1388.8641
-1382.0050 1425.7848
