2150.0307 -937.8705
1920.7033 -921.1775
1692.0873 -901.4675
1497.1230 -886.9531
1313.3100 -869.3238
1140.6428 -848.9335
967.8720 -815.6236
817.5528 -790.5934
614.7528 -766.3553
412.6249 -739.5666
221.9116 -721.1887
52.7687 -700.4394
-94.7959 -666.8794
-252.2759 -631.7376
-409.0932 -594.9639
-542.4213 -501.6856
-663.7603 -407.6020
-783.5385 -312.4149
-901.6960 -216.1126
-1015.7804 -85.2727
-1117.3692 45.8856
-1176.8189 174.4164
-1217.0676 279.1976
-1266.0900 385.1486
-1305.4190 479.2278
-1335.4603 561.3135
-1366.1500 632.3850
-1418.0815 683.5461
-1461.4282 722.6839
-1505.9338 750.8818
-1559.6602 780.5232
-1603.6763 809.1519
-1608.2068 843.8535
-1599.9784 899.5220
-1599.2760 967.6125
-1581.5693 1021.9492
-1563.8751 1076.2805
-1544.4862 1141.7283
-1528.5304 1184.9280
-1514.3170 1217.0098
-1447.1384 1355.2517
-1431.7187 1512.0079
-1441.1698 1672.4290
-1482.4284 1838.0625
-1611.0961 2019.5877
-1750.3593 2160.8657
-1825.5644 2268.9984
-1866.4070 2370.9559
-1817.0669 2464.8627
