-1810.2702 -1386.4863
-1916.7162 -1341.2072
-2032.5566 -1282.6466
-2146.5931 -1211.8803
-2250.1897 -1152.8262
-2331.5778 -1095.9806
-2412.4407 -1038.5930
-2492.7655 -980.6591
-2561.8517 -923.8696
-2631.9990 -877.9473
-2701.7694 -831.6057
-2769.4718 -773.5277
-2824.3319 -705.6099
-2866.2556 -627.9979
-2882.8282 -531.5137
-2894.7468 -412.3377
-2901.5179 -270.5168
-2906.8857 -128.6970
-2910.8240 13.1093
-2913.3066 154.8889
-2914.3071 296.6282
-2923.5365 440.5734
-2944.8595 611.6048
-2960.4913 793.9568
-2964.2167 818.7518
-2997.6846 994.8732
-3035.9766 1209.8172
-3047.3906 1430.9694
-3037.3767 1671.4580
-3013.5349 1933.4387
