-2246.1045 591.6813
-2331.5851 561.3581
-2413.0698 553.8725
-2473.1683 554.1745
-2530.9985 565.9513
-2588.7691 578.0159
-2653.6470 603.6576
-2699.1383 625.4193
-2744.4846 647.3869
-2789.6842 669.5611
-2834.7356 691.9422
-2879.6372 714.5307
-2940.5701 753.2298
-3001.1071 792.3389
-3070.6471 834.3353
-3130.3391 874.3261
-3180.2829 912.1352
-3229.8767 950.2477
-3254.5409 969.4178
-3269.8487 985.9756
-3278.5159 1024.9734
-3265.2655 1069.7622
-3251.9036 1114.5182
-3238.4305 1159.2413
-3221.4325 1215.0983
-3200.8055 1282.0579
-3183.4251 1337.7996
-3148.0940 1388.0897
-3100.4408 1446.8126
-3045.8503 1527.7510
-2979.1079 1617.1204
