-1867.7806 414.2137
-1850.8477 525.8125
-1833.5267 637.3528
-1815.8175 748.8340
-1778.9542 857.3610
-1753.2166 956.1481
-1672.0826 1046.4772
-1567.9156 1110.9493
-1451.5484 1140.3771
-1366.2163 1084.1937
-1277.1444 1051.0259
-1184.9912 1040.8752
-1068.4359 1085.3167
-980.5500 1223.0369
-950.1045 1253.9557
-919.8220 1284.9425
-883.8453 1281.8970
-847.8572 1278.9739
-748.8349 1271.5660
-645.9346 1320.6721
-596.1196 1395.8552
-525.6489 1380.9101
-454.4297 1377.5693
-365.3722 1374.0775
-248.3461 1415.1504
-105.7913 1468.3207
34.7788 1590.1501
171.1768 1725.0319
432.8169 1956.0453
678.4221 2194.5238
930.3062 2499.0812
