698.7144 -1331.4519
501.4622 -1304.8470
283.0048 -1276.4197
54.3968 -1267.5379
-174.0674 -1266.7432
-402.2884 -1251.7893
-618.6638 -1211.9210
-831.4185 -1102.4116
-1040.4677 -967.6448
-1229.5426 -898.3980
-1385.3260 -829.5319
-1554.4019 -802.6085
-1723.0967 -773.8033
-1831.3374 -784.2393
-1936.1365 -760.3514
-2038.1343 -713.2710
-2138.2159 -654.1668
-2224.1555 -573.3104
-2298.6590 -493.3574
-2370.5814 -401.5998
-2443.0977 -320.5162
-2514.6256 -238.8681
-2625.8937 -149.1011
-2727.5743 -71.3559
-2817.9713 5.3474
-2879.4503 65.1922
-2944.9624 102.9184
-3017.6864 154.6015
-3082.2829 240.6826
-3072.1308 285.7884
-3064.4512 319.6023
-3051.5270 375.9294
-3018.9568 427.5325
-2922.9889 487.7981
-2830.1850 537.2092
-2745.0427 600.3933
-2521.8247 704.2123
-2412.6431 751.5750
-2294.8327 797.8028
-2004.8821 940.3579
-1760.3578 1082.9131
-1496.7006 1271.3275
-1327.2448 1429.9330
-1175.1583 1625.8347
