1141.0025 -1218.4649
985.7690 -1161.0735
895.6418 -1087.9221
774.7859 -1038.1999
697.4491 -985.9015
577.7355 -934.8670
491.2743 -904.3152
425.8944 -850.5213
328.8385 -786.0580
232.1749 -698.7932
178.3388 -599.4106
125.1112 -499.8552
93.3038 -411.1264
82.4551 -322.2313
61.6117 -266.7359
40.9193 -211.2117
30.5477 -144.5204
20.3014 -100.0608
0.0000 -22.2390
-20.0562 66.7320
-29.8315 177.9458
-39.3600 311.4063
-19.4665 444.7954
76.8390 600.6954
161.3546 734.9826
280.9440 881.8571
432.5615 1064.7464
576.9567 1272.0643
676.5833 1512.4868
757.9704 1876.3027
924.9803 2363.4057
1121.3805 2795.3576
1350.4125 3085.5233
1642.3307 3453.6654
