-787.0128 -591.2704
-890.6335 -563.2145
-971.0115 -502.3599
-1050.7304 -441.0061
-1129.7738 -379.1499
-1218.4280 -315.9249
-1287.6806 -276.2200
-1378.0782 -245.3239
-1467.0231 -202.6446
-1548.7888 -193.9454
-1650.9248 -182.3949
-1744.0939 -182.5316
-1825.7414 -172.2098
-1907.3290 -161.4029
-1999.0398 -148.6637
-2141.5330 -127.6184
-2253.3394 -110.0286
-2344.7114 -94.9436
-2435.9834 -79.2318
-2517.0266 -64.7375
-2634.3678 -19.5604
-2704.4788 52.4705
-2761.4819 134.2385
-2780.0978 196.7331
-2808.1781 261.4260
-2821.1082 346.5674
-2835.8351 420.5200
-2835.6330 467.6446
-2835.2623 514.7620
-2815.4448 557.4387
-2773.8484 606.9186
-2707.4804 721.4453
-2591.6539 836.5117
-2553.3029 874.9536
-2470.2188 938.7959
-2357.5433 1008.2485
-2238.7801 1111.8103
-2149.0966 1175.1024
-2021.8122 1243.1041
-1887.0575 1310.5907
-1635.3930 1428.6410
-1306.1708 1574.3295
-988.8878 1717.9280
-681.3942 1881.6216
-368.1356 2086.8974
-79.9975 2246.5106
195.8976 2392.9899
