-2129.3914 -1259.5806
-2162.0105 -1255.5094
-2194.6231 -1251.3742
-2238.0961 -1245.7610
-2279.1494 -1217.5034
-2318.8333 -1177.8426
-2355.7417 -1115.4950
-2392.2749 -1052.9910
-2428.4257 -990.3306
-2453.4964 -929.1366
-2467.5876 -869.4965
-2470.8013 -811.4759
-2484.4115 -751.7801
-2520.4407 -699.9106
-2557.7813 -659.1685
-2603.7092 -605.2169
-2638.7808 -552.8648
-2650.8924 -492.7867
-2654.1446 -445.8166
-2665.7690 -385.6917
-2675.2171 -314.2615
-2692.5869 -229.6073
-2717.5104 -131.6477
-2729.3485 -24.3095
-2735.9249 105.5716
-2726.8205 255.8569
-2701.8278 426.3746
-2689.8431 576.3551
-2678.9664 714.9992
-2678.8350 844.4993
-2702.9536 909.1149
-2710.6846 958.2194
-2759.2847 1076.7043
-2793.6172 1168.6386
-2790.6865 1215.5599
-2790.6237 1251.3276
-2781.4501 1284.7333
-2763.2608 1315.7764
-2697.4713 1310.6968
-2619.5913 1279.3187
-2544.1438 1237.4662
-2488.9879 1189.2823
-2461.7333 1183.0665
-2438.2312 1201.2286
-2412.1242 1230.5461
-2386.0876 1259.8846
-2369.1089 1291.2443
-2352.1443 1322.6014
-2337.8642 1342.8419
-2323.6040 1363.0860
-2309.3638 1383.3339
