3870.6792 -730.2347
3773.2500 -741.9436
3677.9831 -764.5345
3571.9876 -788.8882
3455.2249 -814.7753
3336.3446 -828.3073
3228.0837 -838.8024
3121.6492 -859.9481
3006.1747 -893.6897
2879.7159 -928.3840
2763.6421 -960.1491
2670.2566 -998.8107
2564.3446 -1027.1970
2467.5842 -1041.9364
2358.6623 -1046.3503
2237.7519 -1040.2696
2106.2519 -1034.7452
1965.3004 -1040.7443
1814.6614 -1057.9455
1654.0532 -1086.0100
1503.9146 -1111.4787
1341.9355 -1125.2359
1169.0390 -1138.1626
1006.8514 -1148.6492
800.8525 -1148.5365
562.5380 -1147.0374
