-1676.4302 -134.0959
-1786.9261 -109.0638
-1856.5665 -88.5828
-1937.6737 -77.4930
-2017.1452 -54.7217
-2086.3118 -32.9858
-2116.6126 -28.3517
-2146.9030 -23.6484
-2167.0909 -20.4743
-2183.8342 5.1386
-2175.1577 61.1462
-2146.3884 113.9135
-2122.9234 133.1073
-2097.7676 163.5131
-2074.4036 182.7503
-2026.1025 232.4755
-1881.0475 324.8933
-1711.9857 460.3831
-1555.4007 598.5787
-1400.2326 749.2301
-1258.8840 891.1271
-1138.8807 1036.0886
-1022.5503 1170.7984
-855.8542 1290.8104
-735.4940 1326.5263
-646.6986 1309.5543
-540.9328 1270.1792
-452.4189 1232.6426
-417.6870 1197.8260
-373.5836 1162.8152
-329.1547 1127.9940
-274.6176 1115.3699
-210.0774 1136.1993
-145.4841 1179.6402
-72.5775 1201.1499
0.0000 1223.1459
90.1977 1256.8841
197.9605 1280.5809
313.7926 1316.7519
438.1952 1343.4546
623.5290 1386.2986
