1944.4572 -1678.0927
1800.3742 -1692.6161
1645.1132 -1706.9801
1489.7627 -1720.0264
1334.3316 -1731.7610
1189.9382 -1741.4872
1034.3764 -1750.7059
878.3708 -1747.4834
722.4554 -1742.9812
577.7468 -1736.8585
422.0350 -1729.8839
266.4393 -1721.6235
110.9687 -1712.0740
-44.3270 -1678.9927
-199.0998 -1633.4894
-352.9387 -1564.4202
-505.8423 -1493.9992
-647.1362 -1433.7368
-798.9877 -1382.9167
-950.1319 -1330.7019
-1089.6579 -1277.7662
-1195.9113 -1225.9057
-1301.6109 -1173.2942
-1406.7409 -1119.9237
-1522.0538 -1064.8021
-1635.7500 -997.5607
-1737.8982 -930.5115
-1841.4698 -885.0632
-1945.7256 -850.0468
-2057.7057 -790.4368
-2167.5547 -718.6173
-2249.5340 -603.9363
-2305.9457 -469.2761
-2353.6258 -358.3088
-2398.3171 -235.7778
-2453.5598 -122.3826
-2507.3275 -8.5552
-2555.7014 70.0926
-2607.4524 126.5841
-2658.6565 183.3856
-2709.3045 240.4969
-2779.0850 302.1419
-2877.4863 370.9332
-3014.4051 402.6948
-3131.4724 431.1875
-3244.1261 435.7888
-3347.1722 438.7431
-3450.3469 442.4805
-3556.6618 435.6838
-3656.5644 415.4743
-3769.7194 387.3725
-3896.3420 351.5392
-4033.4255 319.5585
