359.2674 -718.6275
232.1749 -698.7932
105.3983 -677.9309
-21.0379 -644.9171
-178.4593 -610.5308
-324.5270 -563.6200
-469.0999 -493.0262
-602.4272 -432.5270
-732.5725 -326.2410
-851.1683 -230.3976
-968.0986 -133.4328
-1100.8527 -0.3119
-1212.7573 110.2585
-1329.0091 256.4135
-1405.4739 377.2517
-1464.6354 463.0176
-1528.0272 583.7975
-1556.3892 734.7280
-1554.8331 881.9875
-1487.5482 1020.4525
-1382.9936 1165.4686
-1290.8251 1301.0075
-1197.3818 1459.2147
-1003.9926 1663.2661
-684.2229 1848.2875
-222.5535 2026.4737
162.9332 2114.1955
428.3631 2178.7379
