-217.1105 -1221.7646
-303.6142 -1198.1945
-389.9171 -1174.1757
-476.2819 -1160.8312
-594.6463 -1134.7931
-680.7175 -1120.3774
-777.0222 -1093.8747
-873.5773 -1077.9283
-969.4330 -1050.2607
-1076.3977 -1032.4537
-1172.4538 -1014.6979
-1257.6274 -997.1834
-1342.6663 -979.2033
-1458.8271 -946.7333
-1554.1892 -926.6122
-1659.0600 -893.6100
-1762.5138 -848.6550
-1845.3717 -816.6118
-1938.5564 -782.7725
-2019.5627 -738.4549
-2121.2456 -690.7505
-2211.8646 -643.7612
-2289.9945 -586.4515
-2367.5279 -528.6002
-2444.4514 -470.2041
-2517.2656 -388.7428
-2589.0978 -306.7114
-2668.2173 -210.9278
-2748.0240 -125.6890
-2826.6455 -39.7331
-2894.0068 44.7904
-2962.6084 118.6065
-3022.8787 226.8131
-3052.0535 328.5311
-3055.2766 448.1940
-3038.0390 563.0428
-3014.3709 700.2062
-2973.6331 821.1464
-2952.7166 863.5519
-2866.1784 1080.0068
-2745.0784 1346.8133
