-107.3277 -1000.4044
-246.4065 -965.5340
-384.7305 -918.3394
-511.6837 -870.2723
-637.9582 -821.1574
-741.8647 -760.8666
-844.4721 -688.6879
-946.7836 -626.8815
-1049.0130 -575.4519
-1130.4828 -535.9871
-1212.3910 -507.1820
-1273.1976 -479.6823
-1301.6979 -443.5183
-1308.3748 -397.9823
-1303.6775 -342.2124
-1310.1627 -296.6702
-1316.5441 -251.1200
-1344.2859 -214.7942
-1382.0628 -177.3988
-1430.8926 -149.9957
-1479.5334 -122.3954
-1538.1293 -93.4786
-1607.8741 -74.2702
-1677.4606 -54.6834
-1756.9886 -33.4296
-1836.3217 -11.6793
-1915.4558 10.5695
-1994.3869 33.3186
-2074.7755 45.3778
-2153.3590 69.1286
-2229.9192 104.5881
-2294.2561 150.0466
-2304.2206 151.7715
-2350.1439 182.9301
-2407.7605 204.8992
-2455.3113 225.2979
-2504.8295 234.6830
-2552.1718 255.4867
-2607.0479 289.7001
-2659.3631 335.4389
-2711.2504 381.4821
-2772.4493 429.9709
-2864.7681 474.2895
-2959.1427 508.2046
-3055.8578 531.7027
-3152.3748 556.0196
-3236.1648 589.8679
-3319.6055 624.3994
-3393.1334 656.9226
-3472.7073 704.0273
-3570.6580 757.5420
-3636.8891 777.7889
-3696.1055 821.0202
-3822.5589 911.8882
-3947.0488 1004.7459
-4048.3172 1130.0430
-4142.2615 1268.2740
-4210.3931 1412.1008
-4257.4649 1549.5463
