1800.0267 -1263.1617
1657.7095 -1266.1668
1526.3266 -1267.0522
1384.1289 -1267.8316
1250.8670 -1233.1795
1109.6418 -1242.9171
978.6951 -1239.7173
847.8405 -1235.5317
717.0846 -1230.3599
586.1138 -1213.0720
455.3954 -1194.8030
314.1083 -1175.7531
173.1136 -1155.5401
43.2059 -1123.0146
-86.2637 -1089.4884
-215.1565 -1043.8331
-343.0206 -974.9127
-459.8019 -927.5092
-565.3138 -879.6082
-670.6778 -842.1043
-775.6039 -803.8675
-880.0813 -764.8924
-973.5297 -725.8367
-1056.7003 -698.0397
-1160.6802 -668.1949
-1285.3493 -635.8568
-1420.0811 -601.4675
-1564.7943 -564.7293
-1708.9557 -526.5078
-1851.2728 -475.5973
-1982.3956 -424.5540
-2112.7434 -372.1771
-2240.6858 -307.2313
-2353.8703 -220.1407
-2443.3924 -124.1634
-2491.0186 -34.7013
-2507.5443 49.4603
-2503.5001 129.9207
-2501.1583 199.1349
-2482.9487 242.1211
-2466.8158 273.8826
-2450.6888 305.6391
-2434.5682 337.3907
-2396.7736 376.6358
-2339.5860 412.2937
-2261.1571 455.7727
-2227.9689 472.9093
-2192.8656 501.2843
-2144.2558 550.3739
-2095.8821 599.5520
-2049.6986 637.6603
-2005.6489 664.7140
-1963.6605 680.7246
-1931.3087 698.3857
-1899.0428 716.1110
-1866.8638 733.9006
-1821.6878 772.5801
-1763.7559 832.2204
-1693.3880 912.9104
-1603.4597 1002.3117
-1503.7981 1102.0289
-1385.8402 1211.1019
-1241.5623 1328.9889
-1068.7906 1411.3104
-887.9712 1427.9110
-701.8649 1413.6260
-508.4583 1368.9111
-313.7926 1316.7519
-107.7293 1301.5290
98.5183 1323.6807
311.5465 1383.4661
530.0067 1459.1859
722.2326 1493.2719
927.6821 1476.2637
1126.7571 1451.2314
1328.8443 1418.8228
1529.0520 1412.3873
1727.9810 1420.8298
1933.6929 1445.8247
2147.8415 1476.8355
2370.2224 1514.4713
