-2073.8339 251.4242
-2075.5960 240.2412
-2073.8339 251.4242
-2072.0675 262.6066
-2058.6606 283.3983
-2039.9480 337.7244
-2011.4415 390.4832
-1973.2702 441.7146
-1907.9108 477.3388
-1833.2040 511.7791
-1739.5905 543.8303
-1646.4919 576.4769
-1571.6078 623.3286
-1522.9034 696.4050
-1491.9792 783.0860
-1469.0123 882.0837
-1438.2112 968.7459
-1378.4012 1063.0830
-1281.3393 1164.3594
-1139.3895 1272.4430
-973.4942 1379.4927
-808.0919 1522.1051
-637.1020 1800.3116
-487.5121 2014.5296
-358.1884 2286.9813
-269.7482 2506.3604
-201.0242 2726.9012
