1500.7331 -931.6551
1392.9448 -930.0350
1285.2301 -927.7138
1177.5932 -924.6919
1069.3912 -909.8212
972.0713 -893.6192
874.9493 -876.8585
777.5477 -848.4030
691.0923 -818.9325
593.1838 -756.0420
494.9700 -659.2292
397.5205 -550.7502
311.6600 -441.5035
247.3551 -320.3552
184.1320 -210.0772
131.9569 -99.4500
80.5554 11.3575
30.0593 77.8701
-19.9725 122.3295
-59.8159 144.6881
-99.5227 167.1665
-119.3245 178.4508
-129.1569 189.6640
-138.9718 200.8848
-148.6402 223.2330
-177.8998 256.9637
-216.6628 302.0441
-255.1362 347.2463
-293.3156 392.5706
-340.9353 438.2773
-397.8788 484.4808
-463.5850 542.4399
-527.5828 623.0183
-568.6961 758.6569
-567.4384 959.2934
-564.1302 1182.1560
-549.6744 1426.7591
-484.7998 1635.3024
-379.3476 1853.4494
-237.6400 2071.3648
-79.2492 2313.2265
76.4391 2557.8505
