-2247.4481 245.7106
-2257.3389 247.4183
-2267.2283 249.1339
-2277.1164 250.8572
-2292.9934 276.7237
-2316.6317 315.5858
-2335.9780 376.9127
-2352.8249 449.4980
-2380.9880 512.8093
-2418.2583 578.1419
-2464.4634 645.6208
-2502.7877 700.2108
-2547.6106 768.2190
-2591.6539 836.5117
-2621.4463 878.4726
-2637.5413 893.9146
-2688.2159 929.2642
-2747.8440 967.1540
-2819.1942 996.5863
-2899.4727 1028.9303
-2982.4508 1050.7690
-3065.2457 1073.2762
-3098.2826 1130.7701
-3099.3511 1227.8623
-3067.9679 1364.2091
-3021.2943 1544.6936
