-1608.3455 1150.9212
-1543.8167 1084.8328
-1492.3187 987.0730
-1470.5270 870.9530
-1447.6124 754.9266
-1442.7445 641.2669
-1466.1814 531.0144
-1507.6270 434.1898
-1559.1154 338.5755
-1620.8573 244.2487
-1691.6370 162.4689
-1808.5953 121.0604
-1810.1920 257.8101
-1696.4776 356.0432
-1534.0464 460.0168
-1393.2693 567.7356
-1261.6921 699.9033
-1167.8082 769.0829
-1038.4048 824.3195
-912.2082 858.5807
-779.1624 871.2445
-655.2216 897.0496
-514.3916 901.0465
-420.9164 897.2484
-336.7627 894.4803
-262.2180 881.4168
-215.6257 869.3292
-169.1068 846.3119
-122.3882 823.4846
-75.4719 800.8473
-28.4466 745.0411
0.0000 700.5290
38.2325 656.1115
67.1690 611.7583
96.2341 578.5924
125.4636 545.4942
173.8815 534.9600
212.5182 535.5642
260.5625 547.6097
307.9181 582.0853
363.1507 661.5173
408.4699 729.7749
498.8121 833.5027
605.9019 938.9679
721.4619 1023.8809
843.2296 1121.8990
955.5740 1198.3663
1135.6043 1227.0180
1278.4598 1186.5974
1422.5771 1147.9074
1522.1233 1104.5387
1571.3500 1088.7023
1600.6151 1081.5173
1639.1153 1075.7536
1668.4800 1068.7305
1604.7726 1173.1632
1541.7120 1277.7369
1523.8052 1388.8641
1496.2864 1555.4563
1510.7585 1728.4928
1595.2656 1970.9532
1698.0894 2277.5724
1823.0614 2594.5038
2017.3595 2878.7477
2173.5161 3104.2044
2358.8424 3226.6173
2595.2793 3314.7213
2854.7519 3359.1111
3099.6477 3207.8575
3280.1402 3027.2869
3425.7356 2830.0255
3590.6909 2774.1614
3710.6171 2630.4206
3857.2911 2431.9332
4162.0098 2308.4076
4346.2163 2612.7893
4496.3840 2698.3562
4570.6697 2742.5049
4607.6063 2764.9230
4644.4029 2787.5711
