4023.6705 -886.0246
3897.5540 -868.6560
3767.4775 -887.6174
3624.6234 -896.4245
3473.9034 -858.2389
3309.2356 -798.5143
3128.0595 -764.7616
2930.0989 -756.0686
2730.9668 -733.8519
2517.7179 -757.9946
2302.8996 -767.9476
2098.8308 -773.6221
1884.3525 -777.9921
1665.8822 -734.7683
1457.3160 -665.5096
1274.8359 -636.7333
1114.8476 -615.5660
976.3382 -591.4796
878.9644 -541.5538
845.2663 -498.8086
812.2847 -467.1413
736.8318 -415.2828
671.2011 -340.3602
575.7571 -277.5928
492.4301 -247.2767
398.6072 -194.5444
305.2155 -130.1070
222.5963 -53.8025
140.8550 22.9681
90.1774 78.1385
19.9387 144.5685
-49.5907 211.3643
-98.7486 267.2433
-147.5970 312.1913
-176.3202 368.1626
-204.7668 424.2026
-223.2276 480.1343
-242.1810 502.7366
-241.7237 524.9767
-241.2643 547.2168
-231.6150 547.0317
-241.4943 536.0968
-260.5625 547.6097
-279.3248 570.2733
-297.4327 615.2079
-334.1593 671.8085
-360.6272 739.3601
-385.5257 840.3415
-353.5846 950.6419
-322.8698 1038.7678
-273.6915 1148.7283
-225.7413 1247.7582
-161.5900 1302.2123
-116.5682 1312.7434
-80.7021 1312.4094
-63.1388 1256.6904
-27.2480 1189.8215
27.4956 1100.8655
101.4874 1034.5738
203.8519 991.4744
371.3896 973.4741
515.9005 1057.1503
636.8334 1186.1716
760.5403 1350.6653
902.1654 1552.4732
1026.2407 1766.7987
1143.8188 1971.9850
1279.5076 2171.4496
1398.1429 2372.1453
1527.6340 2659.3667
1679.2479 2970.0309
1784.4771 3349.6331
1895.2322 3633.7521
1975.4501 4078.7343
