159.3252 -810.9230
31.8655 -811.6920
-106.0832 -789.1285
-222.6276 -776.7919
-360.4270 -774.2400
-487.6044 -770.8126
-635.5337 -754.3833
-803.8512 -724.3316
-971.0011 -681.2720
-1126.8462 -637.0927
-1260.1094 -581.8273
-1402.9372 -524.2988
-1544.7833 -465.2610
-1676.4335 -417.0609
-1828.0114 -364.9773
-1927.1705 -318.0858
-2019.7916 -225.5931
-2042.1252 -85.3335
-2016.3845 93.7209
-1922.0316 319.5391
-1807.1261 553.5536
-1733.7768 839.1245
-1650.0890 1065.9877
-1615.6683 1163.3869
-1559.6351 1337.2447
-1518.6707 1581.5863
-1535.2239 1880.7479
-1449.9887 2060.9978
-1325.4142 2098.6744
-1194.6663 2080.2825
-1076.4664 2031.5195
-958.2845 1973.3192
-837.2568 1927.8827
