-1586.0327 -155.9164
-1616.7380 -61.9250
-1637.9658 19.8207
-1660.0395 90.4751
-1670.3227 171.1046
-1678.7496 262.9167
-1678.3487 342.2996
-1674.6178 443.9795
-1660.7888 544.3319
-1646.6766 644.6459
-1622.7986 743.6197
-1587.7934 852.4051
-1517.2484 945.0223
-1410.5712 1033.1620
-1314.5013 1123.1216
-1227.4357 1225.8203
-1163.6887 1297.5924
-1087.8409 1402.0402
-981.9558 1548.7092
-809.9060 1690.2056
-662.5390 1802.0419
-537.8477 1883.4655
-424.5006 1955.6593
-307.5940 1962.1601
-191.2330 1959.0143
-91.2041 1979.7251
-16.5591 1990.4069
24.7311 2023.7841
