-1692.1237 -1285.3896
-1765.5232 -1244.1324
-1838.6136 -1202.4886
-1910.3418 -1149.2366
-1981.6355 -1095.5790
-2052.4846 -1041.5127
-2121.6501 -975.7978
-2190.2218 -909.6564
-2268.8247 -841.5757
-2346.7224 -772.9403
-2441.9132 -677.9131
-2553.3864 -555.9428
-2660.9035 -421.3969
-2773.7310 -330.6774
-2862.4497 -290.0468
-2901.5179 -270.5168
-3038.6276 -206.7568
-3174.7134 -141.3457
-3291.9074 -90.4331
-3393.2566 -65.9983
-3484.3168 -43.3127
-3536.9950 6.3046
-3583.7615 79.0011
-3655.3735 134.7463
-3732.2113 168.3042
-3794.8407 173.8958
-3830.6237 159.6911
-3863.4779 156.9497
-3922.3057 137.2905
-3961.2840 111.8399
-4002.2594 37.6270
