643.0584 -965.8406
555.6711 -913.3614
457.8289 -849.6370
307.2331 -764.2426
147.4591 -666.4661
-31.4081 -567.0624
-207.7814 -443.3241
-310.0940 -363.6534
-431.5438 -271.5088
-561.2018 -166.7473
-660.0710 -95.5524
-737.1083 -13.5611
-805.0885 34.9415
-902.6010 85.8062
-999.3640 137.4416
-1076.4062 177.0801
-1151.9864 228.3529
-1219.1908 256.9190
-1286.1065 285.8653
-1362.5654 316.2299
-1445.9112 370.4907
-1536.8481 437.7237
-1620.6570 550.3396
-1676.9848 637.4446
-1722.6620 723.5550
-1750.7963 853.0785
-1775.4894 993.8796
-1786.3959 1041.3312
-1784.4651 1212.6541
-1577.1370 1396.8061
-1303.2375 1653.1896
-862.2906 1930.1731
-316.4109 2329.8755
