2644.6423 -1418.1520
2480.2292 -1441.8886
2314.5233 -1452.7596
2147.7738 -1450.8439
1980.2183 -1436.2094
1812.0877 -1408.9135
1643.6119 -1369.0015
1496.8327 -1314.6408
1360.1861 -1236.0569
1246.0835 -1155.0499
1132.7572 -1073.4670
1019.6444 -980.1439
906.9298 -875.0813
806.9436 -791.1392
706.8778 -684.4183
619.6314 -610.1414
532.7334 -524.3105
436.2947 -438.3568
361.7670 -362.4650
287.9342 -286.2297
204.5898 -209.7972
152.8548 -154.8422
101.4257 -88.5857
30.1837 22.2725
-19.9556 133.4490
-49.5477 222.4838
-58.8283 355.9596
-9.6604 533.7402
75.8570 745.2496
195.4260 946.8327
302.0721 1116.0880
449.7884 1288.2371
609.4078 1463.5906
779.5792 1642.9718
933.4789 1824.7370
1028.9810 1947.1818
1114.4486 2115.1499
1192.2638 2249.8149
1258.2020 2429.6186
1303.4348 2607.6103
