2036.0344 -1441.2481
1888.7318 -1400.8789
1752.8967 -1358.4068
1580.7128 -1262.1411
1407.5281 -1131.0956
1213.2719 -978.1065
1036.0877 -889.6214
873.3286 -843.4446
752.9361 -771.4954
634.3048 -720.9969
526.9013 -669.3083
452.5561 -649.3997
388.6422 -617.7582
314.4882 -586.0839
251.0819 -553.8914
239.6218 -487.3371
259.5373 -431.3840
289.6343 -375.1987
309.4137 -330.2893
339.0890 -273.9885
367.9521 -195.3740
407.2474 -138.6409
445.4912 -59.5385
503.3596 20.4190
551.8493 66.8699
599.4759 124.6383
626.2229 192.7677
635.0594 215.4935
643.2947 249.3521
652.0395 272.0937
660.7437 294.8433
639.3296 327.2251
628.3747 348.9885
627.2422 371.2368
615.7678 404.1301
614.6402 426.3775
622.6599 460.2272
631.2036 482.9613
648.7770 517.3291
677.1567 530.0062
705.4758 542.7521
733.7342 555.5671
771.5626 569.0527
846.9675 596.3917
937.5336 670.1989
1044.7451 757.5636
1120.7675 944.3249
1206.0296 1099.4479
1350.4778 1331.0679
1475.1420 1575.0803
1642.5218 1864.5536
1833.8680 2166.2909
2021.0430 2501.0952
2213.9693 2863.1191
2381.3349 3172.8076
2595.2793 3314.7213
