-1546.4623 665.4257
-1436.7038 764.9058
-1409.8986 897.3339
-1436.4459 911.9333
-1498.6388 874.5614
-1534.5599 822.5750
-1616.3482 788.1729
-1717.5733 756.9820
-1809.8919 725.0944
-1899.0428 716.1110
-1965.5579 726.9014
-1984.5501 730.0549
-2048.9730 752.4940
-2077.3928 757.4493
-2148.8761 793.3231
-2193.8820 813.2153
-2210.5249 827.9219
-2224.8894 853.8153
-2176.3128 902.4357
-2139.4957 941.7495
-2049.2898 959.7781
-1925.5470 1007.0555
-1747.3746 1103.7117
-1568.3718 1167.8634
-1372.0824 1243.2961
-1160.9680 1319.8230
-927.8610 1386.5550
-672.7883 1445.2097
-437.9049 1532.8394
-208.3875 1603.3868
17.3671 1601.2243
219.5619 1503.5006
599.8461 1474.1876
