0.0000 -778.3656
-148.2308 -755.4262
-285.3092 -720.1571
-442.3277 -660.8294
-607.9000 -577.1808
-760.7924 -481.0200
-891.0555 -384.4151
-1009.2908 -287.2223
-1135.1964 -176.9370
-1261.9442 -98.7493
-1389.4447 -41.5369
-1518.3627 -5.3211
-1654.0745 55.7516
-1785.6614 140.7102
-1894.0660 235.5364
-1981.0115 328.4918
-1990.8373 330.0112
-2085.8973 425.4761
-2165.5436 542.5778
-2204.7886 653.4346
-2188.7845 789.1387
-2155.8845 956.4029
-2105.9179 1108.8216
-2026.2719 1267.0472
-1845.2468 1429.6184
-1588.9009 1638.1729
-1409.1420 1861.0077
-1018.7548 2148.7716
-638.7048 2448.7178
-364.7021 2732.9153
-176.9294 3026.6999
54.4725 3235.9969
355.2999 3323.1954
602.6193 3341.2505
873.4400 3383.2378
1201.2045 3413.2953
1682.0997 3440.4873
2347.3767 3595.7594
2737.7297 3724.5322
2871.9647 3763.1572
