-725.9420 -404.6671
-870.9827 -396.7929
-1014.4784 -365.1992
-1178.9328 -341.6265
-1290.5302 -309.6756
-1421.2013 -263.6269
-1552.2864 -227.4403
-1670.0752 -168.8227
-1746.2900 -114.2104
-1830.5619 -46.5613
-1880.7212 39.8990
-1916.8037 147.5772
-1940.2303 265.1522
-1964.2780 371.6653
-1980.0700 522.9466
-1988.4455 650.3919
-1988.1845 765.0985
-1959.0082 874.9764
-1879.2777 999.2435
-1745.4681 1114.8368
-1541.4816 1220.8561
-1335.6979 1306.5634
-1071.3650 1389.0832
-694.1259 1513.6703
-248.5203 1715.5761
183.1804 1947.7269
526.8153 2161.7759
788.5868 2371.9678
1037.1628 2568.5010
1272.2617 2762.2076
1464.0696 2923.5333
1647.9136 3079.5214
