4181.8177 -378.9605
4041.9142 -393.5460
3881.3268 -412.3260
3697.5742 -423.1465
3505.9608 -445.7161
3316.5163 -477.2156
3128.8868 -517.5730
2940.7986 -555.4027
2752.2854 -590.7320
2563.3794 -623.5864
2342.5344 -658.8197
2119.8895 -679.5240
1907.6871 -695.7066
1694.3475 -697.7928
1470.7119 -698.0197
1237.6245 -707.0928
1004.5860 -712.6831
750.0304 -704.7000
527.2487 -680.4340
347.0983 -641.0119
167.6209 -577.2895
-41.7332 -511.4393
-248.8004 -409.3210
-483.9811 -303.2456
-757.2361 -202.2119
-994.7141 -75.6054
-1174.7174 84.4151
-1305.8250 287.8389
-1356.4334 462.1186
-1343.8235 573.5016
-1314.8886 739.4623
-1289.6137 871.9721
-1207.3369 1009.4752
-1108.1513 1145.4355
-810.9100 1287.2906
-478.6102 1590.4146
-191.5054 1947.8955
