-3441.4819 476.3862
-3407.2405 527.5105
-3366.3635 564.6774
-3328.5590 590.6003
-3290.8428 616.5666
-3265.7484 633.9020
-3231.1317 648.6932
-3181.1754 683.4950
-3124.7893 704.6536
-3071.4535 714.7596
-3008.7323 722.6465
-2940.5701 753.2298
-2837.6106 763.6918
-2725.5250 772.7351
-2594.8965 778.5347
-2433.9431 790.9191
-2351.4197 809.0203
-2117.2829 856.7987
-1840.6703 947.0905
-1635.2142 1041.0232
-1361.7210 1185.4141
-1104.5920 1336.2889
-891.3455 1484.2459
-675.8370 1635.3396
-451.6332 1767.4671
-200.3970 1925.8342
16.4634 2034.8849
203.6588 2115.0331
363.7532 2175.8252
