2873.2180 -1463.5778
2615.5544 -1456.9960
2310.0029 -1407.6533
2058.5798 -1325.0258
1757.4417 -1278.8628
1460.2706 -1261.5366
1227.8136 -1212.4335
975.4878 -1172.8468
766.6735 -1105.5085
559.3272 -1035.7611
331.9046 -952.8900
171.2102 -944.2551
-10.6683 -889.5571
-191.4296 -832.8113
-371.0260 -773.9937
-517.3852 -703.0407
-640.6246 -609.2755
-803.5633 -501.1044
-973.1305 -368.0105
-1139.5112 -232.6541
-1282.2423 -96.8933
-1414.0952 17.3228
-1533.5047 131.9623
-1570.0325 249.3563
-1613.7014 379.3349
-1640.9151 473.5748
-1694.6025 583.0408
-1729.3953 678.9780
-1745.9829 761.1425
-1765.5363 821.0806
-1728.9230 929.6181
-1675.8566 1081.2395
-1635.6951 1154.9779
-1604.8225 1230.1030
-1520.1817 1411.0833
-1412.3781 1577.3996
-1242.0913 1769.6878
-994.2730 1954.6382
-731.1527 2153.9864
-473.6933 2348.3627
-155.4504 2447.7564
229.2828 2560.7603
600.2828 2691.7989
938.4391 2951.1377
1085.5730 3312.9076
1095.5991 3714.6909
1068.8761 3824.3547
1071.0259 3939.6041
1120.5289 3984.1840
1172.0245 4018.3676
1212.7304 4085.7015
