43.4231 -1223.0906
-54.1290 -1167.4616
-151.2190 -1122.3881
-258.6344 -1076.5803
-354.5776 -1019.1745
-449.9242 -961.1829
-544.3231 -891.4722
-637.9582 -821.1574
-730.8051 -750.2315
-823.3787 -689.8228
-905.3525 -640.5578
-966.5032 -603.2883
-1037.1280 -553.8860
-1108.0598 -515.2478
-1189.0519 -475.4050
-1269.6354 -435.0686
-1360.1575 -393.2806
-1439.8714 -351.8875
-1519.1515 -309.9923
-1587.7197 -268.7317
-1664.8907 -214.7138
-1719.7537 -151.5117
-1752.3724 -79.4104
-1754.2078 -11.0843
-1745.7804 55.9408
-1725.8097 132.8201
-1695.8647 208.3932
-1667.4306 272.8037
-1618.0087 345.8771
-1550.7918 405.4734
-1463.2902 474.1609
-1368.2285 531.0759
-1272.7676 599.7070
-1179.4319 657.7873
-1093.1892 750.7135
-1006.0068 866.3417
-928.5126 994.3008
-872.6048 1101.7955
-837.5451 1188.6137
-820.8589 1276.8618
-813.1359 1365.7971
-805.2919 1454.7227
-814.8069 1545.0348
-842.2219 1625.7060
-877.4736 1707.2494
-899.6550 1821.4757
-897.2052 1843.6886
-895.6573 1933.3328
-866.5327 2042.7746
-822.6812 2139.6137
-771.5090 2235.8643
-713.3604 2331.6501
