582.9688 -767.5662
477.0073 -771.1375
371.0260 -773.9937
264.8600 -765.0141
158.8184 -755.3225
52.8376 -722.6785
-52.6994 -678.2002
-147.1650 -633.1061
-230.6317 -587.5862
-313.6290 -541.5974
-385.4537 -484.2857
-446.3616 -426.9236
-517.5085 -380.0509
-587.7743 -321.6820
-645.7365 -230.0230
-710.8036 -93.0512
-735.9147 8.6954
-769.8059 122.2154
-792.2690 246.3881
-821.5116 404.6414
-828.5458 583.9482
-813.9479 784.1889
-743.9374 969.4793
-657.9798 1142.7752
-558.2918 1282.2250
-414.2281 1476.1468
-258.4489 1671.3241
-134.7302 1857.9195
16.4153 2057.1239
175.9826 2247.9316
372.9509 2454.7294
635.4437 2716.9788
922.3030 3050.7014
1102.4066 3395.5768
1202.2542 3678.0103
1263.6178 3853.1345
1361.2773 4005.0596
1530.8273 4123.1061
1652.2196 4221.8244
1782.8785 4304.7401
