-3284.8146 -8.6564
-3315.0088 46.4313
-3367.4166 95.3385
-3408.5797 189.9057
-3441.5455 270.8382
-3473.6770 351.9816
-3495.2168 430.6215
-3489.9901 489.8752
-3487.9893 574.4212
-3472.4968 630.8548
-3453.6695 698.5078
-3422.0052 738.0771
-3409.2744 783.0995
-3368.1922 819.8985
-3330.4029 845.4932
-3258.3393 849.2941
-3208.2726 847.4365
-3130.0497 838.1534
-3042.4262 826.9308
-2980.1620 834.7525
-2939.6794 836.3886
-2858.8317 840.0386
-2778.1442 844.1917
-2676.1967 855.6782
-2565.2224 865.8582
-2534.5629 870.8287
-2463.9925 878.9749
-2337.4170 875.9855
-2239.1499 879.7391
-2124.5224 869.6655
-2000.5254 859.1016
-1895.3163 852.9114
-1763.7559 832.2204
-1591.0282 830.1360
