3665.3474 -815.3962
3473.9034 -858.2389
3280.1308 -887.1659
3098.6329 -923.0222
2915.1251 -945.3454
2754.5042 -973.2836
2592.1742 -988.2517
2429.8128 -1001.6067
2267.4341 -1013.3566
2105.0521 -1023.5086
1943.7890 -1043.2878
1781.3503 -1050.2458
1618.9493 -1055.6239
1425.1131 -1073.4046
1208.8540 -1079.3101
992.6650 -1082.4201
808.9137 -1081.1990
647.2104 -1088.2712
485.1758 -1082.6427
323.4726 -1086.5706
161.6499 -1077.8064
32.3304 -1078.5608
-64.6234 -1067.3469
-161.4630 -1055.5661
-290.2857 -1031.5592
-472.1875 -993.9520
-685.4967 -952.9617
-897.9149 -909.0982
-1108.7087 -851.1840
-1318.2274 -790.3146
-1526.4067 -726.4527
-1732.0500 -648.3711
-1914.9603 -569.8451
-2033.6783 -497.3889
-2151.2821 -423.7547
-2297.0752 -332.8473
-2420.5733 -243.5574
-2540.5746 -141.5907
-2640.4524 -53.3103
-2708.7270 29.9662
-2785.9000 115.8821
-2861.8226 202.5046
-2926.6056 287.5989
-2997.4380 386.8064
-3073.6736 500.3523
-3173.7103 633.4826
-3270.6337 768.0387
-3364.3383 903.9987
-3363.8221 940.4183
-3424.6513 1007.5636
-3459.1619 1091.9038
-3463.3128 1142.4737
-3439.9240 1184.3607
-3411.0364 1212.1667
-3369.5889 1248.3101
-3321.0890 1306.8075
-3254.8589 1359.7293
-3167.6636 1418.4606
-3045.8264 1466.9419
-2918.2035 1538.5505
-2779.9150 1619.6962
-2658.4693 1682.1051
-2550.0725 1736.6401
-2448.9984 1769.8428
-2345.6644 1814.9172
-2231.9334 1869.8546
-2080.4449 1940.3193
-1901.1892 2029.5059
-1709.2036 2118.1949
-1550.0452 2192.2742
-1411.9410 2260.2383
-1286.1412 2320.1494
-1164.1988 2370.5604
-1051.8136 2423.5102
-961.1432 2502.6638
