667.4916 -1767.3050
555.0326 -1715.2730
420.4952 -1640.8855
286.9050 -1576.7081
142.9696 -1500.5640
-10.9537 -1412.1741
-207.1458 -1310.8646
-390.3495 -1196.4228
-614.1565 -1067.2381
-794.4268 -992.6343
-985.1261 -937.5441
-1154.1161 -892.7765
-1332.1572 -834.0734
-1445.4922 -779.1647
-1547.5448 -724.3707
-1637.3317 -658.7303
-1737.9889 -602.4283
-1829.9439 -568.9852
-1920.2616 -523.7106
-2021.8751 -487.5912
-2121.6209 -439.4699
-2188.1848 -383.9837
-2273.1996 -313.6377
-2338.5160 -257.2005
-2421.9142 -185.6281
-2496.0966 -126.4217
-2561.4257 -79.7903
-2644.4592 -17.6177
-2746.7822 49.3052
-2825.8517 124.2737
-2891.5897 209.0193
-2963.5427 307.8400
-3039.1430 384.8462
-3156.6635 497.2693
-3284.8966 639.0853
-3396.6342 791.6133
-3467.6963 898.0939
-3504.1862 946.0245
-3585.4392 1107.5195
