-1214.2605 -394.8299
-1239.0317 -314.1765
-1263.3559 -233.4455
-1305.5823 -128.4561
-1369.2269 -43.5619
-1441.9483 42.7990
-1503.5641 128.5527
-1555.5654 202.3749
-1615.2632 288.8717
-1706.2816 357.3487
-1776.7199 423.8655
-1860.5139 527.2626
-1881.3800 644.6991
-1870.5167 711.6040
-1832.9607 762.9002
-1784.3656 823.9422
-1728.4895 872.5369
-1680.5583 933.8029
-1625.4117 982.7025
-1578.1768 1044.2022
-1522.1233 1104.5387
-1445.0797 1184.8572
-1420.4664 1226.9291
-1368.9369 1265.5289
-1313.1327 1337.6603
-1244.5138 1442.2337
-1126.0461 1665.2241
-1013.8105 1866.7293
-981.7572 1919.5585
-840.1642 2130.0349
-715.6115 2309.4445
-650.6972 2404.9079
