1940.5241 -1361.2482
1807.5181 -1352.8482
1673.8266 -1332.2999
1529.5407 -1311.7890
1362.3698 -1269.5674
1196.5577 -1237.0640
989.0236 -1227.9468
803.9526 -1226.4928
641.0622 -1233.3799
434.1912 -1217.6197
238.4263 -1188.1115
21.6637 -1178.6540
-151.5597 -1166.8685
-324.3934 -1142.1817
-507.6025 -1115.3786
-689.9409 -1075.4077
-881.7963 -1021.6612
-1072.6070 -965.5613
-1282.1224 -883.0728
-1468.5365 -799.5472
-1654.2527 -724.7073
-1826.7077 -637.4158
-1969.9239 -585.5591
-2100.4713 -522.4121
-2209.2355 -461.0092
-2349.8583 -404.9226
-2498.1501 -334.2407
-2657.3413 -271.0814
-2823.5678 -192.5177
-2931.5552 -147.0424
-3028.8298 -102.7736
-3125.5954 -57.6646
-3219.3949 -0.3861
-3322.4941 60.2260
-3410.0750 94.1070
-3494.6086 140.0240
-3565.8813 195.3124
-3643.4922 265.3002
-3719.4213 299.0901
-3801.2261 310.6841
-3876.3168 308.4390
-3954.6816 295.1550
-4029.7428 256.2852
