-2673.1018 -430.8037
-2675.2171 -314.2615
-2682.7637 -173.2721
-2707.0686 -17.0520
-2724.9296 161.8102
-2752.3825 331.6240
-2794.2946 470.1238
-2868.0364 593.2778
-2931.3324 667.7127
-2995.3268 695.4207
-3040.0766 718.6686
-3078.0764 728.4392
-3122.5901 752.0643
-3163.9459 787.1264
-3211.3583 836.2144
-3258.2728 885.6052
-3301.4360 946.5144
-3307.4752 960.4325
-3337.2255 1030.1314
-3368.4728 1125.1974
-3358.6341 1220.2987
-3303.0474 1362.5640
-3195.2827 1512.7457
-3022.3959 1630.2431
-2821.5606 1667.6571
-2434.1117 1624.0723
