-2831.2832 148.9094
-2859.9330 260.9401
-2892.2152 350.6590
-2931.1583 406.8441
-2935.8277 431.5995
-2904.0600 436.0604
-2874.8315 429.3517
-2860.2969 402.4459
-2848.1007 364.3334
-2845.5646 328.4246
-2845.3040 281.2702
-2832.6349 243.2107
-2822.1098 193.9306
-2803.6313 131.3186
-2830.3641 101.7530
-2848.9100 164.4318
-2884.4666 242.7918
-2934.0066 301.0887
-3005.1134 353.0366
-3075.6165 405.5336
-3159.4303 486.0080
-3244.8435 556.0850
-3329.1886 627.0269
-3399.7975 707.3834
-3431.3791 777.3429
-3430.7780 850.3724
-3423.6666 909.3484
-3417.0165 931.8113
-3390.1287 1021.5767
-3267.9848 1192.4816
-3046.7427 1370.1256
-2777.9174 1595.0996
-2480.7746 1849.3429
-2136.0936 2187.9377
-1800.1624 2402.9823
-1444.7916 2643.6647
-1074.1439 2890.5438
-729.6797 3151.8645
-493.6893 3421.5691
-371.7136 3703.3992
