4227.9844 -340.9750
4130.0681 -393.6037
4042.0026 -442.4993
3953.4784 -490.6596
3862.0736 -526.5901
3770.3863 -561.8294
3665.6503 -587.4432
3558.5340 -600.8178
3440.9012 -615.8036
3323.2396 -629.8802
3195.0376 -645.2392
3054.3610 -650.2595
2915.6420 -665.3959
2764.6109 -669.8589
2624.2580 -671.1323
2494.5966 -669.5057
2365.1004 -666.8601
2225.2474 -664.7178
2075.0525 -662.7956
1923.8114 -648.2728
1772.9663 -632.3839
1612.0332 -616.2354
1440.0990 -588.3340
1247.0949 -549.2312
1043.9916 -497.4503
861.8572 -419.6721
701.1263 -316.6405
572.2806 -188.5881
475.4736 -47.4026
399.7260 117.1679
374.8638 283.4071
408.7207 451.4304
480.1149 609.9098
587.6361 759.5826
694.7917 865.8743
764.9489 937.3480
789.5056 983.7388
833.1521 1020.4314
941.9129 1051.4455
