441.1607 -1562.4901
329.9176 -1498.0998
219.1817 -1421.9392
119.9915 -1322.8071
32.5673 -1223.1148
-53.9766 -1111.8637
-128.7165 -989.1299
-191.6688 -855.0520
-253.6109 -720.7051
-314.9140 -608.3272
-386.2611 -517.6536
-467.7811 -448.5300
-548.9422 -390.0472
-619.6014 -342.6492
-689.8021 -294.8783
-729.3170 -259.4627
-758.3885 -224.4720
-766.2852 -179.4021
-772.2786 -100.9342
-776.1966 10.9285
-777.8187 156.1797
-790.1909 279.7712
-804.1649 370.0087
-809.5179 437.3920
-816.2264 482.5285
-823.6104 516.5460
-809.3073 582.6609
-764.8561 669.1723
-701.2400 765.7757
-618.4690 883.8614
-462.6818 1010.2535
-274.0008 1137.6088
-90.4078 1234.6451
89.1346 1368.0788
207.5806 1636.7438
274.3530 1961.1115
239.9590 2249.4711
177.8786 2481.5835
121.4633 2602.8933
60.2077 2657.7937
-14.9461 2702.0549
-111.2902 2747.3263
-221.7463 2771.9837
