-3014.4116 -247.2241
-2983.6402 -253.6711
-2952.8553 -260.0472
-2922.0572 -266.3525
-2891.2461 -272.5872
-2850.1447 -280.7904
-2809.0207 -288.8685
-2767.8746 -296.8217
-2726.7068 -304.6504
-2681.7103 -289.8087
-2645.1703 -261.7111
-2617.0527 -220.4353
-2597.2574 -166.0319
-2597.7267 -107.8850
-2597.9839 -49.7439
-2595.9981 19.6326
-2589.5686 111.4640
-2578.3903 225.7056
-2552.2914 360.3340
-2525.4378 494.8120
-2495.4957 640.3238
-2460.0025 761.3312
-2400.7920 854.0178
-2332.5408 944.8148
-2230.1688 1017.1623
-2121.9040 1077.1753
-2007.7350 1125.1215
-1864.3249 1134.3442
-1743.0367 1183.0277
-1601.1782 1252.3373
-1419.6976 1294.8223
-1277.1749 1401.0271
-1152.0922 1532.9314
-1148.4010 1758.0561
-1216.9821 1936.1181
