-409.9202 -628.3334
-482.8253 -603.9402
-554.7603 -556.9345
-626.6980 -520.6879
-718.1271 -460.8246
-827.7570 -365.7897
-946.8827 -280.2751
-1055.1403 -205.5437
-1152.9428 -141.8501
-1250.8143 -88.5192
-1349.0061 -45.5569
-1446.6127 -1.8161
-1542.3673 53.8652
-1635.9664 121.5015
-1728.5436 189.9416
-1820.0735 259.1880
-1910.5301 329.2432
-1990.1174 398.5710
-2007.8660 412.8255
-2142.4613 504.0103
-2272.8105 608.1950
-2374.3566 697.3306
-2455.2218 783.6767
-2515.8155 866.7361
-2565.8519 948.1985
-2592.4126 1001.2927
-2614.7568 1030.0340
-2627.7351 1056.6702
-2622.2367 1078.9758
-2613.9465 1112.4239
-2596.4817 1143.6915
-2581.8084 1163.8147
-2576.2379 1186.0926
-2564.3687 1195.0769
-2555.2913 1192.9325
-2537.1304 1188.6678
-2518.9615 1184.4354
-2509.8741 1182.3313
-2500.7847 1180.2352
-2486.2771 1200.4160
-2458.1489 1276.2362
-2421.5687 1385.3422
-2375.8685 1492.2761
-2303.9977 1593.0645
-2197.9407 1650.9952
-2012.2886 1669.5038
-1787.3523 1672.1815
-1511.9567 1671.6936
-1215.3131 1653.2685
