-755.7070 802.6518
-1020.6197 811.5356
-1306.9876 806.2472
-1567.4260 724.8368
-1691.3954 605.3357
-1787.8360 550.7367
-1836.5772 489.4644
-1858.0221 412.7755
-1835.2610 363.8589
-1809.0456 337.3412
-1768.2043 343.0232
-1725.8865 359.9826
-1693.4670 378.3553
-1659.6407 407.9439
-1624.4583 448.7410
-1586.4928 511.8857
-1545.7938 597.3578
-1502.3808 705.1350
-1460.6845 801.7948
-1427.1095 910.7687
-1392.1154 1030.8541
-1337.4552 1159.7941
-1287.7950 1255.4565
-1244.4744 1306.7596
-1187.8416 1322.8090
-1104.5920 1336.2889
-996.0293 1336.7070
-887.6030 1338.2303
-779.3261 1340.8565
-625.7791 1352.9461
-445.5255 1377.1860
-310.7920 1405.7040
-194.4211 1447.3705
-105.1328 1523.9177
0.0000 1634.5677
111.2688 1724.1609
