658.1005 -1433.3331
634.5524 -1378.4795
611.0864 -1323.6072
576.8254 -1269.0840
542.7109 -1214.5098
497.9258 -1160.2064
442.5644 -1106.0930
387.4857 -1051.8181
321.9670 -997.5934
224.9811 -965.8440
128.3309 -933.5303
21.3627 -911.7855
-64.0488 -900.5528
-106.6820 -889.2065
-149.3538 -888.8665
-192.1427 -899.5336
-234.9822 -910.0882
-309.7421 -908.8256
-426.6859 -883.8930
-542.6406 -835.8391
-657.9656 -786.8996
-772.6431 -737.0664
-907.7436 -685.1099
-1049.7221 -586.5955
-1220.2782 -472.8815
-1391.2194 -390.3707
-1531.6765 -331.2396
-1713.4237 -276.9177
-1866.0826 -246.5172
-1968.5798 -232.7573
-2070.9781 -218.2388
-2183.4953 -201.3883
-2253.3489 -178.9646
-2312.8389 -157.8321
-2382.3617 -134.6854
-2459.9988 -98.1228
-2518.9512 -75.9767
-2587.8691 -51.6455
-2664.6377 -13.7086
-2730.9677 22.7359
-2766.8614 53.3958
-2792.5581 82.1111
-2805.8790 120.0620
-2831.2832 148.9094
-2856.5470 177.8353
-2861.8226 202.5046
-2867.4226 274.3678
-2862.7681 391.2070
-2849.4958 541.6557
-2789.6842 669.5611
-2710.8250 792.9287
-2670.9031 878.0320
-2648.2529 931.7288
-2637.5237 976.3927
-2601.1843 1239.3240
-2605.0441 1406.0818
-2594.9644 1546.0333
-2573.1678 1623.6470
-2590.4803 1628.1614
-2624.0546 1672.8214
