1990.3658 -1185.3893
1866.0500 -1142.8695
1774.5996 -1096.2100
1672.7595 -1050.2756
1550.7859 -1017.0785
1426.7202 -949.5846
1268.3371 -839.2855
1153.1463 -713.5827
1069.9614 -573.9899
1021.0036 -465.4651
1010.0379 -298.3615
960.1481 -167.5401
869.6125 -28.1365
771.7396 88.8303
703.8441 230.1621
576.7005 402.2913
472.7872 553.9280
372.7041 661.8089
301.2329 826.7283
261.6667 903.6563
204.2923 969.2352
157.0126 1024.0924
119.5433 1068.1147
91.5486 1112.3307
27.3723 1145.3435
0.0000 1178.6679
9.0618 1212.0302
36.1635 1234.3261
63.2124 1245.5710
125.8317 1290.6070
186.4955 1402.7304
341.1834 1540.2500
489.7901 1546.3660
669.7695 1601.4090
888.3771 1685.8058
1205.1627 1844.1093
1549.7637 2111.9952
1719.3574 2362.7825
2045.7387 2791.3815
2379.0791 3270.8648
2553.9352 3849.1846
