-2390.1183 -858.2675
-2460.1796 -813.1268
-2558.4804 -739.8632
-2655.8579 -665.7339
-2752.2854 -590.7320
-2847.7355 -514.8511
-2942.1806 -438.0852
-3014.9241 -364.7070
-3076.5283 -292.9421
-3116.8845 -225.2204
-3129.3905 -127.8526
-3111.4058 10.1949
-3084.8927 181.9410
-3061.8788 330.8707
-3040.2390 468.3335
-3017.4772 605.6065
-2993.5861 742.6814
-2980.1620 834.7525
-2977.9207 881.9633
-2972.8901 976.3408
-2991.6594 1053.2368
-3027.9389 1135.2451
-3072.2053 1220.0788
-3113.9322 1341.3322
-3155.0151 1487.9097
-3201.5003 1637.6718
