-32.9933 -1501.1033
-131.5108 -1422.8082
-229.3114 -1343.9532
-326.3645 -1264.5273
-433.7140 -1195.3707
-540.9084 -1147.7462
-647.5804 -1099.4016
-753.7149 -1050.3293
-859.2970 -1000.5220
-964.3112 -949.9725
-1069.3912 -909.8212
-1173.2969 -857.7713
-1276.5886 -804.9583
-1379.2498 -751.3757
-1471.6610 -709.1896
-1575.1790 -676.4830
-1676.1321 -620.6477
-1775.1993 -552.8277
-1892.9046 -470.3688
-1997.5252 -376.9374
-2063.7884 -242.1317
-2104.5684 -87.4455
-2131.5846 77.1384
-2152.8521 137.9106
-2163.8152 197.1201
-2208.3459 296.5926
-2249.7052 407.5430
-2289.6639 518.7705
-2328.1878 630.2657
-2365.2420 742.0185
-2367.8079 777.4204
-2382.0151 850.1491
-2400.0977 947.1903
-2398.7454 1040.3321
-2357.6366 1136.6581
-2298.3876 1229.0422
-2233.0305 1308.4523
-2159.2651 1386.1509
-2081.1811 1486.2831
-1986.4725 1583.1530
-1886.7604 1667.7325
-1773.6218 1738.6993
