-368.5149 -217.6179
-388.9831 -217.0728
-409.4505 -216.4982
-429.9171 -215.8941
-450.0393 -204.1373
-480.7127 -203.1311
-510.9924 -190.9342
-562.0666 -188.9976
-612.6624 -175.7500
-663.1704 -162.3152
-713.5894 -148.6928
-763.9183 -134.8825
-814.1562 -120.8838
-864.3020 -106.6965
-913.6338 -81.1863
-961.2491 -33.2139
-1006.8527 37.2277
-1061.8686 108.6597
-1118.0742 158.1046
-1183.7322 208.7237
-1269.6965 250.4990
-1356.2929 281.7622
-1424.0691 300.3204
-1473.3017 305.8456
-1526.5056 278.1102
-1581.2794 239.3961
-1626.3982 199.6191
-1660.3731 169.8527
-1705.8513 130.2513
-1740.0914 100.6150
-1784.4669 72.3567
-1817.4814 54.0250
-1860.6229 37.1273
-1902.3426 31.5210
-1930.9488 46.9622
-1959.4915 62.4759
-1986.3559 89.2465
-2013.0933 116.0918
-2049.6724 144.5446
-2057.9386 157.2714
-2105.9723 176.2820
-2170.1022 221.1392
-2239.8146 290.4865
-2328.2216 363.9260
-2413.3253 449.3888
-2477.6848 531.7892
-2502.4839 606.7602
-2517.0807 679.8411
-2521.6530 750.9481
-2490.5640 802.8013
-2455.0063 830.3319
-2421.9718 846.7547
-2295.3054 890.7795
-2132.8636 975.1799
-1952.8547 1115.2463
-1772.3800 1279.3597
-1608.8258 1424.4726
-1490.6876 1588.7603
-1400.6574 1757.4406
-1303.9117 1925.2652
-1198.1331 2058.1079
-1086.7822 2190.7500
-964.0073 2311.4793
-831.7009 2409.8146
-703.9429 2498.8332
-542.2130 2575.8281
-339.1344 2653.7660
