185.1447 -1288.8705
43.4940 -1256.4493
-75.9902 -1222.9767
-205.9151 -1188.5374
-335.5815 -1164.2146
-475.4794 -1127.4549
-626.0033 -1100.2247
-775.6849 -1060.4696
-936.0617 -1029.8366
-1095.3286 -986.4361
-1254.6565 -952.5460
-1422.4434 -893.7337
-1609.4739 -819.6684
-1805.5849 -741.8943
-2009.2570 -648.7287
-2129.8579 -586.8139
-2239.1259 -525.2906
-2396.2647 -431.9811
-2547.9035 -314.0228
-2668.2173 -210.9278
-2778.5248 -119.6596
-2867.0607 -31.3676
-2956.5504 46.5261
-3037.3086 111.7369
-3089.8515 159.3669
-3171.7189 214.4674
-3250.2343 281.5690
-3320.8078 335.5362
-3393.6166 378.7614
-3468.9097 411.2327
-3543.9112 444.2525
-3618.6152 477.8237
-3693.0159 511.9494
-3767.1073 546.6326
-3840.8832 581.8765
-3914.3374 617.6842
