3773.6896 -802.0085
3665.3474 -815.3962
3559.0466 -839.5088
3439.9682 -853.6944
3312.1220 -880.6097
3171.5885 -897.1330
3020.3319 -914.4203
2911.7810 -922.6520
2760.4707 -937.5034
2599.9225 -963.9515
2449.8760 -987.1361
2330.5207 -993.0801
2189.7330 -1001.0488
2027.4946 -1010.4857
1864.1979 -1007.1212
1721.5751 -988.7659
1557.8823 -971.3350
1393.7779 -941.2031
1176.1701 -902.3843
1013.5073 -868.6934
850.4505 -811.1860
677.4437 -741.4796
527.5950 -691.5598
377.8859 -606.8988
219.3965 -532.1388
51.8728 -422.4502
-103.1446 -333.2191
-215.1459 -231.8869
-355.7958 -117.7836
-463.8621 -3.2557
-559.5353 122.9047
-654.8884 216.4680
-717.9364 331.3777
-758.7081 467.7314
-787.7852 614.7786
-801.4557 693.9081
-805.3157 772.4160
-808.1163 862.0495
-792.0440 950.3750
-765.1180 1060.3046
-730.1497 1158.5205
-687.3780 1245.0965
-625.7791 1352.9461
-563.2040 1494.4188
-502.7475 1625.0479
-391.4969 1775.9723
-293.4496 1894.9139
-115.7430 2002.2442
90.0173 2079.7990
275.2929 2161.4798
401.0591 2233.1640
452.1830 2313.7309
465.8083 2347.9240
462.0801 2403.4835
466.0780 2459.4770
462.9955 2503.9206
467.5464 2548.8039
479.5727 2594.1450
492.2197 2628.4004
551.4294 2732.8760
636.3440 2851.3845
737.2974 2928.0342
850.1372 3052.9535
971.0996 3181.7646
