-1291.6998 230.1553
-1269.6965 250.4990
-1247.7492 270.8694
-1224.7817 302.4057
-1211.7154 334.8901
-1229.1628 359.0367
-1246.5259 383.2151
-1263.8041 407.4254
-1271.2527 430.6804
-1324.8276 481.2728
-1377.8906 532.1493
-1420.8137 582.1893
-1472.8710 633.5863
-1516.3346 672.9207
-1549.9491 711.2129
-1594.3440 739.7624
-1627.4197 778.3372
-1652.4576 804.5659
-1675.6541 842.0017
-1700.3718 868.3703
-1712.0554 915.6815
-1708.5017 937.9488
-1714.2250 961.6116
-1708.8140 995.0052
-1699.7206 1050.6496
-1661.2305 1113.2304
-1604.7726 1173.1632
-1561.3496 1212.3411
-1496.7006 1271.3275
-1461.1941 1323.1482
-1420.3579 1351.5942
-1336.7953 1363.2653
-1207.5368 1381.4327
-1045.9549 1453.9500
-859.5752 1537.5457
-659.3888 1623.0592
-446.0885 1711.4879
-144.1367 1802.4477
92.1141 1901.8898
330.6184 2007.4939
569.8342 2130.9545
801.0743 2260.9773
1102.1198 2407.4263
1390.8034 2565.2487
1666.2234 2734.1949
1927.4475 2913.9660
2173.5161 3104.2044
