3442.5843 -805.6451
3279.3251 -816.5375
3114.3091 -814.4439
2972.5820 -818.1863
2832.6737 -832.0648
2703.3842 -842.9133
2574.0956 -852.7203
2432.7073 -851.8428
2292.8637 -861.0376
2163.6906 -867.5844
2034.5495 -873.1036
1893.6421 -867.6509
1754.0042 -872.2181
1625.0772 -874.5080
1496.2133 -875.7782
1366.5840 -864.8648
1248.5983 -863.2800
1130.6960 -860.8413
1012.8828 -857.5490
883.9692 -842.8580
766.4267 -837.7846
648.9920 -831.8562
531.6712 -825.0720
414.2091 -806.3075
296.8298 -775.5678
179.6446 -721.7331
73.7303 -666.9944
0.0000 -611.5729
-62.7730 -555.8452
-135.5369 -499.7645
-207.7814 -443.3241
-258.9797 -398.0214
-320.1952 -352.3088
-360.4404 -306.8548
-410.3824 -249.8660
-479.6059 -169.7602
-508.6220 -124.1896
-537.0008 -67.4243
-554.1211 11.2486
-569.5210 123.3269
-554.2824 245.2667
-529.2994 366.7946
-485.1759 487.5718
-391.0364 684.6560
-242.7226 914.3660
-36.5788 1123.1311
179.9662 1280.2620
353.4374 1451.6011
579.1593 1651.5351
859.9090 1873.8715
