4389.1091 -554.4669
4331.5513 -595.7435
4239.6350 -633.7854
4139.3473 -685.5244
4027.9888 -739.0839
3916.0855 -791.5740
3773.8740 -862.0852
3618.0180 -921.7848
3450.6994 -981.8786
3282.6022 -1039.8861
3113.7594 -1095.8372
2933.3874 -1151.6438
2750.8284 -1193.8671
2555.5842 -1224.2469
2360.0565 -1252.2882
2175.1535 -1276.6431
1986.9270 -1265.2552
1808.9835 -1239.5998
1630.7050 -1201.0925
1453.1650 -1160.9432
1276.3967 -1119.1320
1100.4342 -1075.6387
946.8108 -1029.2227
815.3991 -980.4429
684.6715 -930.6995
554.6514 -879.9804
446.6259 -827.6903
349.8278 -774.4791
253.4457 -709.5842
168.1878 -632.8901
94.2880 -577.9218
10.4622 -555.9718
-83.5241 -522.3849
-176.9907 -477.0887
-249.1568 -431.5625
-321.1263 -396.7950
-392.7687 -361.6641
-474.7365 -336.9583
-576.6147 -299.8444
-687.2253 -239.2361
-816.0576 -154.2774
-942.5471 -56.8803
-1066.2695 52.9749
-1188.7749 153.0251
-1329.0091 256.4135
-1468.1097 350.4353
-1598.1609 422.7004
-1725.0804 507.6680
-1821.2768 589.8625
-1875.9663 678.1544
-1897.3115 784.5177
-1924.9896 903.6724
-1931.6269 973.6495
-1937.8661 1043.6353
-1919.7322 1189.8934
-1866.9702 1318.5233
-1778.9981 1440.9528
-1633.7310 1588.3112
-1476.5343 1723.2252
-1274.3247 1841.8545
-1075.8750 1975.0686
-948.7159 2051.0197
-814.5635 2138.8637
-652.1597 2304.3543
-449.0742 2480.8355
-265.1932 2617.5241
