-2472.4040 -373.2760
-2489.2637 -277.9884
-2507.2738 -193.8791
-2524.6951 -109.6996
-2549.6355 -12.3405
-2571.6396 96.3780
-2562.8151 199.3710
-2531.5580 309.6401
-2480.4485 415.9535
-2400.3398 516.5417
-2282.4080 609.9908
-2214.3479 655.1851
-2137.1645 698.9135
-1991.7214 800.1451
-1840.8466 889.9058
-1701.3495 982.4765
-1573.0619 1077.5780
-1459.0535 1152.7101
-1335.9459 1238.7418
-1205.7524 1324.8381
-1032.0518 1418.8300
-825.6151 1523.5171
-587.7917 1652.0456
-339.9990 1785.1460
-99.9220 1946.4533
