3265.6934 -866.5217
3189.2396 -870.1331
3123.4691 -871.3271
3013.3324 -868.9731
2859.0171 -862.2625
2704.9937 -854.2216
2596.9325 -860.5688
2487.4118 -854.9226
2376.6083 -837.3291
2256.8174 -831.8383
2117.2230 -839.5855
1985.8688 -822.3644
1898.4847 -810.3425
1757.0848 -792.6786
1627.6811 -783.9479
1537.9578 -736.5905
1407.3885 -703.8854
1298.4231 -668.4460
1168.1216 -622.7981
1070.6849 -585.1346
995.2812 -556.6970
899.2512 -529.1847
781.6184 -479.9438
696.3410 -439.5555
601.5674 -410.2733
527.4719 -368.5568
443.4589 -326.8127
391.3283 -306.0516
318.0633 -252.2158
245.5042 -209.1488
162.9179 -143.6078
111.7444 -110.7474
60.7105 -55.4640
0.0000 0.0000
-80.0909 89.1947
-138.9718 200.8848
-176.9565 323.6831
-194.8370 435.1681
-212.1131 557.8041
-210.2677 657.8829
-217.6358 769.2515
-205.8195 891.3977
-184.1107 1057.8727
-172.5626 1191.1585
-152.0708 1335.4376
-105.6601 1479.4401
-43.3616 1612.4232
51.3559 1723.6595
193.1290 1881.1828
289.3088 2006.0916
332.9429 2141.1979
305.3301 2218.1343
255.1553 2272.1649
190.4827 2303.8638
117.5471 2391.5206
30.8353 2501.9477
