1285.7436 -1095.9798
1065.6468 -1033.1519
835.8438 -957.0846
565.6614 -890.7354
287.4954 -853.6142
42.3522 -756.0694
-137.1973 -699.9229
-305.2344 -653.0262
-472.3322 -604.2686
-615.8315 -509.9919
-757.5705 -414.2319
-898.1350 -328.1050
-1007.7905 -264.9445
-1073.9525 -181.7269
-1121.5295 -133.1852
-1148.4570 -86.1363
-1165.9692 -51.0150
-1183.3603 -15.8608
-1189.5991 29.5850
-1215.7748 76.8319
-1241.7042 124.1523
-1276.2492 183.6456
-1306.9665 276.6967
-1355.3086 383.0855
-1430.1865 504.2097
-1503.0420 625.9732
-1564.3297 747.1127
-1634.7216 858.9212
-1664.2490 976.9623
-1651.8717 1054.8615
-1631.9740 1120.2508
-1624.7745 1164.7391
-1604.7726 1173.1632
-1561.3496 1212.3411
-1507.4345 1261.4780
-1437.6613 1297.2382
-1359.4256 1332.2175
-1280.2290 1378.8031
-1173.7551 1433.9408
-1001.9321 1528.2041
-834.6346 1613.8625
-669.6771 1713.1373
-404.6197 1854.4983
-124.1886 1991.2334
243.2828 2149.4107
525.2239 2183.9997
813.3479 2149.9660
1217.4332 2196.6436
1561.4997 2136.9711
