21.4657 -1000.7417
-193.3014 -1010.7378
-429.2704 -995.1331
-589.8434 -978.9945
-750.1728 -961.2591
-900.0837 -953.6562
-1048.0302 -911.2230
-1186.1241 -890.4472
-1334.6212 -867.5618
-1473.0906 -855.4073
-1608.4758 -808.4860
-1734.7808 -783.8317
-1860.8171 -758.1064
-1973.4962 -710.2182
-2118.5294 -668.2981
-2228.5466 -607.0129
-2327.2918 -546.3499
-2425.2784 -484.8543
-2513.8347 -435.5472
-2569.0095 -379.7724
-2634.0019 -321.8110
-2698.4167 -263.4203
-2764.2519 -215.8762
-2829.6371 -167.9093
-2894.5642 -119.5178
-2969.1539 -68.5312
-3030.7907 -7.9296
-3104.2269 44.1058
-3167.0867 94.3345
-3236.8406 158.7302
-3295.9086 221.1990
-3357.0320 272.7940
-3397.9614 319.6113
-3448.3034 369.2990
-3495.2168 430.6215
-3577.1634 514.6833
-3648.1573 596.7559
-3654.5330 610.9461
-3702.1532 662.3429
-3774.3521 734.3831
-3847.7990 832.8522
-3887.8311 933.9101
-3931.7095 1049.8457
-3934.2833 1190.0251
-3836.9127 1319.4670
