522.3404 -869.9283
372.2017 -829.6074
212.2968 -799.1793
74.1162 -755.9515
-63.3224 -700.3999
-189.4629 -654.8858
-293.7238 -597.6242
-386.7956 -539.8989
-468.7716 -481.9021
-550.1254 -423.4239
-641.1768 -364.0108
-741.7872 -303.4565
-851.1683 -230.3976
-958.6671 -145.2682
-1064.7879 -59.1912
-1158.4850 38.1187
-1239.6244 146.4373
-1316.8334 277.6946
-1372.3955 407.4704
-1366.9448 542.2143
-1322.6878 672.6659
-1201.9945 806.2736
-1027.6567 935.5629
-828.6067 1076.0338
-624.1510 1241.2367
-417.7993 1398.3185
-235.9322 1548.3705
-68.7472 1690.4067
93.1401 1812.9349
249.7747 1949.2854
408.4022 2099.7840
567.4933 2264.8020
740.8635 2446.0662
919.2173 2632.9606
1107.9988 2827.4305
1297.3435 3029.6510
1468.3753 3248.3947
1625.7798 3461.1706
1772.5109 3680.2483
1910.2536 3882.1069
2041.7097 4066.7863
2163.9511 4244.8752
2284.5065 4406.0928
