227.9655 -1221.6231
86.6545 -1178.4461
-32.4411 -1145.2781
-161.9280 -1111.1670
-301.5621 -1064.7318
-440.2602 -1005.9728
-589.4918 -967.8664
-726.5561 -906.5692
-882.8670 -820.5816
-1048.8540 -743.3337
-1212.5439 -652.9925
-1319.3846 -531.8532
-1424.3008 -409.7165
-1530.5645 -320.0732
-1595.6233 -245.2543
-1640.7149 -183.5838
-1664.9744 -124.1399
-1688.9025 -64.6194
-1712.4940 -5.0230
-1732.9230 76.9857
-1751.3532 170.2306
-1767.6107 274.7027
-1773.3053 377.8624
-1771.9022 457.3365
-1770.1897 536.7982
-1766.4808 627.3955
-1764.1045 706.8254
-1756.1198 819.6615
-1747.5605 932.4520
-1732.9056 1021.5066
-1708.8502 1109.1007
-1706.9810 1120.2250
-1688.4819 1174.4229
-1668.1007 1239.7314
-1651.5091 1282.7977
-1631.1319 1348.0873
-1594.2127 1456.4194
-1548.6342 1563.3824
-1497.5381 1703.6564
