489.7790 -1271.7810
412.2591 -1207.0346
335.3937 -1153.0922
269.7195 -1098.6519
204.3992 -1043.9696
139.3597 -977.9220
74.7235 -900.5068
0.0000 -822.8436
-84.6496 -744.7782
-157.9916 -666.3619
-230.4749 -576.4656
-291.5030 -475.2896
-351.6884 -373.8392
-410.9996 -272.1113
-458.8493 -159.3162
-505.8099 -46.3226
-551.8493 66.8699
-596.9357 180.2614
-631.7406 282.2421
-656.6178 372.7166
-680.9767 463.2616
-703.4590 576.1242
-713.5687 721.8503
-712.0554 889.2576
-700.6881 1056.0699
-651.2514 1242.8452
-504.7702 1435.6190
-224.8756 1637.1217
193.3979 1870.0640
570.6845 2119.8434
769.8798 2325.3882
962.4186 2547.9049
1122.6367 2829.6061
1270.3429 3116.4329
