952.6636 89.2610
819.0419 136.3166
694.5419 218.5073
581.9074 291.0563
500.3615 354.4867
409.0993 440.3091
339.0316 505.0014
259.8142 580.9700
201.1055 635.4805
133.4145 690.1517
66.3750 745.1927
0.0000 811.7241
-65.5603 878.6271
-139.5937 946.0125
-185.1210 1002.2749
-248.5392 1059.1225
-292.9208 1115.8410
-336.7670 1172.7490
-361.9783 1229.2231
-367.9985 1307.3643
-364.4899 1396.3150
-362.2692 1451.9083
-350.3693 1529.4307
-308.8962 1706.1742
-209.0396 1914.8992
-89.8842 2090.9183
39.9372 2257.3526
256.8827 2439.1625
