-1849.9364 331.7786
-1823.8090 441.9879
-1802.4987 518.6785
-1784.4909 573.0417
-1763.5736 581.4055
-1694.6025 583.0408
-1577.6018 578.7566
-1431.7906 572.1707
-1284.8228 578.4436
-1138.2115 586.4275
-1031.3979 588.1746
-1022.7602 576.2384
-1023.7359 565.1092
-1035.3332 543.6569
-1045.9725 533.3410
-1102.8816 549.5163
-1194.7522 603.0673
-1274.9570 667.5144
-1312.2663 761.7252
-1272.1807 858.7704
-1268.2246 971.0679
-1236.2405 1080.2394
-1169.3655 1174.3223
-1058.3128 1264.1054
-960.2502 1333.3868
-891.2018 1394.5661
-840.6013 1457.5493
-790.5659 1520.7237
-741.1070 1584.0901
-666.3239 1645.8674
-592.5251 1708.1391
-509.8411 1792.6800
