-2237.7112 -9.1217
-2313.6949 -31.0363
-2374.2753 -20.6930
-2427.1724 34.8311
-2463.5670 122.4884
-2563.3570 141.3052
-2650.8823 170.1517
-2716.0341 206.7808
-2741.2586 235.4516
-2747.2155 307.0530
-2747.9900 401.1202
-2757.7983 497.3104
-2773.8484 606.9186
-2834.7356 691.9422
-2883.6871 739.2462
-2913.2701 782.1528
-2917.1036 806.9019
-2955.6010 852.3543
-3014.1859 819.6004
-3069.3872 762.1047
-3140.8889 720.8829
-3194.8699 747.3107
-3242.5119 796.5099
-3270.8668 840.7078
-3280.1634 879.6929
-3311.1544 912.8588
-3345.1985 934.9384
-3351.2218 948.8951
-3387.6362 996.3601
-3420.1764 1055.2404
-3452.1248 1114.3124
-3483.4739 1173.5733
-3496.1316 1227.1189
-3508.3905 1280.7075
-3520.2469 1334.3370
-3522.8053 1384.9889
-3490.7655 1448.8713
-3450.7353 1534.9139
-3403.0288 1668.1625
