3061.9461 -1198.8439
2925.4377 -1257.6615
2799.1481 -1313.3567
2690.0888 -1330.5517
2577.0458 -1313.0907
2429.0448 -1277.0598
2247.7788 -1233.0786
2035.8917 -1202.7145
1825.7912 -1181.2356
1670.4163 -1152.0973
1514.7090 -1110.5050
1349.6855 -1079.6984
1184.5716 -1036.2391
1042.3148 -1001.0853
889.3779 -954.2453
757.6619 -882.8264
616.3151 -810.8689
465.5121 -738.0817
325.8472 -630.3509
188.0558 -532.5627
41.5279 -433.6025
-103.0686 -322.0994
-245.5042 -209.1488
-375.5302 -95.0070
-491.6760 64.5437
-593.8470 247.0072
-673.7402 418.2395
-729.5108 622.3121
-790.9907 838.5120
-812.9016 1041.3178
-804.7264 1253.2566
-740.7310 1483.4166
-627.6486 1699.1704
-450.0868 1945.7245
-202.4395 2159.5067
165.0914 2370.0770
280.6846 2428.8045
311.3439 2441.0351
534.5904 2575.3149
955.1904 2750.0520
1377.5280 2906.7709
1783.2487 3030.3057
2172.3623 3188.6850
2540.2633 3381.4656
2870.3195 3628.8276
3111.7321 3890.9158
