1640.5222 -692.2757
1493.5046 -594.4524
1347.9384 -495.5993
1214.2605 -394.8299
1082.0582 -293.1400
982.0499 -188.4093
893.3587 -82.5069
805.7468 23.8117
709.8804 118.8968
625.6842 203.8926
533.0936 277.8111
441.5213 352.3197
361.0767 416.5783
281.4515 481.3113
212.3159 546.6842
143.9308 612.4239
95.4861 667.5490
57.1218 700.6654
19.0217 711.6637
-19.0026 722.7832
-57.0076 722.9044
-95.0120 723.1469
-142.3728 734.7401
-189.4435 757.6427
-236.3173 780.7353
-301.5437 815.6083
-394.9249 840.6565
-459.7538 865.3153
-497.2606 866.8646
-507.6914 845.0296
-499.8409 811.2611
-492.4220 766.3793
-455.9426 731.4997
-428.3166 708.2006
-409.6964 696.4130
-391.8101 662.4147
-383.0088 639.8668
-383.7571 617.6254
-384.1300 606.5047
-384.5021 595.3840
-384.8733 584.2632
-413.7276 585.2048
-471.4285 587.2924
-567.0234 602.5002
-623.4242 627.5615
-639.4414 684.1744
-626.7739 739.2813
-614.1677 794.3933
-601.6243 849.5104
-589.1452 904.6329
-576.1141 970.8813
-553.9327 1036.6746
-522.7841 1102.0585
-464.1178 1177.4308
-378.7460 1263.2035
-276.9488 1349.1072
-167.9121 1446.9043
87.2795 1557.1095
344.5625 1673.9674
