52.6297 -655.9611
-62.6432 -522.4864
-186.6040 -410.2401
-309.1857 -319.1679
-431.2202 -260.3858
-594.9672 -243.3767
-758.9625 -235.6022
-880.5594 -206.2619
-961.6214 -189.8125
-1001.7091 -175.8386
-1051.9180 -160.9848
-1112.2154 -145.1378
-1183.4820 -139.3060
-1253.7462 -121.9603
-1322.8304 -93.0913
-1392.7397 -74.9953
-1463.6491 -67.6804
-1533.3113 -48.8356
-1591.4519 -19.6249
-1648.0284 21.0353
-1701.4670 84.3182
-1721.4996 166.3153
-1721.2113 245.7556
-1705.4249 289.0957
-1620.8634 323.5698
-1453.0952 393.8961
-1283.6242 499.4876
-1113.5993 640.3047
-935.7714 804.4515
-733.8647 979.9955
-515.1089 1246.6078
-277.4737 1616.1993
-165.5801 1991.8880
7.8621 2368.4589
170.3266 2759.5358
213.1382 3005.4325
