594.3106 -1123.6644
475.2101 -1116.3295
345.6262 -1119.5055
205.2237 -1121.8137
53.9766 -1111.8637
-97.1576 -1111.6686
-269.8735 -1109.7733
-420.9799 -1106.6507
-571.7299 -1091.0324
-711.8988 -1085.6315
-873.0755 -1066.7891
-1033.3918 -1035.2038
-1214.7014 -1000.4202
-1395.4360 -963.5401
-1543.4992 -927.6351
-1670.7360 -903.6953
-1829.6992 -875.0788
-1985.8688 -822.3644
-2184.9470 -773.3215
-2351.4606 -726.3342
-2508.3064 -690.3453
-2663.0008 -641.3358
-2816.9886 -590.5412
-2970.2420 -537.9418
-3124.7898 -494.8676
-3276.6116 -438.6168
