-857.4163 451.7465
-669.3820 496.1092
-518.5003 611.4840
-397.7687 762.8142
-326.0267 938.6902
-256.0261 1126.0486
-179.5426 1302.5008
-114.8903 1446.1766
-35.0890 1512.3137
34.8678 1567.9112
112.8833 1601.8480
173.4370 1613.8405
288.3466 1549.7331
466.4888 1489.5392
661.5012 1477.9855
862.8020 1504.2055
1094.0667 1571.5255
1253.5752 1691.9892
1372.5972 1821.5385
1429.2992 1989.3111
1408.9031 2145.6632
1296.0874 2264.8005
1139.0230 2276.5717
988.4873 2190.3767
962.4594 2007.4883
1070.0831 1827.8958
1288.0435 1753.0865
1490.8674 1839.3874
1663.9208 1971.6477
1766.5405 2164.0974
1769.7143 2257.3268
