543.6532 -869.2188
372.2017 -829.6074
180.1090 -766.2141
10.5538 -700.5254
-105.1888 -644.5716
-199.3188 -599.1508
-282.2697 -542.2166
-375.0382 -484.5509
-456.7390 -426.6065
-508.6227 -424.9114
-539.7501 -423.8068
-570.0577 -400.3842
-619.6014 -342.6492
-689.2894 -283.7497
-769.2092 -235.0535
-807.1114 -177.1275
-834.4867 -119.6842
-849.4148 -29.4004
-884.0340 62.2138
-907.2651 164.4043
-929.0663 277.7969
-940.3701 390.5300
-950.2263 514.4157
-939.3710 647.9461
-919.7054 769.5880
-844.7530 875.8487
-752.4139 981.2127
-670.8430 1087.7292
-528.3685 1169.2120
-370.1636 1251.7691
-214.4233 1347.6461
-17.6322 1467.7902
208.1190 1614.5058
449.8037 1800.8162
685.4391 2027.2838
891.2381 2314.7988
1132.4166 2604.1007
1356.0563 2868.3658
1635.2412 3123.2836
1983.0033 3407.5272
2572.0248 3883.7095
