-898.2537 -160.4416
-947.7484 -134.8246
-996.2826 -97.8785
-1054.6666 -59.9676
-1104.3890 -44.8705
-1154.9347 -40.7244
-1226.6485 -45.7494
-1307.5171 -38.3078
-1389.4447 -41.5369
-1471.4523 -44.2913
-1543.4244 -47.7070
-1615.4670 -50.7600
-1686.2499 -42.2808
-1756.9886 -33.4296
-1817.5849 -25.5460
-1878.1460 -17.3878
-1928.5856 -10.3791
-1977.4296 8.0082
-2022.9179 48.9719
-2064.7236 112.5217
-2091.2642 139.5636
-2115.9168 177.8702
-2154.7218 253.0705
-2200.7268 341.3454
-2245.7148 429.9135
-2270.3159 515.2101
-2277.0525 585.8442
-2262.1221 664.0563
-2251.3144 719.8951
-2244.7726 753.3875
-2194.5176 859.6049
-2114.3025 971.7019
-1995.9182 1088.4103
-1829.7502 1220.2356
-1620.3000 1357.8162
-1338.4321 1476.6584
-953.3395 1568.4137
-466.2865 1656.7044
-17.0271 1768.0168
419.1289 1899.7004
824.2119 2050.0384
1213.7698 2218.8026
1581.2335 2427.8099
1908.9242 2661.6869
2039.1107 2884.7175
2060.9050 3094.1307
2010.3936 3295.3840
1928.6761 3511.3545
1815.9230 3657.3483
1652.0231 3728.7340
1487.1286 3719.8520
1326.2212 3704.5865
