510.4357 -1226.6419
390.9925 -1229.7935
271.3847 -1220.9876
141.1237 -1222.5623
32.5495 -1211.9953
-75.9068 -1200.7374
-195.0779 -1188.6655
-292.4476 -1176.1413
-378.8764 -1163.2986
-465.1992 -1150.0079
-551.1020 -1125.1404
-679.5557 -1086.9829
-796.2934 -1037.1763
-902.2248 -998.2156
-997.0159 -959.1791
-1080.7248 -920.2580
-1206.7235 -877.7034
-1288.8129 -826.4172
-1380.9993 -773.7049
-1533.0192 -680.7175
-1677.6233 -530.0315
-1824.1084 -422.2111
-1916.8661 -319.4524
-2045.9312 -187.6000
-2136.6307 -94.0036
-2276.2471 8.7471
-2415.5700 102.1567
-2550.7774 208.6662
-2694.0026 366.1005
-2877.0100 465.2875
-3004.8493 531.0924
-3143.9101 589.7711
-3272.3498 647.7454
-3412.4414 698.8351
-3526.5229 732.0624
-3592.3843 788.7183
-3610.5477 831.2402
-3609.7000 867.9575
-3582.0290 957.9764
-3529.7439 1027.8485
-3438.5816 1060.9132
-3317.9361 1060.9901
-3169.9946 1054.3362
-3000.8657 1055.7127
-2820.2361 1068.2376
