-1431.2823 143.1647
-1489.8390 160.8908
-1537.0163 188.8892
-1570.0325 249.3563
-1599.7928 332.2599
-1619.1225 414.0349
-1649.1095 486.0037
-1659.2348 555.4798
-1638.6811 632.2030
-1616.5000 720.0471
-1572.2099 827.5846
-1501.5867 988.3002
-1402.7684 1156.6727
-1301.1169 1358.7760
-1133.2995 1609.6939
-981.5066 1852.0643
-962.0084 1872.5362
-783.2492 2124.8348
-739.2539 2154.6609
-603.5923 2311.9559
-427.2832 2457.3705
-144.2348 2603.2741
125.8996 2758.6748
369.9346 2889.1968
614.9320 2983.9127
901.1655 3047.9819
1217.0057 3095.4773
1541.7209 3113.5600
1860.7902 3097.5647
2180.6227 3021.7919
2489.7965 2926.9435
2769.7773 2853.1216
3000.0482 2815.7993
3165.0408 2742.2275
3257.3368 2638.9373
3314.8685 2572.6234
3362.9366 2566.9282
3406.0694 2572.2897
3431.4587 2557.1692
3449.2482 2538.7847
3484.8682 2502.0166
3528.2799 2468.5907
3587.3663 2441.9900
3664.9262 2436.8357
3737.5010 2443.1280
3804.8350 2460.8581
3851.2196 2482.6666
3899.6226 2519.3363
3953.2351 2545.5878
3999.0126 2568.4290
4037.0341 2587.7037
4067.3673 2603.2812
4097.6249 2618.9994
4127.8060 2634.8584
4142.8677 2642.8409
