-1124.9905 -177.7539
-1234.3684 -134.9161
-1361.2676 -66.8656
-1469.1167 -21.9787
-1567.5028 11.5307
-1664.1103 56.9832
-1751.5295 90.7485
-1827.0568 134.9522
-1903.6669 168.4952
-1986.4861 226.4027
-2004.5954 240.6025
-2076.5941 297.7290
-2177.2906 360.3585
-2298.5036 416.3211
-2430.6110 464.3419
-2576.1912 493.5447
-2709.2903 533.6354
-2803.2630 566.4520
-2872.3856 617.9789
-2921.7837 665.3902
-2948.9199 719.5959
-2953.8786 780.3734
-2954.7983 816.3654
-2958.4791 841.1550
-2950.4537 910.7247
-2936.1283 1002.6087
-2902.9389 1125.4684
-2841.6063 1276.7237
-2729.0693 1438.0855
-2475.0924 1575.0637
-2189.6959 1684.2367
-1839.5139 1762.5578
-1404.5222 1837.5746
-988.7284 1931.5448
-667.0196 2048.2746
-427.0612 2200.9666
-220.4621 2360.2206
-38.4148 2524.2194
74.8618 2691.2814
211.6151 2849.5907
299.5051 2986.2447
348.1059 3122.1662
409.0861 3237.0543
464.9610 3374.7257
