4075.0278 -751.3012
4017.4116 -741.7976
3917.5620 -742.7817
3771.0171 -730.4418
3614.2588 -719.4662
3457.8816 -707.2033
3301.9023 -693.6477
3137.7370 -692.2993
2973.8529 -689.3799
2808.5054 -673.5760
2655.8579 -665.7339
2505.1301 -667.8016
2350.0351 -634.7153
2219.4993 -619.7744
2110.2815 -600.9544
2011.8410 -580.0720
1925.4308 -568.5198
1849.6432 -555.2479
1763.5497 -542.8630
1667.1776 -531.1913
1559.4869 -508.8641
1442.7147 -498.0160
1315.7561 -487.2260
1190.7057 -497.7040
1066.3129 -518.2690
941.0272 -526.6310
847.6042 -543.3476
743.0459 -548.8540
649.3586 -564.3169
534.5628 -579.9385
430.0673 -594.3863
315.1260 -619.4489
178.5794 -621.6510
31.4935 -611.5405
-104.8356 -588.9729
-240.9502 -576.3030
-376.6026 -551.2858
