-2810.8256 -486.8373
-2857.1339 -443.0255
-2890.7956 -389.7211
-2915.8085 -349.6443
-2943.9031 -156.2086
-2963.4320 12.6753
-2995.5963 208.7164
-3014.9193 355.3464
-3000.5117 506.2644
-2977.7561 643.4168
-2933.8744 739.6695
-2895.4468 813.4184
-2874.8135 855.8684
-2811.1633 911.4465
-2738.5572 964.9081
-2642.4348 1036.5340
-2537.9633 1106.4527
-2425.3668 1174.8916
-2199.6277 1289.8320
-1969.8110 1360.3035
-1777.1037 1497.9995
-1613.6478 1550.7828
-1462.7561 1596.0048
-1285.9743 1650.9231
-1038.4672 1666.8456
-910.5762 1800.0663
-825.1498 1881.9653
-786.7314 2091.5222
-786.3191 2248.4068
-794.8574 2316.4752
-594.9748 2411.9196
-488.8424 2572.3887
-340.9106 2620.4239
-189.4454 2615.3494
