4295.7604 -901.3300
4028.4285 -969.7726
3760.1451 -1033.2924
3512.5574 -1087.4649
3296.7165 -1131.3034
3080.4079 -1172.1454
2863.6692 -1210.0292
2646.5365 -1244.9899
2426.5279 -1254.4857
2228.3964 -1258.4340
2051.0976 -1246.3573
1884.0086 -1220.1787
1717.4340 -1192.5498
1550.5403 -1152.2747
1394.3710 -1098.4851
1260.5596 -1041.8237
1180.4119 -969.3088
1132.0843 -883.1427
1101.0413 -728.5511
1057.3262 -541.2930
994.5234 -377.7589
922.8602 -225.9351
852.1288 -73.9268
762.9925 66.0024
655.4541 205.3427
549.3867 356.4997
455.6518 497.5950
392.9644 629.0526
340.9630 761.0396
327.0659 905.3307
350.1499 1050.7196
390.0123 1207.9307
452.7816 1410.9243
655.1179 1678.6315
840.8409 1973.0605
1035.3810 2263.4631
1261.4501 2498.3656
1543.1396 2593.2461
1807.9885 2649.4395
2094.5298 2638.2461
2399.5764 2593.3181
2714.6207 2547.8769
2997.1480 2498.7177
3197.6806 2448.5961
3380.5895 2406.5297
3518.5062 2347.4002
3637.0386 2293.5965
