65.6550 -1389.8159
32.7766 -1356.5493
0.0000 -1300.9824
-32.5851 -1234.2343
-64.9910 -1178.5431
-107.8294 -1089.3628
-160.9903 -999.9652
-224.1647 -899.1195
-286.7756 -809.1284
-327.1445 -697.0822
-366.8941 -584.9100
-384.6396 -450.9180
-393.0545 -372.7866
-390.4547 -272.6844
-378.1707 -195.1049
-365.6715 -106.3991
-353.5385 -28.8107
-331.4427 48.5331
-319.5287 126.1383
-307.7005 203.7490
-296.2223 270.2446
-274.7590 347.6524
-263.5059 414.1674
-241.9526 513.8567
-230.7272 591.5116
-219.6075 669.1731
-208.5967 746.8414
-198.1051 802.2770
-178.1291 868.6916
-167.5104 946.3884
-157.3550 1001.8533
-138.0861 1057.2079
-100.3637 1145.7689
-63.3592 1223.3320
-8.9457 1334.3448
26.6114 1412.2116
52.8309 1479.0309
78.6515 1545.9181
112.7379 1612.9674
137.8527 1668.8927
170.2610 1769.5082
219.5274 1837.2601
259.9234 1893.9230
299.7105 1950.7691
330.6184 2007.4939
370.3038 2042.4325
409.0072 2088.6687
446.5291 2146.1982
