-1857.3239 -1291.0301
-1962.0598 -1234.0719
-2044.5306 -1178.9448
-2115.7033 -1124.6556
-2174.4353 -1060.1204
-2230.0818 -972.7626
-2296.9738 -894.7990
-2365.9711 -838.9119
-2423.8678 -784.2336
-2457.1040 -710.0440
-2501.9342 -645.2611
-2563.8478 -554.1744
-2635.1473 -460.7947
-2681.6482 -417.6439
-2705.2809 -366.8287
-2702.2765 -285.9673
-2688.6736 -207.0702
-2703.2892 -111.0908
-2792.0418 -23.3880
-2831.5006 43.3276
-2874.9159 87.7306
-2957.8856 141.1559
-3010.4021 188.4342
-3042.6873 231.4039
-3106.3715 317.7646
-3176.9497 370.8595
-3235.7308 469.6158
-3289.2195 543.7959
-3341.1508 581.9545
-3386.6405 642.9676
-3425.0952 690.2917
-3485.3252 732.1211
-3519.6541 791.2298
-3525.2328 841.9512
-3542.3913 920.9343
-3548.1988 1033.6869
-3530.7486 1151.7067
-3482.9623 1297.1340
-3427.5936 1402.8290
-3383.3599 1474.9354
-3335.2174 1558.0673
-3021.4482 1690.9443
-2659.3199 1802.1492
-2242.3618 2179.0937
-1851.9164 2577.7905
-1582.9278 2658.8168
-1350.9383 2752.8539
-913.4451 2970.5277
-514.3502 3210.7369
-397.2338 3548.7798
-295.8702 3899.7329
