-2539.0846 -604.5391
-2603.9621 -535.7475
-2669.9401 -477.7969
-2724.9856 -421.3313
-2789.8728 -362.5732
-2852.1644 -292.0846
-2913.7019 -221.1517
-2974.4689 -149.7745
-3052.4235 -62.1958
-3116.6786 35.1077
-3139.6495 123.5308
-3169.1454 225.7603
-3187.6562 325.7373
-3185.6482 420.8649
-3188.5192 493.4241
-3190.9244 565.9766
-3189.9483 649.7662
-3184.8077 708.5073
-3176.3996 778.4475
-3154.9057 820.7936
-3130.3391 874.3261
-3118.1003 919.1528
-3102.6317 939.0173
-3013.1470 1010.9971
-2896.8351 1111.8959
-2883.8924 1264.1178
-2919.9482 1406.2844
-3019.5768 1519.8705
