2647.2011 -1440.8078
2586.0666 -1392.2888
2525.0717 -1343.6938
2464.2238 -1295.0182
2404.7839 -1257.5409
2345.4873 -1219.9543
2286.3385 -1182.2556
2227.3423 -1144.4419
2168.5035 -1106.5102
2099.0558 -1069.8222
2020.2152 -1045.4866
1929.7144 -1010.8969
1828.7976 -977.1259
1738.9302 -941.7076
1648.3893 -894.7067
1557.2954 -836.1433
1487.8952 -775.2164
1448.6685 -688.8359
1428.6567 -578.1573
1407.5252 -456.3490
1395.5192 -322.4323
1369.7607 -156.0863
1323.4805 8.2230
1267.3838 171.5459
1231.3567 336.7602
1208.9572 559.4803
1211.4231 807.2445
1219.2045 1067.0873
