-2985.9492 609.7354
-3036.6735 610.3816
-3087.4356 611.2242
-3138.2345 612.2637
-3173.7103 633.4826
-3206.1330 666.0839
-3250.8594 690.1595
-3279.8253 734.3148
-3321.0317 770.0219
-3343.0957 800.5429
-3361.7866 842.3773
-3364.3383 903.9987
-3367.1148 929.1948
-3384.2674 1007.5750
-3402.8603 1111.2588
-3430.9611 1243.1607
-3460.4792 1364.1136
-3479.0903 1482.2813
-3479.0367 1619.6974
-3480.9189 1745.8975
-3468.0915 1879.9090
-3403.6872 1994.9705
-3329.9648 2131.6911
-3200.5324 2222.1350
-3068.1602 2324.2316
