-1473.8869 -168.1035
-1482.7336 -54.3649
-1486.0627 104.0107
-1488.3238 262.3768
-1500.6015 410.7353
-1513.0635 547.9843
-1531.7877 629.5686
-1540.4375 709.9818
-1547.0979 801.5465
-1550.0130 915.3821
-1522.8554 1036.5345
-1484.7420 1167.5139
-1469.0188 1210.7546
-1462.3461 1255.2236
-1449.9898 1276.2279
-1432.6459 1330.5800
-1406.4285 1383.7261
-1319.2013 1485.4783
-1136.1819 1587.4797
-902.0070 1720.7084
-649.6039 1857.0201
-338.3895 2018.9138
-39.4996 2335.1888
52.5893 2668.8588
62.9454 3091.5058
68.2337 3225.0016
