-1857.0623 549.5761
-1935.0437 676.0804
-1965.3636 784.2262
-1985.7560 833.5879
-1994.4369 892.5346
-2001.7411 905.3012
-2023.4997 943.6459
-2020.1085 1012.1337
-1981.8140 1062.8566
-1950.0193 1080.2411
-1894.8916 1070.6981
-1852.8778 1040.7017
-1840.6703 947.0905
-1808.9377 850.5742
-1768.4087 741.6685
-1657.7525 702.9830
-1568.9690 713.6982
-1480.4286 725.0309
-1378.5855 690.2363
-1346.9921 630.2415
-1342.5469 584.6381
-1346.3683 551.2275
-1362.3717 496.5940
-1406.3088 456.3358
-1458.9065 428.4537
-1510.3618 411.8972
-1570.3198 407.8811
-1550.7918 405.4734
-1520.1211 413.0668
-1478.3975 430.7251
-1425.7546 458.5324
-1313.9063 491.3845
-1115.6775 516.9889
-773.7686 535.6776
-509.8897 588.8357
-123.6384 712.2887
138.8438 1001.6103
349.0419 1562.7858
539.3468 1983.9736
767.0042 2201.8469
1117.7507 2409.5113
1494.9869 2664.5741
1874.3145 2959.2118
2200.7060 3234.3387
2499.5181 3593.4062
