0.0000 -1123.0703
-161.4630 -1055.5661
-321.9670 -997.5934
-482.0536 -960.2631
-641.5114 -921.3218
-790.1374 -892.4189
-938.3288 -862.0990
-1117.9658 -828.1417
-1307.6184 -791.1967
-1476.3634 -765.0429
-1644.7313 -737.0075
-1802.1422 -708.3039
-1959.1704 -677.9217
-2115.7966 -645.8480
-2272.0010 -612.0695
-2430.9410 -599.0870
-2591.5357 -595.7226
-2752.2854 -590.7320
-2913.1737 -584.1099
-3034.8979 -536.8020
-3124.7898 -494.8676
-3193.4832 -456.7304
-3264.0506 -429.5382
-3312.8358 -347.4088
-3333.2037 -235.6254
-3339.8300 -114.8075
-3335.2126 3.5475
-3332.5262 62.6976
-3334.7943 99.1727
-3336.9490 135.6487
-3348.9370 174.6408
-3377.8585 230.0819
-3413.4161 299.5816
-3452.2959 394.5806
-3474.2735 509.7626
-3462.9169 628.1125
-3459.9353 749.0942
-3465.0003 872.7934
-3467.6963 898.0939
-3462.6623 982.3879
-3431.6357 1083.3288
-3381.8418 1178.4067
-3320.8999 1245.3791
-3263.6942 1301.2150
-3215.3034 1298.6421
-3170.3838 1285.1257
-3119.7619 1258.0301
-3068.9156 1231.2338
-3048.2889 1201.2137
-3024.2812 1182.4222
-3000.1828 1163.7043
-2972.8563 1156.2207
-2933.0183 1193.4341
-2880.7410 1275.2568
-2822.1896 1379.2864
