2173.9127 -1493.2174
2019.9553 -1511.1812
1832.8469 -1531.1729
1624.3071 -1562.3648
1403.6877 -1580.7302
1193.9458 -1595.6663
995.5922 -1618.7195
785.8924 -1640.0512
564.8410 -1659.2943
354.2727 -1653.4056
154.7838 -1622.7952
-55.2021 -1590.0061
-88.2811 -1578.7560
-198.6300 -1577.8860
-264.8367 -1577.0427
-452.4047 -1573.3441
-628.9043 -1568.0930
-837.6278 -1537.3442
-914.7269 -1533.6037
-1068.8834 -1525.1289
-1299.9968 -1509.9251
-1520.6816 -1503.8401
-1742.2367 -1506.2659
-1962.1121 -1483.5685
-2115.8835 -1466.0337
-2235.5257 -1440.0328
-2353.7970 -1401.8711
-2483.8744 -1372.5462
-2615.0008 -1353.4797
-2636.8436 -1350.2021
-2741.8626 -1299.3669
-2824.6546 -1251.2990
-2925.6638 -1176.2441
