-3578.6310 -175.8864
-3588.8349 -173.2960
-3596.4717 -159.2939
-3593.8993 -147.8923
-3601.4956 -133.8808
-3586.1393 -113.6980
-3565.5643 -70.7435
-3534.3326 17.6764
-3525.5023 99.8546
-3528.9304 173.2721
-3531.8858 246.6867
-3521.6308 328.7282
-3504.9601 433.3310
-3519.5771 534.7315
-3555.4226 630.5148
-3609.3770 695.5847
-3656.4415 746.8615
-3700.3990 772.9011
-3727.8170 818.7250
-3764.2608 867.7320
-3815.2758 934.4462
-3898.9895 962.8506
-3990.1176 969.3782
-4068.1767 984.5379
-4155.4496 1003.6643
