-106.3514 -833.6076
-222.3425 -754.5506
-326.7146 -674.8384
-430.0673 -594.3863
-532.3644 -513.1850
-644.8640 -453.0335
-755.9394 -380.8388
-876.8685 -318.2318
-996.7775 -254.5237
-1105.4209 -190.5073
-1201.9713 -115.2821
-1298.4415 -50.4125
-1385.0122 3.0704
-1464.4099 22.6427
-1534.8165 30.4088
-1605.1818 38.5466
-1665.4606 45.8184
-1721.4949 86.8674
-1771.2507 172.8792
-1810.1920 257.8101
-1840.1120 330.3669
-1858.0221 412.7755
-1877.0720 484.0848
-1916.7066 547.2863
-1986.4039 604.1889
-2022.8881 621.6731
-2095.5529 657.0250
-2203.7782 711.0143
-2306.5356 788.4897
-2400.7920 854.0178
-2472.7293 927.6367
-2536.8475 988.6594
-2615.7934 1065.6564
-2687.1082 1130.0594
-2751.4603 1217.3924
-2811.1656 1316.4692
-2854.5401 1400.1085
-2896.6598 1484.0795
-2934.0335 1579.4656
