-1362.3643 -809.0414
-1467.6171 -788.3760
-1572.6715 -766.9714
-1697.6033 -731.3547
-1854.9245 -702.0972
-2032.9257 -668.3997
-2189.4089 -635.5392
-2324.4779 -604.1772
-2426.1672 -565.3154
-2504.8845 -517.8807
-2564.0469 -484.7696
-2621.1867 -440.0837
-2700.5348 -402.5780
-2789.8728 -362.5732
-2868.4983 -323.9396
-2957.0452 -282.6624
-3045.1696 -240.7061
-3140.8157 -184.4750
-3238.1311 -138.7160
-3322.3307 -83.1876
-3395.7867 -29.4440
-3468.6653 24.8721
-3530.9360 77.1317
-3582.7065 127.1513
-3634.0283 177.5011
-3691.8548 242.3453
-3768.6407 313.3841
-3857.7183 450.9534
-3947.2280 578.4617
