4230.7222 -857.2261
4100.5636 -878.7786
3959.6561 -901.8677
3831.4625 -932.7028
3692.3473 -964.8370
3552.9956 -995.6625
3424.1632 -1022.9660
3284.3889 -1051.3090
3155.1855 -1076.3406
3025.8171 -1100.2949
2883.9385 -1113.6861
2752.8432 -1124.1108
2610.9440 -1135.2016
2470.3771 -1156.3911
2340.4924 -1174.8646
2198.4701 -1182.4550
2067.3081 -1187.5538
1937.2275 -1202.8783
1795.2324 -1207.1189
1664.1331 -1209.1367
1522.2431 -1211.1368
1391.2662 -1211.0911
1271.2092 -1209.2503
1151.2282 -1206.5802
1030.7629 -1191.9327
910.5107 -1176.4681
790.4785 -1160.1833
670.2959 -1131.9439
539.6861 -1103.2378
409.0090 -1051.3001
279.0420 -998.3806
171.2102 -944.2551
42.6730 -889.5040
-21.2437 -811.7098
-74.0206 -733.7122
-115.7845 -655.6158
-146.6690 -577.5063
-166.6969 -488.3287
-186.4698 -399.1199
-195.6814 -310.0228
-235.4553 -220.4425
-243.9881 -120.1843
-272.3010 -8.4109
-269.8372 113.9161
-207.9109 235.1623
-49.0237 355.9183
145.7240 467.8678
366.3389 561.4319
574.9474 636.3172
783.9490 670.4007
991.8568 708.1788
1200.9833 727.4083
1332.5315 752.7109
1383.7911 803.7754
1381.8474 893.9333
1361.0072 981.8317
1303.3522 1065.3442
1250.4663 1115.6641
1197.9997 1166.1681
1138.1987 1204.7824
1068.5599 1253.8842
1007.3460 1315.3247
954.5429 1388.9635
902.3651 1462.7898
877.0676 1539.0489
867.0758 1639.0570
855.7751 1750.1592
841.9369 1883.4565
825.4084 2038.9343
807.2378 2205.4742
