3680.6426 -1158.5968
3552.5426 -1197.7796
3413.2517 -1237.9870
3284.4827 -1274.8122
3144.5066 -1312.4975
3004.1968 -1348.8931
2862.1651 -1372.6492
2730.9211 -1393.4982
2598.2826 -1401.9986
2476.6070 -1407.9859
2353.7970 -1401.8711
2231.1275 -1394.9720
2118.4823 -1374.7237
2005.0541 -1342.6238
1890.9784 -1298.7087
1788.2041 -1253.0880
1684.9150 -1195.8062
1581.2326 -1126.8855
1488.8943 -1056.5561
1385.5431 -975.6220
1282.9031 -894.2328
1170.3872 -813.1608
1058.7536 -731.4756
948.0425 -649.1607
837.7231 -555.0656
737.8820 -437.5439
648.1655 -285.6597
549.2919 -122.6506
453.4130 7.5288
359.4606 127.1542
287.1037 236.6615
264.4693 369.6862
242.1810 502.7366
240.1070 602.8169
276.3384 692.5945
321.6991 771.6289
366.7265 839.7343
374.9532 873.3945
355.8392 883.9223
337.4701 872.2404
309.3553 871.4547
253.1197 870.0882
196.8777 868.9952
150.1620 857.1735
103.3455 845.5417
46.9269 856.2970
-9.3560 889.5644
-65.2841 923.1052
-111.4368 967.9440
-129.1646 1034.8587
-137.4744 1101.6860
-118.4766 1157.0708
-90.5125 1223.5256
-63.1388 1256.6904
-8.9882 1289.8667
62.5446 1345.6464
159.4664 1424.5254
254.3650 1515.4377
361.7817 1674.5868
584.9110 1930.9396
1011.4369 2260.6178
