-62.5997 -511.3668
-165.8711 -410.4881
-267.7677 -308.8679
-368.5149 -217.6179
-457.7786 -125.9466
-545.3766 -22.5298
-632.0630 70.3899
-717.4380 163.9390
-803.5543 224.7362
-879.7275 274.3579
-955.2804 324.4755
-1039.0509 387.0181
-1121.9119 450.1930
-1196.3947 490.7971
-1271.5599 520.7638
-1343.8235 573.5016
-1394.8799 635.6580
-1424.8185 706.9476
-1444.7208 777.1944
-1443.8878 856.2835
-1396.1747 929.5776
-1339.5967 1001.8674
-1225.7095 1090.3418
-1056.5478 1196.5118
-777.4696 1363.0899
-444.9637 1566.5749
-170.0309 1780.6273
49.6770 1990.5266
208.6166 2226.4057
305.6701 2563.3067
434.3086 2903.8561
558.7585 3113.5573
683.7115 3236.9437
813.8546 3375.4701
942.5050 3517.7355
1046.3106 3648.5418
1124.8805 3777.7071
1206.3466 3898.4297
1281.8304 4020.4695
1388.3074 4141.8567
1539.7196 4270.0064
1747.5871 4415.6813
1964.9427 4582.4112
2216.4438 4776.2392
