868.5461 -1480.0752
747.6712 -1485.5359
615.4716 -1479.4278
483.3745 -1472.3540
362.3661 -1464.0928
241.3428 -1443.8964
131.3767 -1400.5683
21.8283 -1334.3273
-86.9877 -1256.2840
-184.0358 -1166.5459
-290.7930 -1064.9242
-406.8382 -951.1869
-531.6712 -825.0720
-634.3048 -720.9969
-705.0115 -639.8956
-754.5330 -570.5997
-793.1366 -501.6601
-831.9181 -443.7236
-860.0067 -386.2687
-878.1548 -340.5009
-885.8639 -295.3351
-893.4830 -250.1608
-901.0112 -204.9782
-919.3484 -170.2601
-937.5725 -135.5094
-965.8330 -100.0253
-1014.9790 -74.1355
-1063.9419 -48.0526
-1110.9303 0.5038
-1154.6864 82.6808
-1186.7651 175.3052
-1207.2019 278.2755
-1225.8528 392.4496
-1242.5430 517.8196
-1248.7344 642.2509
-1255.4443 755.5579
-1252.1210 867.8551
-1239.0521 979.1137
-1208.6846 1077.2054
-1179.7889 1164.1839
-1151.0507 1251.1747
-1121.1503 1349.2939
-1090.0905 1458.5360
-1056.5310 1590.0044
-1015.9135 1709.4687
-965.9724 1839.2242
-945.1983 1870.8318
-858.3095 2041.9915
-676.3575 2216.7367
-427.9865 2446.2581
-128.8311 2614.1317
253.4695 2895.4215
