2958.0499 -1252.0842
2782.5968 -1269.7289
2593.5362 -1264.5888
2426.5279 -1254.4857
2282.7540 -1251.2996
2159.7343 -1233.0091
2070.6335 -1221.2668
1991.4399 -1196.6176
1924.3036 -1181.6671
1834.6193 -1157.6434
1710.8284 -1114.1598
1575.8904 -1059.7743
1441.6630 -1004.5020
1339.4793 -934.5442
1259.2506 -862.4450
1190.8849 -800.4245
1122.1825 -727.0456
1065.1595 -663.8816
1008.4697 -600.5720
952.1243 -537.1132
906.5425 -472.8725
850.2673 -398.0058
793.8383 -311.8535
747.5816 -213.8838
701.7604 -115.8223
666.4851 -17.1784
641.5554 81.9893
617.3466 170.0499
592.8076 269.2554
578.7978 357.7980
554.6059 457.0314
540.8006 545.5843
526.5535 645.2617
511.8668 756.0624
514.9328 889.9260
552.1092 1070.0341
614.4035 1251.8344
692.1532 1424.1462
794.3082 1576.9795
916.6967 1744.5292
1069.7044 1895.4540
1239.1468 2063.6515
1434.4019 2229.6820
1646.0876 2394.2905
1850.3245 2554.0438
2010.5699 2699.0842
2148.5454 2819.9971
2288.9621 2922.2803
2433.6074 3006.1619
2579.5815 3082.6721
2757.3953 3087.6944
2946.6483 3075.5182
3137.8463 3067.7115
3325.1841 3074.9667
3485.7222 3072.6294
3606.3602 3065.7767
3693.5764 3056.2805
3767.1564 3040.0254
