88.0250 -1512.0376
-120.8549 -1478.4859
-350.6792 -1419.8207
-578.6636 -1335.8558
-825.6669 -1225.4567
-1057.9349 -1089.5843
-1268.3578 -996.3565
-1468.6525 -934.5948
-1647.3933 -883.5196
-1792.2401 -822.6986
-1921.9083 -728.0277
-2038.1583 -622.1426
-2170.5870 -489.5742
-2243.8941 -329.6794
-2285.6675 -185.2664
-2308.9502 -66.3838
-2303.5937 -32.7330
-2307.9952 129.3588
-2226.1308 311.1659
-2196.8900 363.7171
-2181.3287 395.5839
-2109.5387 521.3770
-1994.0442 731.6435
-1848.0458 959.7329
-1806.7617 1033.1624
-1727.1618 1111.9531
-1659.3360 1181.3466
-1419.1270 1419.4714
-1196.5065 1662.2600
-939.3670 1847.7816
