2016.8502 -909.4605
1874.5900 -892.5708
1734.7818 -896.9254
1584.3518 -901.1354
1433.9811 -903.9571
1282.9031 -894.2328
1100.7604 -896.5158
993.4117 -892.3151
864.8188 -888.5743
735.8800 -872.6862
585.5492 -845.4592
424.8276 -806.0261
275.2767 -753.7107
147.4591 -666.4661
52.3109 -555.8850
0.0000 -422.5413
-61.7499 -300.0947
-132.7823 -188.4085
-183.1385 -132.2364
-162.2788 -88.0080
-141.5423 -43.7508
-120.9308 0.5352
-100.3634 55.9700
-79.9568 111.4339
-139.0917 189.7651
-138.3683 256.4837
-256.7317 269.4041
-375.8541 250.0432
-464.4298 264.0347
-562.1947 290.1849
-668.8102 328.7257
-793.6533 380.5216
-926.3501 445.4555
-1057.6197 511.9015
-1187.4184 579.8654
-1289.4972 623.9954
-1379.9352 679.1016
-1458.5361 744.9544
-1531.4423 844.8421
-1584.0252 942.7513
-1618.5075 1027.2160
-1650.2652 1122.9784
-1675.2308 1252.2552
-1674.7878 1412.0936
-1657.2958 1557.8753
-1576.2363 1658.9782
-1457.5097 1731.7317
-1344.1403 1783.4335
-1237.1242 1802.9812
-1106.8695 1809.5649
-977.0649 1817.8798
-840.4309 1816.0605
-635.3704 1822.5377
-379.8710 1842.3324
-150.3038 1924.8895
132.2764 2002.4685
530.7695 2106.2151
960.5521 2277.3127
1390.8034 2565.2487
1782.7631 2877.5283
1802.8355 3295.3121
1733.4314 3692.5952
1660.5299 3970.5140
1602.1552 4193.3068
1534.9989 4353.0802
1516.2752 4529.1627
1537.7711 4721.4406
