-1245.3259 -392.2291
-1357.2339 -359.8096
-1458.4096 -327.5082
-1558.0537 -283.2719
-1646.8812 -239.4384
-1729.9408 -150.2611
-1791.5091 -63.0490
-1870.6725 38.5093
-1938.3399 139.2890
-1984.8022 237.5805
-2001.1805 262.9585
-2031.8979 324.9902
-2076.1479 423.8674
-2121.1510 511.8573
-2161.5438 564.9211
-2216.4479 644.0167
-2253.4855 708.7291
-2299.3437 775.4769
-2306.5356 788.4897
-2323.1336 803.3757
-2337.3646 829.4560
-2342.1046 853.6679
-2342.0561 900.1990
-2325.6102 931.7618
-2290.5948 959.5593
-2237.1609 983.7316
-2207.0442 989.4091
-2137.6771 999.2136
-2031.4908 1002.6616
-1938.8742 986.3713
-1848.0458 959.7329
-1723.1684 905.9442
-1609.8421 832.7184
-1494.9672 760.8163
-1390.8293 669.0659
-1275.1991 577.4380
