-3312.2813 574.1065
-3320.5626 697.2196
-3324.1818 831.5692
-3298.1826 957.7289
-3265.2655 1069.7622
-3201.9735 1148.4859
-3130.7379 1188.4507
-3041.7793 1223.5248
-2960.2405 1200.8452
-2908.8761 1174.9445
-2857.2979 1149.3402
-2823.7891 1128.7166
-2778.0716 1117.0653
-2741.4588 1107.8914
-2698.4795 1085.4538
-2664.5376 1065.4195
-2630.4758 1045.5154
-2608.2257 1016.7267
-2585.8138 988.0082
-2563.2414 959.3603
-2543.0791 919.6196
-2529.5014 893.1629
-2508.9322 853.5339
-2488.1216 813.9728
-2455.2218 783.6767
-2400.8365 760.8187
-2351.1887 762.4684
-2294.8327 797.8028
-2259.8021 825.7802
-2203.8988 861.3851
-2164.7606 911.8186
-2100.0811 945.9709
