-1511.2848 -1065.7863
-1627.8446 -1032.1913
-1733.3092 -998.8311
-1838.4395 -964.7159
-1931.3893 -919.9046
-1994.3005 -900.8947
-2055.8641 -870.3840
-2125.2656 -815.7042
-2183.5899 -762.0850
-2223.1658 -733.6586
-2273.1548 -703.5582
-2312.4258 -674.8299
-2351.5505 -645.9659
-2411.5271 -613.6707
-2481.7529 -579.3721
-2539.5675 -535.1648
-2583.1331 -469.9090
-2655.4186 -387.5680
-2731.1652 -268.8693
-2845.8313 -141.2313
-2945.5574 -2.9706
-3007.3183 104.9665
-3077.4078 215.7912
-3175.1688 334.5847
-3257.9756 463.3860
-3341.1508 581.9545
-3421.9612 701.5578
-3500.3374 822.1804
-3533.9103 881.4322
-3572.7343 955.0480
-3680.7496 1064.2804
-3778.4642 1197.6302
-3872.7126 1332.5805
-3941.2144 1447.7011
-4016.0864 1541.4219
-4046.5258 1566.6176
-4063.5861 1599.5477
-4058.0183 1662.3846
