3171.9500 -1190.3929
3018.5743 -1206.5817
2841.9730 -1213.6562
2654.6346 -1220.6699
2467.4224 -1225.7056
2312.9249 -1224.3935
2148.8739 -1234.3760
1961.0151 -1222.8460
1739.1103 -1190.3436
1574.7669 -1183.8290
1409.8736 -1164.6127
1223.7645 -1145.4755
1016.5261 -1125.7057
821.0943 -1114.0823
625.6456 -1089.0951
452.3160 -1061.3046
279.5353 -1031.7450
107.3912 -1011.5242
-53.6004 -978.4287
-214.0107 -943.7471
-362.9164 -896.5888
-510.7307 -836.8950
-657.1279 -764.6404
-770.6391 -692.5338
-853.3323 -654.7016
-935.0238 -605.2492
-1026.6670 -554.5997
-1107.2947 -504.1021
-1188.2215 -464.2558
-1268.7386 -423.9157
-1348.8379 -383.0791
-1417.1626 -331.5929
-1493.0483 -256.3237
-1569.2225 -191.6955
-1634.4666 -127.7386
-1680.0901 -77.0216
-1725.3135 -26.0975
-1760.0706 23.7282
-1785.9173 61.1852
-1807.1015 132.2313
-1819.4468 190.8044
-1829.9539 260.5736
-1836.8818 352.6955
-1846.6047 422.5066
-1854.2653 503.4974
-1851.8557 583.0420
-1830.0159 659.6538
-1809.8919 725.0944
-1780.2993 789.0841
-1744.9410 829.3896
-1700.3718 868.3703
-1644.9925 917.2518
-1582.3651 953.8815
-1514.0577 967.2796
-1445.9622 981.0534
-1395.1101 1008.6046
-1352.2653 1048.5788
-1328.0311 1090.8538
-1331.3097 1136.4424
-1372.3490 1175.4377
-1431.1378 1217.0081
-1438.5589 1229.3302
-1448.3172 1287.3431
-1411.4287 1350.3905
-1391.9248 1359.1189
-1374.0798 1356.7659
-1347.3038 1353.2943
-1318.9583 1361.0052
-1249.0284 1408.9005
-1141.6235 1475.4032
-1045.7018 1532.6320
-934.7219 1577.8851
-781.5937 1620.7462
-633.4020 1621.3672
-468.1062 1623.3535
-302.6926 1639.1961
-112.7379 1612.9674
95.6401 1590.5472
305.0396 1572.4851
499.1577 1535.6768
624.7203 1498.0026
707.2670 1458.6949
810.2086 1399.1454
896.5444 1338.9875
994.0522 1269.1676
1073.4756 1209.4141
1173.3076 1140.9644
1288.4875 1108.7583
1381.5368 1108.7151
1462.2955 1130.4683
1530.2426 1173.8082
1545.2513 1255.5052
1539.9371 1288.8519
1514.9077 1330.7207
1500.6670 1362.7760
1479.3270 1382.4593
1456.3134 1413.2824
1422.8328 1454.0161
1400.0517 1484.9107
1370.2860 1503.5418
1344.3662 1556.7217
1318.5839 1609.9256
1298.2010 1686.4924
1288.0435 1753.0865
1308.3985 1789.8247
1353.8567 1830.2038
1404.5222 1837.5746
1448.6584 1832.8398
1473.9879 1836.7453
1507.7412 1842.0603
1541.4718 1847.4985
1579.4184 1830.8938
1606.9015 1824.0657
1634.4365 1817.3089
1670.4905 1812.1048
1712.8036 1819.6278
1774.3305 1819.4091
1825.0530 1829.0220
1892.5866 1842.2756
1965.8023 1868.8494
2077.7017 1881.3034
2167.3008 1878.1885
2290.7160 1884.0249
2415.4388 1856.1356
2513.7828 1798.5228
2577.7131 1767.8431
2667.6266 1744.4924
2751.2145 1743.9337
2835.5253 1828.9851
2957.3995 2013.4677
3094.2872 2371.4263
3226.7046 2872.0280
3209.5552 3393.8465
