-1693.8935 -1307.7885
-1847.4551 -1178.8878
-1998.6984 -1048.0998
-2147.4968 -915.3943
-2293.7211 -780.7441
-2381.5671 -629.8553
-2442.7904 -458.9509
-2503.1242 -298.7069
-2574.9478 -158.5242
-2662.7171 -60.6769
-2753.2303 15.5320
-2847.1164 70.0758
-2915.6485 143.6215
-2970.8940 226.7452
-3012.7335 319.2540
-3046.3137 398.4498
-3049.9518 470.6998
-3039.2272 515.6932
-3028.4023 560.6621
-3017.4772 605.6065
-3003.6801 661.7521
-2981.2796 751.5039
-2970.7576 832.3493
-2967.8758 843.5506
-2959.7889 913.1310
-2972.8901 976.3408
-3010.0864 1022.1786
-3099.1604 1058.5676
-3202.8125 1112.2826
-3322.4060 1209.0707
-3439.6473 1307.7307
