4004.8332 -963.4497
3796.9837 -988.8495
3589.0890 -1011.6334
3379.3336 -1020.3819
3160.7910 -1040.0960
2929.8936 -1047.5140
2710.0328 -1050.1295
2512.0061 -1046.7484
2325.0753 -1039.6530
2105.0521 -1023.5086
1908.2368 -1013.4038
1733.3092 -998.8311
1535.5440 -962.1876
1360.0508 -921.5963
1174.7381 -880.0775
957.2477 -816.2685
762.0666 -737.5855
568.2826 -645.5595
398.3357 -584.1189
208.2226 -476.6853
10.3746 -422.5377
-185.6569 -332.3988
-379.6110 -250.7155
-540.8044 -167.5449
-719.8086 -70.2721
-866.0992 27.5219
-1010.1872 127.0593
-1102.4534 224.0899
-1184.3436 309.8675
-1262.6572 418.5634
-1310.2375 524.7967
-1344.3888 652.5115
-1359.5929 767.0764
-1322.9632 909.5958
-1287.7510 1040.9605
-1179.7889 1164.1839
-1048.0836 1274.3342
-886.5493 1349.3464
-701.8649 1413.6260
-475.8740 1478.8271
-200.7303 1558.7327
51.7642 1656.9426
272.7588 1760.7401
553.8605 1895.5566
867.7870 2031.6719
1178.9138 2180.0469
1499.3339 2355.2540
1854.9449 2566.8009
