596.6639 -1602.5981
440.9485 -1551.3649
274.7994 -1487.9052
109.5368 -1411.8378
-43.6565 -1334.2862
-163.0121 -1244.6094
-248.9861 -1165.7134
-312.6913 -1086.7766
-375.6205 -996.4512
-427.2094 -906.1408
-488.8429 -815.3130
-559.9696 -712.7039
-630.1281 -609.7121
-699.7659 -517.4631
-758.1112 -425.3630
-816.2318 -344.1061
-872.9680 -251.4271
-939.7493 -168.9150
-1025.1107 -73.3894
-1127.4126 46.7178
-1218.6604 155.7350
-1299.3563 253.4220
-1351.5353 326.3360
-1396.9352 365.0313
-1422.4864 401.7163
-1450.4745 416.1854
-1468.6525 429.5855
-1496.5217 444.1726
-1535.4488 448.8704
-1582.6382 466.0639
-1621.4935 471.0403
-1661.8529 464.9894
-1690.9984 468.8943
-1710.4233 471.5363
-1723.4853 518.8199
-1729.7892 610.7289
-1697.4722 697.1809
-1614.7269 799.3100
-1524.9505 957.3936
-1424.1585 1136.7867
-1286.3017 1334.3507
-1130.3338 1564.2793
-875.4649 1808.0019
-590.4448 2076.4585
-243.6837 2371.9894
15.0257 2668.6964
289.6573 2896.7531
520.0726 3077.0328
762.1162 3267.8727
977.0708 3443.5287
