2211.0824 -1534.2505
1990.7108 -1559.8026
1770.1032 -1582.6035
1548.5651 -1591.4831
1316.0099 -1598.4872
1072.4572 -1603.2002
828.9816 -1604.6886
629.8017 -1601.4863
452.8356 -1595.5950
276.0024 -1588.0005
110.2453 -1556.3958
-43.9693 -1489.9601
-197.0632 -1399.9560
-348.8643 -1308.5917
-488.4531 -1216.1513
-594.9808 -1145.9219
-679.5557 -1086.9829
-752.3975 -1016.9275
-813.9399 -947.0347
-853.6273 -878.0077
-881.7578 -798.3057
-898.9532 -719.1382
-905.3525 -640.5578
-910.9447 -550.8318
-915.6617 -449.9618
-930.4240 -348.4306
-944.7625 -246.8657
-937.5725 -135.5094
-938.7748 -1.2097
-939.5055 133.0860
-940.5770 256.2451
-934.7870 334.1603
-929.7482 400.9391
-924.6394 467.7128
-890.4786 532.3587
-836.5519 606.8544
-745.0266 679.0980
-626.1432 750.4033
-480.4963 821.5924
-307.7290 927.0539
-110.3480 1068.0198
117.2559 1257.1461
395.1323 1508.8040
652.2828 1823.6829
871.5677 2211.6662
1058.6480 2627.8652
1200.6640 3104.0792
1279.3187 3636.3069
