1665.9885 -971.9350
1500.7331 -931.6551
1325.5824 -890.7716
1151.2866 -848.1690
988.4985 -803.1697
847.7577 -755.5037
739.4739 -705.2059
631.8136 -654.2254
524.4407 -591.4290
417.8616 -527.9391
312.3219 -474.8680
207.3365 -409.9629
103.2203 -344.3388
0.0000 -277.9877
-92.0679 -210.9723
-183.1385 -132.2364
-262.8530 -41.9697
-321.1354 59.4121
-357.9339 182.7609
-373.1978 339.0132
-348.3867 516.3901
-295.0982 704.1691
-206.0358 880.2781
-64.4416 1056.5394
135.4520 1246.2393
345.0294 1440.1830
601.0998 1708.6642
817.1810 2038.1889
972.2047 2425.0745
1142.5022 2843.9715
1313.1792 3239.3751
1490.5618 3603.3445
1660.5299 3970.5140
1793.7090 4321.2021
1934.8622 4633.5585
