-1283.0354 -344.0467
-1382.1711 -289.9490
-1439.5876 -239.2590
-1506.7716 -187.1930
-1560.8421 -113.5442
-1624.2990 -38.4062
-1685.5462 48.3032
-1757.1952 125.5631
-1820.9762 179.6350
-1887.3646 211.7623
-1953.4418 244.2809
-1999.4669 274.1355
-2017.4677 288.3695
-2097.0040 358.4164
-2173.5826 440.3064
-2243.3220 498.7493
-2302.6664 555.9063
-2351.7457 611.6052
-2400.2393 667.5970
-2433.9455 744.2803
-2448.0117 817.1867
-2452.5775 841.4990
-2454.0829 923.6208
-2448.3243 992.5609
-2438.1633 1037.1618
-2418.7349 1079.7374
-2383.5589 1107.1881
-2348.5046 1134.6987
-2304.4652 1160.3423
-2242.4265 1182.3348
-2183.0622 1193.4779
-2114.7984 1203.1263
-2053.5393 1179.7880
