411.9193 -305.4795
308.4980 -285.8039
205.5202 -276.5189
82.0870 -255.5134
-40.9193 -211.2117
-153.0917 -177.0821
-285.0933 -141.6568
-405.6491 -83.0292
-535.7135 -34.0515
-654.7990 15.7139
-761.7279 88.2591
-829.0173 136.9337
-894.2470 208.2496
-968.5274 280.6841
-1032.0538 352.8257
-1083.9857 435.6437
-1115.6775 516.9889
-1145.6280 609.5888
-1175.9712 691.1786
-1196.1884 771.9254
-1207.7181 840.6279
-1210.8401 897.2407
-1213.7962 953.8552
-1212.6469 1043.8395
-1190.2295 1154.0529
-1138.0675 1283.5592
-1080.2571 1390.0011
-1014.4629 1495.7399
-880.2270 1595.3731
-731.5778 1695.2239
-553.7693 1772.8055
-337.6856 1840.7342
-83.8577 1890.6916
249.7747 1949.2854
