-958.5769 -469.6154
-1039.6075 -430.5972
-1213.3913 -383.6805
-1293.3568 -343.1333
-1373.9008 -313.2445
-1444.9287 -295.0578
-1526.0862 -275.4108
-1595.6233 -245.2543
-1662.3894 -192.3698
-1737.4650 -126.6526
-1801.6325 -61.7332
-1853.5397 13.3982
-1916.2506 79.0757
-1988.1926 146.6465
-2032.9356 187.7488
-2069.1939 216.3056
-2168.9290 289.9210
-2279.2129 355.0840
-2378.6118 419.5820
-2457.5530 481.2357
-2521.3642 563.9686
-2579.1416 669.6078
-2632.6926 786.9322
-2680.2676 880.2027
-2686.9549 893.5572
-2702.4183 991.7212
-2716.8317 1089.9426
-2733.1153 1177.0687
-2748.4885 1264.2571
-2750.9130 1360.2752
-2716.4528 1482.5125
-2660.6796 1610.9721
-2584.2262 1745.7179
-2499.5130 1878.1205
-2334.4936 2013.2051
-2069.4075 2148.4844
-1777.6247 2293.7239
-1413.7333 2454.7985
-1066.2076 2628.8831
