-2456.1209 539.1217
-2501.5381 513.2891
-2491.8602 511.3405
-2477.6848 531.7892
-2473.1683 554.1745
-2428.4576 626.6986
-2258.6316 732.8604
-2059.8715 904.0650
-1838.3443 1015.4002
-1679.5346 1116.0048
-1639.3199 1189.7078
-1470.5125 1438.0067
-1335.9299 1612.2400
-1177.7600 1795.4785
-948.7159 2051.0197
-733.5630 2366.9827
-633.6974 2806.3788
-565.4910 3248.3841
-553.5116 3695.3121
-553.7069 3975.7147
-660.3915 4044.1023
-847.2428 4127.8552
-1014.2225 4043.4400
-1203.7595 3793.7411
-1294.1941 3581.6238
-1050.6936 3478.0992
-724.6140 3432.3833
-525.3297 3435.2792
-456.7206 3463.5119
-388.0287 3503.5567
-385.3408 3536.8659
-382.6404 3570.1742
-380.8333 3592.3793
-378.1120 3625.6863
-373.5487 3681.1960
-485.4149 3801.2129
-628.1973 3871.3945
-652.7650 3907.9865
-717.3221 3882.1615
-816.7019 3839.2511
-741.4513 3738.5792
-562.4506 3673.7378
-378.1120 3625.6863
-255.2152 3563.5452
-130.0350 3470.6267
0.0000 3447.0475
