-982.1409 -881.8277
-1021.6266 -823.4364
-1050.1948 -765.6242
-1089.0619 -706.9992
-1117.8077 -660.1560
-1145.5795 -602.0884
-1173.8770 -555.0929
-1201.9603 -508.0215
-1229.8261 -460.8743
-1257.4710 -413.6510
-1294.2938 -354.2862
-1320.4515 -295.7323
-1356.5550 -236.1312
-1390.1409 -154.0861
-1423.1340 -71.9055
-1454.3485 21.5636
-1484.8326 115.1644
-1513.2775 220.0468
-1531.0053 323.8785
-1538.2440 426.5766
-1525.5645 526.8864
-1493.4581 624.7902
-1442.4237 720.3678
-1374.3594 802.6662
-1308.3546 874.0769
-1252.3068 946.7576
-1207.3369 1009.4752
-1162.7398 1072.3029
-1130.1688 1113.9370
-1096.5620 1166.7549
-1073.4756 1209.4141
-1058.3128 1264.1054
-1045.6436 1296.5670
-1031.7954 1340.1498
-1025.6590 1395.7231
-1020.7069 1440.1774
-1014.4629 1495.7399
-1008.1591 1551.2962
-1001.7954 1606.8463
