4591.5890 -968.7742
4350.1863 -948.2835
4103.3811 -951.1092
3936.2737 -955.9276
3777.9854 -945.2178
3607.3317 -924.1671
3437.1892 -901.7420
3258.7969 -891.4985
3080.8335 -879.5650
2888.7380 -915.1390
2758.8770 -926.1819
2650.4027 -932.7097
2514.6700 -896.7221
2347.5142 -864.5738
2183.6819 -853.4515
2032.0911 -850.6573
1900.8205 -832.7592
1749.7218 -827.4370
1608.4758 -808.4860
1516.8047 -738.6564
1423.8501 -646.1280
1341.1916 -541.1673
1196.9409 -441.1225
1041.6749 -307.3086
887.3736 -149.9549
746.5916 -1.8860
598.9703 135.7630
463.6121 286.2792
321.7546 426.6441
221.9655 546.8541
152.6241 679.2593
132.0738 801.3479
139.8915 923.7734
184.5161 1035.6336
301.7332 1127.2074
425.7817 1220.4178
555.6635 1326.6983
711.5960 1403.1134
856.1408 1481.2370
1026.9114 1541.9486
1195.5172 1605.6913
1374.0057 1651.4631
1544.4029 1688.1543
1681.7321 1710.8550
1793.0252 1730.7634
1866.1898 1721.5059
1880.5222 1654.9941
1904.0548 1544.0718
1884.9855 1459.8314
1851.8083 1396.2979
1795.2420 1306.1137
1711.9358 1200.9309
1624.6070 1107.7752
1532.0785 1037.7931
1473.7794 984.6419
1408.8577 976.3772
1325.3123 966.3081
1257.6019 981.1586
1196.7982 1019.6103
1143.1009 1081.5170
1100.2559 1133.3968
1088.6810 1154.7245
1074.6985 1198.2959
1071.0226 1231.6496
1066.0874 1276.1177
1070.0712 1321.4849
1075.2079 1355.7406
1078.9604 1401.1147
1092.7502 1436.3117
1103.6642 1493.7575
1115.6858 1540.1148
1115.9484 1607.7335
1142.8988 1734.8402
1191.8372 1876.3277
1209.8169 2037.0262
1297.9079 2208.2374
1403.7080 2464.5173
1546.4741 2743.8640
1671.4548 3049.9992
1684.0810 3346.5801
1632.5328 3782.7233
1741.5503 4117.8737
1869.6531 4476.7739
1781.4856 4887.8416
1741.2433 5199.5756
1940.0595 5461.4255
2026.6132 5797.5349
