-553.2158 33.4972
-652.1131 71.3446
-740.4659 109.3947
-828.3172 148.0632
-916.4388 176.2211
-994.2795 204.2440
-1061.8983 231.9508
-1129.2358 260.0356
-1195.2372 299.6375
-1260.8130 339.6225
-1323.5682 402.2724
-1392.7309 488.6716
-1457.8984 597.8573
-1517.8075 661.7817
-1568.9690 713.6982
-1630.6642 756.0602
-1691.8686 798.8075
-1769.5695 855.9257
-1810.9161 896.5959
-1844.4947 924.8179
-1907.7513 946.6666
-1942.9348 964.0981
-1970.7955 968.9016
-2015.0922 988.2031
-2059.2466 1007.7025
-2107.6890 1005.1233
-2158.4432 991.5985
-2197.7773 987.6027
-2220.9270 1015.3317
-2220.4682 1108.1073
-2205.4063 1221.2487
-2140.8178 1301.0511
-2036.9260 1350.0132
-1893.9883 1369.3621
-1756.0421 1368.2624
