4556.7131 -1077.7053
4452.9204 -1068.6466
4349.2689 -1059.1249
4245.7632 -1049.1368
4142.4082 -1038.6789
4037.0682 -1016.1491
3931.9515 -993.2017
3824.9746 -958.2919
3718.2895 -923.0076
3643.8984 -880.1251
3559.0466 -839.5088
3474.4292 -798.6955
3400.6431 -755.3904
3305.9354 -716.4485
3213.5223 -688.5712
3129.9443 -646.8331
3042.7547 -582.1712
2940.1949 -426.7675
2856.1870 -314.6762
2792.9116 -198.5937
2717.4437 -73.3475
2656.3513 31.2888
2595.3699 135.8710
2534.5228 240.4088
2483.6461 346.8117
2503.0556 455.3460
2543.2244 603.5238
2597.9029 720.5394
2655.8421 815.6796
2694.9632 860.0264
2736.4134 893.3978
2786.9132 929.2429
2852.1012 945.3544
2901.5119 945.9259
2953.9114 935.5103
2990.2117 873.1870
2985.9264 812.3442
2944.4267 778.0050
2893.1726 741.5564
2841.5904 705.4086
2770.5880 665.1485
2684.9165 598.7653
2583.5619 506.7597
2478.2625 427.1557
2326.1895 375.1201
2167.4888 358.6910
1983.8597 374.7002
1809.2126 405.7007
1664.8834 442.6863
1542.3520 472.3570
1448.2057 517.5962
1365.6582 553.3523
1294.4456 579.4568
1234.3390 595.7596
1185.1491 602.1300
1126.4320 607.7982
1067.7977 613.7392
1009.2477 619.9530
941.2003 625.6926
883.6870 621.3714
815.7696 627.8015
747.2252 645.7267
