1512.3273 -941.8379
1425.8703 -938.4139
1338.6761 -923.3799
1208.9273 -911.1696
1090.0880 -897.2422
938.3288 -862.0990
786.7157 -814.4777
646.9472 -776.2091
518.0590 -725.2920
400.7390 -684.2262
283.8072 -631.1865
209.6665 -587.8896
146.3679 -544.1463
62.4245 -466.8884
-10.3447 -378.0596
-51.1491 -211.1786
-50.5516 -44.3853
-49.9732 111.2884
-29.5987 278.0215
29.2806 411.4557
106.3642 523.0737
231.1721 569.2717
357.3828 538.9072
481.9696 565.4238
615.0346 604.8278
719.2240 632.8639
809.3073 582.6609
793.0852 536.9030
758.0024 478.8569
728.2038 488.2483
699.1083 486.5826
620.9199 493.5976
541.8279 523.3398
459.5745 642.5318
425.7353 774.9245
450.3763 864.9470
483.2601 966.5487
571.2539 1215.9882
653.5018 1466.3038
673.7405 1769.2960
