-1232.2652 224.4273
-1290.5865 241.2978
-1348.7737 258.4459
-1417.9244 265.7992
-1485.7408 284.6759
-1564.5998 293.9691
-1653.2442 305.0104
-1751.6432 318.0089
-1830.2865 328.9628
-1889.2226 337.5030
-1928.4904 343.3515
-1956.2092 358.9897
-1983.8597 374.7002
-1991.8851 387.4005
-2019.4232 403.2082
-2070.5633 457.3861
-2115.3102 545.3691
-2139.8567 630.2370
-2163.6324 715.2139
-2129.9931 789.8842
-2083.9097 827.7098
-2026.6116 875.1397
-1960.3336 921.1358
-1898.4459 945.1127
-1838.7521 958.2258
-1760.6660 968.7178
-1645.6913 974.2520
-1573.0662 952.5926
-1539.0761 925.2551
-1517.3746 877.0057
-1540.8369 846.0832
-1564.3821 815.1858
-1624.1613 800.6123
-1710.7369 801.5439
-1769.0858 798.7993
-1853.9529 811.9189
-1936.7659 836.8174
-2028.6663 863.9939
-2120.2205 891.9624
-2220.7462 922.5310
-2313.9251 941.0211
