1047.3706 -1537.5721
870.2500 -1524.6402
715.0524 -1498.0170
604.4844 -1479.8027
460.7146 -1439.5586
240.1045 -1332.6852
21.7115 -1223.1321
-150.8735 -1077.9077
-225.1156 -976.9648
-276.6759 -842.6810
-357.6147 -640.7707
-448.2570 -493.6653
-487.5212 -414.4870
-526.7035 -346.3069
-565.4808 -278.0006
-574.8948 -255.3414
-584.7147 -243.7999
-594.9672 -243.3767
-626.6647 -264.3166
-616.3976 -264.7614
-626.6647 -264.3166
-679.0090 -284.2383
-772.0948 -290.7069
-822.9030 -276.7278
-872.9680 -251.4271
-954.2987 -235.0479
-1044.9142 -206.3003
-1111.3547 -133.9963
-1145.7378 -52.7102
-1220.7545 21.1165
-1294.8465 95.4552
-1363.3452 214.8927
-1415.4577 288.0923
-1449.7748 337.0532
-1497.8848 433.0272
-1520.1260 492.2661
-1497.9563 512.2018
-1485.5047 533.3221
-1500.7351 489.9146
-1508.9960 423.0437
-1554.9681 372.0263
-1612.4461 311.1806
-1642.0481 235.5633
-1667.5104 193.4266
-1690.2189 173.6316
-1724.3765 143.9856
-1794.1404 153.2213
-1855.4419 150.2645
-1956.6630 153.3884
-2076.1316 171.5639
-2221.5050 218.2455
-2356.1720 264.9266
-2515.2428 341.3488
-2660.4893 429.2983
-2755.0754 555.5484
-2834.7356 691.9422
-2940.4567 872.3593
-3007.0192 1033.3584
-2978.3769 1205.8272
-2955.9037 1283.8528
-2878.7954 1382.7679
-2815.0297 1437.2824
-2715.6916 1518.1612
-2533.3987 1565.9490
-2434.1117 1624.0723
-2318.4325 1713.9943
-2161.8796 1794.9647
-1991.8178 1758.1421
