-2399.7262 134.0068
-2310.6662 233.6736
-2232.1075 335.2497
-2204.7536 376.5934
-2154.1063 436.9559
-2086.3522 540.4349
-1999.9131 640.8125
-1904.8194 739.9279
-1799.5471 849.1156
-1716.0212 950.4793
-1635.2142 1041.0232
-1557.0474 1120.7743
-1481.4181 1189.7529
-1429.5132 1228.1258
-1388.5520 1256.7362
-1308.4863 1370.9993
-1238.0064 1554.3907
-1173.1496 1704.5926
-1079.9956 1817.7506
-1060.1901 1838.0490
-1030.6290 1868.5557
-870.9427 2076.8709
-529.7162 2340.5300
-90.1515 2669.2018
351.6227 3066.6142
