-505.8323 -670.0127
-673.4629 -641.3109
-858.6455 -553.8924
-1041.0771 -452.8810
-1178.0743 -330.4795
-1297.9554 -275.2960
-1374.9797 -211.8578
-1398.1753 -130.7649
-1396.2078 -7.0557
-1394.8745 105.4872
-1374.4344 204.7801
-1363.7650 305.0863
-1354.0893 394.2271
-1347.9502 449.9302
-1380.4676 509.8711
-1434.4961 549.8913
-1479.9210 577.8878
-1536.1859 596.1447
-1582.7057 613.4305
-1625.9725 653.1986
-1667.2700 704.3067
-1708.1011 755.6108
-1754.3491 830.8011
-1820.2648 898.0708
-1907.7513 946.6666
-1954.2571 954.5536
-1998.6430 973.7760
-2096.2327 1014.5343
-2193.1696 1056.2531
-2243.0877 1135.9410
-2276.2647 1201.0300
-2270.1528 1269.6876
-2254.7885 1336.3942
-2239.2417 1403.0610
-2208.4954 1454.7742
-2136.4839 1486.0898
-2038.6137 1512.4685
-1937.3384 1515.7665
