-2719.3807 -387.4771
-2775.6722 -341.9647
-2831.5897 -296.1367
-2926.0433 -230.3524
-2999.2298 -168.0543
-3038.9816 -100.5617
-3050.1257 -50.8924
-3038.5451 5.6047
-3004.3980 68.8742
-2962.6084 118.6065
-2881.0928 159.6279
-2739.3168 141.3671
-2609.5545 115.3483
-2479.5427 90.6636
-2367.4495 82.0279
-2275.4191 77.6890
-2171.6563 83.5443
-2086.4113 104.4314
-1999.8112 136.9585
-1925.1704 160.1956
-1859.1740 196.3497
-1790.4259 255.0774
-1699.4741 333.7292
-1586.9715 432.6185
-1466.1814 531.0144
-1345.6919 641.3767
-1228.2476 741.4482
-1121.9413 843.2890
-1027.6567 935.5629
-924.4993 1038.7860
-823.0909 1142.7521
-703.8001 1268.5042
-568.0781 1416.5981
-417.7402 1587.6861
-255.3718 1771.3914
-91.4653 1957.4865
80.9830 2157.5561
251.5416 2372.2211
426.3541 2591.1180
