-1649.1111 259.1263
-1735.6874 361.3112
-1820.5028 464.3055
-1903.5049 568.1051
-1956.0032 668.0144
-1969.2526 761.9275
-1983.7590 844.7341
-1992.3988 903.6775
-1990.3564 914.8195
-2002.8067 951.4980
-2010.8621 1010.4769
-1995.9182 1088.4103
-1881.3007 1194.6517
-1640.6264 1292.5217
-1420.8284 1408.3616
-1236.9312 1497.7819
-1044.3945 1543.7424
-830.1855 1568.6879
-636.6560 1576.9060
-434.0178 1610.6628
-156.0951 1613.5533
146.8513 1646.7787
422.0384 1676.9927
688.6291 1692.1046
1028.9753 1744.5888
