3254.9600 -1643.7953
3118.0929 -1632.3759
2978.7746 -1597.3109
2826.2149 -1540.4883
2653.5091 -1497.4598
2481.4271 -1453.1908
2322.0949 -1417.4956
2163.2959 -1380.6459
2005.0541 -1342.6238
1859.2549 -1313.4630
1703.9039 -1295.5197
1514.6428 -1256.8308
1337.0156 -1215.4335
1158.8757 -1150.0658
980.1936 -1049.6266
822.1457 -890.8139
737.5353 -660.6784
726.9803 -426.9275
757.8131 -213.3419
837.9643 -7.7591
944.6545 200.5872
1027.4047 408.4856
1114.6796 629.1748
1197.0883 850.7837
1298.3740 1030.9024
1390.5383 1177.7461
1545.3436 1312.3855
1659.9573 1443.9859
1770.6087 1577.2270
1870.9850 1699.3388
1970.4039 1811.7522
2055.4438 1934.7352
2136.9917 2058.8147
2219.8082 2197.0034
2273.9845 2413.1670
2312.4374 2627.6110
2298.4963 2852.5780
2265.4163 3109.2218
2161.5221 3294.6256
