-1884.2389 565.1325
-1863.2231 573.3467
-1842.2357 581.5900
-1811.6626 588.4336
-1790.7393 596.7505
-1760.2433 603.7059
-1737.7291 623.2448
-1715.2706 642.8103
-1692.8682 662.4024
-1659.3710 691.8409
-1626.0029 721.3402
-1573.8094 748.3677
-1520.3218 786.7137
-1467.1420 825.2392
-1414.2751 863.9452
-1363.1417 891.7048
-1312.2527 919.6508
-1260.2775 958.9090
-1207.3369 1009.4752
-1123.4967 1090.7615
-1017.9137 1215.2721
-897.6067 1327.8713
-799.3859 1420.6889
-740.7310 1483.4166
-719.5342 1526.6177
-712.5546 1503.7688
-697.5964 1580.9637
-695.8163 1603.1928
-694.0296 1625.4215
