499.5403 -1716.8413
464.7507 -1639.8211
407.8820 -1552.1399
329.4269 -1464.7320
240.7294 -1388.2907
141.7328 -1311.5227
32.6205 -1256.4734
-86.6545 -1178.4461
-205.1071 -1110.6931
-322.9127 -1053.2041
-440.2602 -1005.9728
-545.3200 -924.8524
-670.2593 -830.9740
-804.3705 -735.4660
-947.4140 -638.0210
-1066.3129 -518.2690
-1170.3073 -364.7526
-1249.3279 -189.7543
-1343.6223 10.1923
-1441.4046 234.5245
-1552.1872 394.3248
-1611.0099 549.0739
-1597.4909 717.4843
-1501.7175 852.2978
-1408.8577 976.3772
-1315.4059 1044.1791
-1265.9517 1139.9970
-1250.2644 1262.2971
-1316.2152 1315.4324
-1405.7943 1326.9684
-1425.3610 1318.2549
-1467.9888 1278.6906
-1491.1074 1247.8366
-1519.4430 1183.6536
-1546.1950 1130.6066
-1577.0705 1112.2547
-1624.6070 1107.7752
-1650.2652 1122.9784
-1668.5513 1125.7373
-1728.6921 1157.8850
-1786.4652 1201.5342
-1843.6950 1245.5607
