2763.8189 -1041.2369
2653.2658 -1036.2154
2542.8488 -1030.5237
2431.1952 -1012.8835
2319.7925 -994.6019
2208.6479 -975.6753
2096.5403 -944.8668
1996.6748 -923.3361
1886.3901 -902.5330
1765.7302 -882.2453
1632.7391 -839.8681
1512.8730 -817.8964
1391.5976 -772.7714
1273.3719 -760.3258
1132.0218 -715.1327
1001.9665 -668.1131
860.9786 -598.4348
753.5033 -548.3361
625.3914 -487.3046
518.9987 -424.5505
413.4356 -361.0935
298.2162 -286.0205
204.7459 -220.9175
112.0945 -155.2263
20.2369 -55.5827
-70.3128 44.6605
-149.2823 167.6340
-217.4297 257.5637
-284.5702 347.8667
-369.4640 461.3447
-414.5232 562.9628
-476.8295 687.7586
-527.5706 823.6232
-567.4384 959.2934
-603.8909 1128.5067
-625.7791 1352.9461
-564.8061 1606.0729
-431.6649 1822.2659
-289.7262 1994.9739
-80.8606 2168.6754
157.9878 2336.5703
385.2634 2511.0149
