2737.5773 -1091.8942
2605.2592 -1089.9726
2440.7403 -1091.8397
2308.7259 -1087.7141
2176.8733 -1082.6130
2045.1903 -1076.5357
1913.6846 -1069.4814
1781.3503 -1050.2458
1650.2922 -1041.2457
1529.3011 -1019.0894
1395.4360 -963.5401
1261.5604 -895.9203
1117.9658 -828.1417
975.4062 -759.2614
833.9256 -689.2589
704.0702 -617.6346
575.2907 -545.0262
468.4423 -470.7780
372.9110 -395.5721
298.8809 -319.3841
246.2504 -253.6313
204.1192 -176.4364
162.5354 -110.2479
121.2250 -32.8240
80.3573 44.7163
49.9311 122.4079
29.7802 200.1848
29.5726 289.1410
48.9349 378.1573
77.6482 478.3802
115.5915 567.6391
162.4832 657.1448
217.8568 758.1317
290.9145 859.8489
371.7888 962.3543
468.3136 1088.4756
595.6607 1261.9341
741.6472 1472.3012
894.6234 1708.8085
1057.7827 1984.2389
1238.6234 2313.0934
1412.4757 2683.6589
1568.6770 3096.3120
1636.2916 3428.5374
