4154.9720 -1169.3711
4029.7730 -1163.2069
3891.9460 -1147.2210
3767.1480 -1139.5289
3619.0444 -1124.2445
3454.9639 -1075.7821
3282.4626 -969.2250
3100.3473 -864.0859
2969.0296 -795.4897
2829.5730 -739.5692
2692.5331 -694.1575
2554.5146 -636.6151
2417.2875 -578.2418
2270.4477 -520.5965
2127.4556 -484.3436
2005.9317 -444.1666
1883.6860 -391.9993
1780.2523 -314.1663
1698.1185 -233.4345
1636.9757 -150.0756
1576.2389 -66.6012
1505.8614 15.8781
1434.8640 109.7123
1365.6736 192.6005
1320.2677 244.2654
1308.1053 265.5543
1306.9665 276.6967
1326.6994 278.7000
1346.4292 280.7338
1356.2929 281.7622
1357.4753 270.6180
