1136.6046 -625.1690
1023.8514 -510.0313
911.7527 -383.1427
801.1523 -255.6259
692.1394 -127.4572
594.8801 1.8200
499.6151 120.5290
417.2118 195.6342
336.5940 237.8422
266.3696 280.7234
196.2641 346.2086
126.7640 423.1779
58.0174 522.7528
-9.5675 644.9352
-75.6265 778.6082
-121.2401 923.5608
-137.9336 1068.3274
-81.6495 1201.2145
35.7827 1334.4017
97.0957 1457.1141
166.0352 1546.9778
233.8260 1626.2030
300.3190 1705.9063
373.9795 1786.4115
455.7816 1845.6834
544.7181 1906.1783
662.6254 2003.2335
863.2572 2143.4763
1114.4052 2329.8771
1433.6954 2549.8930
1740.4390 2750.6928
1974.0409 2890.7892
2146.5300 2963.3298
2228.0889 3000.1801
2284.8151 3018.0988
2320.1752 3029.5423
