-3352.5847 67.6653
-3374.1741 157.0420
-3404.8046 249.1138
-3434.4296 341.3861
-3430.8730 437.1493
-3390.8658 510.9107
-3347.0906 559.4071
-3303.4050 607.9063
-3265.7484 633.9020
-3221.5668 646.1374
-3165.0145 667.2125
-3121.0516 679.7016
-3074.3210 703.5334
-3024.8816 738.6861
-2960.4913 793.9568
-2948.2176 802.7842
-2881.3697 869.3912
-2735.7774 976.0777
-2575.4681 1150.5214
-2412.0412 1347.8828
-2257.3103 1558.9841
-2096.9823 1803.8561
-1923.2425 2080.6608
-1769.5269 2326.8156
-1625.1428 2517.1355
-1467.4056 2647.8580
-1279.6599 2763.4450
-1068.8759 2878.4406
-860.1050 2986.5318
-623.9188 3096.6860
-355.3570 3222.8595
-99.9597 3347.7365
103.7937 3481.2626
252.8020 3607.9929
357.5646 3724.8359
432.5282 3841.6712
474.9764 3945.8250
