494.3581 -1472.0532
384.5166 -1474.7565
252.6914 -1477.1078
98.8323 -1467.5012
-54.9070 -1467.6905
-219.6236 -1466.4227
-362.5467 -1475.2160
-483.6145 -1483.4801
-637.4452 -1478.6577
-769.2698 -1473.4676
-878.6604 -1457.2549
-998.8793 -1439.7372
-1128.7510 -1398.3728
-1247.8632 -1367.9169
-1365.2450 -1314.2508
-1482.8083 -1270.8552
-1589.0406 -1227.5711
-1726.3895 -1169.0494
-1842.3876 -1122.8306
-1947.0921 -1076.9467
-2060.8869 -1017.7105
-2164.5153 -970.1714
-2256.9486 -923.3306
-2315.5513 -869.2261
-2363.1057 -816.3911
-2407.3029 -740.8052
-2454.0075 -687.5117
-2497.1037 -611.4561
-2562.1575 -542.9021
-2633.3623 -449.5184
-2663.9226 -374.4160
-2693.9082 -299.1656
-2704.7854 -238.9403
-2723.5646 -165.4500
-2749.9144 -78.6145
-2759.6286 -18.2511
-2758.9859 40.0889
-2768.1226 100.4801
-2776.9438 160.8939
-2785.4460 221.3290
-2783.7621 279.6615
-2772.0268 335.8534
-2747.9900 401.1202
-2726.2648 455.1223
-2702.0617 520.3080
-2673.0264 560.9375
-2632.0095 610.6898
-2555.2172 687.9046
-2490.8092 756.1054
-2440.9906 804.0491
-2419.7468 811.3035
-2330.3852 862.9362
-2195.3211 952.3705
-2059.7571 1053.9428
-1916.9943 1154.9200
-1758.3843 1254.1497
-1551.9308 1438.5617
-1291.2745 1674.2553
-1054.6068 1814.9040
-795.5178 1924.2164
-492.1668 2070.5440
