-192.3774 -921.7744
-299.2448 -920.1489
-406.1005 -917.8162
-502.2573 -915.1117
-598.0332 -900.7053
-694.0964 -896.8498
-779.4674 -892.9396
-853.6273 -878.0077
-928.2483 -873.8608
-1044.8286 -855.4918
-1182.4823 -834.6790
-1320.7021 -823.7984
-1447.3067 -801.5039
-1584.2626 -777.0876
-1720.9286 -751.4221
-1844.3696 -703.3533
-1977.6898 -652.8154
-2107.4992 -578.5109
-2197.3494 -531.4440
-2297.1016 -482.1197
-2385.8834 -433.6583
-2474.1289 -384.5281
-2518.7775 -330.6797
-2581.6997 -261.6717
-2607.4546 -164.1483
-2610.0957 -59.0825
-2559.5787 105.6967
-2508.4011 270.2349
-2384.1305 443.8122
-2231.3386 669.8782
-2203.7782 711.0143
-1989.3620 972.1433
-1735.3593 1330.4760
-1596.2213 1742.2028
-1584.1097 2026.3104
