3391.3214 -1395.5977
3270.8930 -1418.2642
3148.8495 -1428.6278
3023.9181 -1415.3709
2899.1935 -1401.3843
2777.3884 -1409.3605
2655.5966 -1416.5128
2521.6352 -1413.0990
2376.8602 -1410.2225
2255.2438 -1414.7228
2132.6057 -1407.1538
2030.9918 -1385.0514
1919.6397 -1374.8804
1808.4389 -1364.0606
1706.5613 -1329.1225
1604.1587 -1282.5088
1502.9674 -1246.6044
1413.7287 -1220.4788
1324.7207 -1193.9471
1234.5778 -1144.6859
1145.4848 -1106.1898
1046.5544 -1079.1174
926.3871 -1052.7264
785.5398 -1037.6916
645.3418 -1032.6202
505.2657 -1026.3699
354.7857 -1030.2972
193.6417 -1044.0992
75.3064 -1045.0622
-42.9820 -1022.9386
-139.6901 -1022.4020
