-3248.4732 955.5469
-3211.4229 908.7318
-3173.9537 862.1224
-3136.0703 815.7197
-3097.7776 769.5244
-3078.0764 728.4392
-3061.9450 712.3135
-3049.5797 721.0989
-3034.3675 741.1093
-3035.2110 777.1913
-3033.0149 824.4791
-3042.9726 863.0110
-3055.7449 890.3655
-3068.4030 917.7497
-3111.9305 977.6932
-3127.1096 1030.1531
-3123.5506 1077.4740
-3095.5775 1105.8480
-3046.1978 1140.3075
-2987.9112 1172.3606
-2929.8797 1204.5854
-2881.1431 1239.4051
-2844.7215 1265.5866
-2805.3118 1302.9582
-2762.9375 1351.5008
