1303.7512 -1206.7895
1141.0025 -1218.4649
977.6335 -1217.4267
813.9199 -1203.7037
649.7742 -1166.1846
486.0077 -1116.0195
323.2866 -1075.4484
150.6114 -1044.5474
-21.4529 -989.6222
-192.4942 -932.8948
-319.8319 -875.2510
-403.8450 -817.7052
-466.1116 -760.3308
-517.7226 -714.1663
-568.6601 -656.6862
-619.2140 -599.0135
-658.9229 -541.6069
-698.3063 -484.0737
-726.9803 -426.9275
-746.1303 -392.4995
-765.7315 -369.1702
-785.8374 -356.9410
-805.3208 -333.5490
-824.7356 -310.1253
-833.1783 -276.1360
-841.5595 -242.1382
-849.2311 -196.9992
-855.4827 -129.5871
-860.8906 -51.0357
-864.6815 49.7845
-866.7066 172.8685
-867.5605 307.0803
-866.3417 463.5423
-843.6911 640.8936
-801.2164 828.0316
-739.1257 1036.2034
-630.9785 1275.1204
-526.0641 1525.8896
-409.0579 1765.5637
-256.2560 2005.1044
-88.1332 2235.4691
100.7138 2469.1488
299.3600 2696.6891
554.0249 2867.1819
776.0208 2965.7575
990.7369 3071.2782
1226.1296 3119.9479
1511.9236 3141.8461
