-3216.8909 -191.0817
-3285.9871 -163.2888
-3354.8812 -135.0837
-3423.5696 -106.4643
-3492.0487 -77.4284
-3560.3148 -47.9737
-3628.3643 -18.0979
-3696.1931 12.2013
-3766.6240 31.5159
-3839.8317 39.8156
-3926.0186 39.9673
-4012.3081 40.5961
-4111.7784 33.2638
-4208.3646 38.0081
-4305.0373 43.3700
-4398.5755 60.8983
-4492.0623 79.0923
-4578.7556 121.1246
-4655.1154 160.4027
-4724.0567 223.4874
-4751.7772 311.0808
-4772.5104 383.6298
-4782.8593 452.5924
-4792.6569 521.6013
-4801.8978 590.6527
-4810.5767 659.7428
-4818.6881 728.8674
-4820.9863 782.6359
-4827.1986 824.9109
-4837.4723 855.7187
-4860.5276 852.0963
-4883.5996 848.5018
-4863.9360 813.6642
