-2145.0661 -710.3098
-2295.9771 -631.4213
-2426.1672 -565.3154
-2565.7697 -496.0390
-2697.5239 -449.6044
-2818.2955 -403.7947
-2899.1556 -376.3716
-2907.4933 -363.0126
-3000.4457 -344.1923
-3080.8301 -315.5994
-3140.4210 -290.9754
-3199.8564 -266.0506
-3267.0679 -227.1290
-3380.1259 -152.9183
-3484.4687 -91.3511
-3529.9676 -55.7718
-3592.7235 -3.3021
-3702.3321 74.6715
-3853.5169 154.0527
-4012.6215 201.4204
-4171.1274 250.9729
-4329.0005 302.7382
-4472.8542 364.8137
-4639.0013 424.5641
-4790.7427 494.7398
