-528.6825 143.9303
-547.6892 166.9853
-576.5563 190.5021
-595.3969 213.6345
-624.0605 237.2669
-652.6120 260.9687
-681.0504 284.7400
-700.1525 296.9176
-729.0581 309.6787
-757.2295 333.6352
-785.2846 357.6615
-823.0061 382.3869
-860.5701 407.2360
-907.7180 432.9072
-953.7805 469.9006
-1007.3244 530.1308
-1067.7977 613.7392
-1146.2529 699.5379
-1213.8799 784.9876
-1254.7020 845.5997
-1286.9431 894.2271
-1297.4460 963.0908
-1315.4059 1044.1791
-1313.0436 1134.2421
-1230.2338 1203.5848
-1122.4773 1338.1793
-995.6507 1505.1181
-862.5807 1683.5002
-714.9683 1884.1196
-557.6942 2074.3673
-455.0275 2269.2792
-387.8361 2466.5609
-331.0229 2664.5583
-232.6268 2872.4754
