189.2104 -632.6452
83.8687 -589.1028
0.0000 -567.0949
-73.1848 -544.6785
-156.4971 -510.6813
-239.2849 -465.0957
-321.3574 -407.9165
-402.8082 -350.2598
-483.6218 -292.1217
-563.7827 -233.4987
-632.5831 -163.7226
-701.2098 -104.6943
-767.9886 -23.0280
-834.5571 47.8941
-898.8314 141.4642
-959.5037 268.8194
-1007.8783 406.9156
-1063.2784 557.2526
-1086.9592 716.4599
-1077.6187 906.4760
-1036.2909 1127.1788
-922.2677 1352.4210
-693.1337 1636.5357
-382.3680 1964.9582
-71.3245 2313.1564
158.8639 2625.8009
326.4511 2887.1494
467.2079 3117.9898
597.2402 3329.5528
700.3408 3508.3840
785.4420 3665.2732
863.5304 3789.4962
931.5069 3879.9000
989.6056 3947.1424
