1741.0808 -1348.2921
1609.9946 -1360.8514
1510.8571 -1358.4304
1432.8892 -1342.5101
1355.0479 -1326.2755
1267.0974 -1321.6887
1179.2101 -1316.6713
1091.3881 -1311.2227
1003.6334 -1305.3426
915.4626 -1287.8877
827.4517 -1270.0086
696.1187 -1253.5224
510.7137 -1237.7684
314.6297 -1209.1195
119.1495 -1178.2485
-75.6530 -1134.0194
-280.3467 -1087.3525
-494.8074 -1037.8218
-719.3229 -996.1051
-921.4943 -952.4566
-1092.0690 -930.6889
-1251.6468 -907.9115
-1399.3977 -873.2707
-1554.4019 -802.6085
-1718.7471 -729.0424
-1789.2847 -687.1334
-1881.7214 -653.4741
-2047.3200 -609.5248
-2200.2870 -553.9026
-2331.4930 -499.7625
-2451.5152 -445.9856
-2562.2093 -404.1084
-2668.6706 -338.7058
-2774.2160 -272.2774
-2803.0214 -255.0074
-2831.7617 -237.6609
-2889.0449 -202.7376
-3012.9809 -129.7798
-3125.5954 -57.6646
-3242.0090 -6.9465
-3352.8119 19.8275
-3453.3493 45.0221
-3513.5806 60.5319
-3571.0013 87.7076
-3645.3957 132.0125
-3729.2948 179.6899
-3815.6852 216.6939
-3842.3795 236.7840
-3881.9544 248.4972
-3938.1137 277.7318
-3997.2687 295.8718
-4046.4986 311.2239
