4150.0681 -902.6841
4019.6625 -923.4257
3887.0489 -931.5411
3741.7407 -929.6021
3596.6440 -926.5416
3451.7696 -922.3583
3317.8110 -914.8638
3152.0517 -912.7041
3002.6767 -870.9716
2844.9982 -841.4989
2693.6169 -775.0811
2553.6986 -706.0214
2413.0898 -624.9277
2288.2372 -494.9544
2195.4359 -359.9923
2101.6774 -213.7348
2035.7883 -40.5554
1984.7377 100.4303
1933.6544 241.3351
1939.5228 402.1657
1974.0223 499.0764
2045.9158 602.5592
2143.3204 665.4263
2144.6146 711.7796
2140.4597 734.0993
2187.8974 742.7479
2227.9864 738.6467
2200.3930 779.7430
2175.0336 809.6967
2128.8061 847.3652
2091.2231 840.5452
2040.9028 797.1032
2010.5868 803.3649
1986.2227 776.2487
1933.2723 744.5305
1887.6918 725.7501
1838.3835 729.4623
1798.6269 734.7995
1715.8697 768.1233
1653.4848 861.5820
1568.6763 917.9203
1509.2466 1000.6622
1459.5612 1084.7672
1410.3037 1168.9661
1361.4892 1253.2626
1329.4475 1351.0186
