50.5921 -55.5048
10.0530 33.3622
-89.6471 155.9759
-157.7165 290.0681
-195.0168 424.0481
-212.1131 557.8041
-230.0561 624.8714
-229.1545 669.3511
-266.2795 714.6186
-265.2091 759.0984
-235.8343 802.9749
-178.8710 824.2130
-112.8573 834.5094
-75.0827 856.4450
-56.1946 878.5778
-84.0254 912.1071
-120.9820 945.7999
-148.5804 968.3693
-176.0566 991.0072
-203.1878 1024.8331
-221.1714 1047.4217
-238.8065 1081.1603
-256.6005 1103.8096
-274.3095 1126.4893
-282.4921 1160.0795
-290.6065 1193.6770
-298.3065 1238.4012
-296.9167 1282.8781
-286.5634 1327.1080
-275.6174 1393.5835
-263.1340 1515.6611
-215.1002 1681.4047
-142.1546 1913.6391
-64.6889 2168.5417
194.9437 2426.3442
446.4690 2737.2289
