2788.4138 -1060.2928
2588.7366 -1046.4417
2389.5845 -1030.4453
2177.7476 -991.2331
1978.7914 -959.6185
1787.0560 -879.8855
1566.9632 -823.9199
1348.3478 -765.2992
1151.6509 -691.2825
936.2759 -627.5270
754.5330 -570.5997
533.1014 -535.4360
343.7904 -485.3029
155.6161 -421.7212
-10.3297 -355.8206
-174.8243 -288.0466
-328.3217 -251.9842
-450.3828 -215.2605
-581.5980 -165.9201
-701.2098 -104.6943
-830.5432 -52.8962
-948.0847 10.6204
-1053.6218 85.5979
-1138.9521 148.6599
-1213.4895 211.4387
-1297.0989 275.7065
-1368.7590 350.7047
-1383.4075 397.3908
-1396.5845 455.2491
-1366.9448 542.2143
-1318.2486 627.0839
-1268.7023 723.1742
-1201.9945 806.2736
-1130.1730 855.3250
-1000.7637 921.9607
-844.2157 998.8783
-698.3723 1089.4297
-488.5855 1234.2234
-274.2757 1438.0596
-8.6274 1656.8105
209.3335 1903.7806
427.2339 2056.0841
653.2537 2203.7907
923.5618 2250.7610
1280.2085 2307.8852
1554.4214 2365.2531
1819.9486 2453.8540
2108.2668 2594.4367
2460.3143 2770.1256
2657.8511 2899.4172
2823.2423 3088.6059
2920.9022 3388.7498
2899.7136 3576.5622
2878.0874 3739.3711
2871.6474 3803.3659
2870.2798 3870.2756
2837.5381 3948.3257
2862.6840 4030.2505
2865.2894 4142.6140
2873.1240 4231.3635
2889.1771 4326.3305
