160.8948 -988.8451
96.3648 -955.9922
32.0636 -922.8874
-32.0048 -889.5288
-127.7011 -844.5711
-233.6728 -810.0008
-328.4189 -763.8140
-391.2156 -728.9874
-453.7526 -693.8962
-526.9013 -669.3083
-610.3580 -643.9467
-694.0327 -629.2444
-776.5277 -591.8087
-848.7631 -565.6177
-920.7726 -539.0601
-1003.6782 -522.5815
-1076.0071 -506.3804
-1136.2035 -468.3172
-1206.4753 -429.1301
-1255.6798 -391.3474
-1344.9540 -338.4548
-1401.7044 -276.8039
-1436.3485 -205.7831
-1469.3663 -123.4679
-1481.5621 -43.2076
-1473.2780 34.8845
-1453.6460 123.0223
-1390.6962 240.3100
-1330.6986 335.4262
-1262.6572 418.5634
-1195.2815 501.9315
-1105.0984 628.2982
-995.3716 775.7294
-900.0097 891.2161
-843.3040 1009.9994
-787.4632 1128.9530
