4428.5269 -679.6260
4273.3042 -686.0628
4144.2263 -708.7026
4040.9206 -747.9301
3947.9033 -783.6632
3854.6224 -818.7102
3739.7910 -858.0652
3609.8575 -875.8590
3492.5265 -901.7336
3371.2040 -903.8131
3273.2101 -912.1553
3152.0517 -912.7041
3054.1271 -919.7698
2986.5600 -909.0145
2942.1356 -905.5021
2897.7402 -901.8840
2807.3952 -883.0032
2694.3466 -856.0193
2581.6443 -828.4213
2469.2985 -800.2027
2345.2714 -761.6848
2213.9778 -746.3973
2061.8636 -732.9349
1888.9939 -720.6930
1737.6655 -704.3190
1604.6973 -650.8725
1480.0327 -561.9717
1344.1906 -450.9677
1218.4280 -315.9249
1074.7727 -192.8675
932.4274 -57.5674
803.1036 68.3301
686.9867 173.4822
563.6810 256.8142
452.5447 319.2962
372.1888 372.3766
302.5365 415.0413
242.6362 480.4964
192.6471 568.6065
143.5095 645.7829
152.0165 723.7379
150.7854 812.6950
168.2236 901.9100
241.1707 981.0840
341.3133 1039.3149
413.2482 1086.2863
465.1731 1155.1923
524.1379 1247.0449
661.4858 1355.1346
827.6762 1501.2891
1009.2101 1764.9978
