-2404.4449 -488.2203
-2451.5152 -445.9856
-2489.6453 -416.5435
-2527.6168 -386.9640
-2565.4279 -357.2469
-2603.0769 -327.3919
-2630.2718 -299.2765
-2657.3413 -271.0814
-2674.0318 -244.7280
-2692.5869 -229.6073
-2678.4461 -209.0029
-2654.1000 -190.3184
-2629.7910 -171.6154
-2605.5194 -152.8937
-2537.2741 -61.0360
-2471.5101 77.5951
-2393.8423 225.5049
-2326.1895 375.1201
-2284.1379 494.6224
-2213.1226 608.7574
-2201.4570 618.1866
-2129.6893 686.0551
-2009.0876 757.1494
-1761.9716 843.3596
-1459.8567 948.8596
-1165.2823 1050.0595
-914.3214 1149.9868
-725.1692 1225.2332
-475.0695 1322.7668
-230.6106 1414.7408
0.0000 1523.3726
267.7609 1649.3172
549.2685 1839.4934
841.8606 2040.4479
1107.6092 2215.9574
1347.3218 2341.0410
1604.6678 2501.5170
1875.6946 2665.3764
2108.2240 2844.3977
2264.0305 3072.2405
2393.1842 3362.9285
2481.1447 3675.1408
2484.0038 3908.6364
2463.0103 4135.1468
