263.2818 -1443.5847
87.7187 -1434.1995
-109.5368 -1411.8378
-262.6126 -1387.9774
-393.4969 -1363.2779
-535.0028 -1337.2514
-686.7146 -1298.4891
-827.4517 -1270.0086
-967.3066 -1229.1901
-1106.6256 -1187.1543
-1235.2646 -1155.8458
-1363.5393 -1123.4934
-1491.4381 -1090.0889
-1619.8723 -1066.8121
-1778.2880 -1016.6392
-1873.8484 -994.6884
-2021.6201 -954.3559
-2178.2489 -899.8609
-2320.6016 -822.6587
-2552.0947 -694.7424
-2692.8328 -554.9381
-2747.6029 -428.7776
-2794.7579 -268.2958
-2798.8514 -115.6007
-2783.4221 21.6708
-2776.9438 160.8939
-2759.3873 297.9174
-2740.8061 434.7965
-2701.9312 567.2655
-2633.8996 693.2265
-2565.9600 819.0938
-2534.5629 870.8287
-2493.8937 920.5238
-2427.2823 999.7098
-2375.3017 1058.6809
-2326.0881 1106.5960
-2251.5143 1184.2146
