-379.6515 -684.7576
-462.4602 -626.8381
-544.6694 -568.4403
-626.6980 -520.6879
-688.3714 -495.6866
-739.4465 -470.9362
-790.9188 -457.1296
-831.3286 -432.5899
-861.2420 -408.5375
-891.0555 -384.4151
-920.7681 -360.2226
-950.3788 -335.9597
-1000.4847 -310.2167
-1061.4835 -294.6689
-1131.8044 -266.9000
-1181.3731 -240.4662
-1219.6068 -203.5732
-1247.4217 -167.4582
-1283.2437 -108.0417
-1338.8946 -46.5430
-1415.2351 6.1703
-1492.1681 48.2373
-1567.3306 101.9681
-1641.8466 156.2115
-1694.4241 219.5546
-1726.6343 280.5485
-1738.7548 338.9938
-1711.5099 392.1318
-1682.8194 456.4329
-1644.5443 519.4510
-1596.8456 581.2512
-1541.3675 630.7825
-1435.7424 696.9505
-1286.8204 815.2889
-1096.2930 998.1274
-918.2224 1206.3461
-846.7558 1390.8582
-806.0671 1544.3329
-710.4280 1637.7621
-600.3043 1719.7789
-422.6281 1833.0023
-208.4503 1937.1365
-82.7941 1990.7659
32.8788 2046.0492
114.5660 2080.0786
179.7576 2092.2708
244.3792 2116.0569
322.3773 2196.4796
473.6933 2348.3627
689.2560 2564.7676
956.0963 2840.4745
1200.6640 3104.0792
1347.8140 3327.0015
1414.5396 3515.2813
1479.0644 3682.5812
1541.4507 3852.2570
1626.5026 4056.2448
1687.3858 4282.6675
1739.9661 4550.2051
1767.5617 4816.4948
1850.4793 5122.6963
1957.1714 5473.2856
2042.1737 5828.7654
2138.6791 6160.7078
2248.2773 6450.5224
2354.9692 6695.8714
2434.7447 6882.5617
2497.8242 7008.3624
2576.4498 7100.6685
2649.0106 7162.3063
2719.3232 7208.7062
2788.2469 7257.7855
2855.6584 7309.5517
