-87.7629 -1445.3192
-175.4356 -1433.5484
-273.9739 -1421.1754
-459.5429 -1383.9314
-643.8109 -1322.4256
-793.9551 -1249.2734
-920.8302 -1164.7400
-1048.3412 -1112.5616
-1175.1743 -1059.3173
-1279.0876 -995.5224
-1392.1090 -918.8671
-1505.0314 -852.4295
-1581.2624 -743.5500
-1698.2563 -629.5187
-1792.4745 -516.7850
-1838.3214 -454.5006
-1916.0948 -399.1784
-2021.3245 -316.6488
-2117.3972 -177.0732
-2126.0056 -164.3324
-2207.6268 -82.9005
-2286.3177 10.4316
-2359.8060 126.8817
-2421.5267 242.1831
-2481.4998 358.0192
-2535.1293 496.7833
-2552.8918 652.3143
-2575.3764 821.1665
-2581.3992 881.2013
-2608.2257 1016.7267
-2651.1913 1156.8230
-2640.6873 1308.2490
-2625.2844 1470.6007
-2599.9241 1594.9097
-2560.5828 1667.9634
-2515.8812 1727.6913
-2469.1517 1763.1373
-2414.1794 1796.5534
-2351.0727 1828.0668
-2282.9297 1846.7723
-2223.8732 1832.7016
-2215.4282 1830.7232
-2212.7443 1806.6272
-2221.3499 1773.4296
-2229.9082 1740.2208
-2255.5636 1710.9597
-2295.6115 1696.8249
-2306.9472 1723.0273
-2315.2054 1760.3208
-2326.2644 1786.5658
-2276.9365 1868.8831
-2227.7996 1951.2121
-2127.0565 1997.8092
-2021.9431 2032.3417
-1923.1799 2115.5478
-1825.8262 2199.4114
-1732.5411 2272.9038
-1643.1383 2336.0322
-1558.1794 2457.9557
