-1595.2581 207.1303
-1604.0069 298.7996
-1605.3452 366.9458
-1643.9162 451.2741
-1721.7056 461.7153
-1847.9633 479.7391
-1937.0252 481.8233
-2016.4461 482.9580
-2035.8476 486.1107
-2159.9632 460.9828
-2345.1830 436.4876
-2477.1917 380.4311
-2617.8255 338.5784
-2757.0580 309.1541
-2887.3013 325.9507
-3012.3579 366.6053
-3133.0560 467.4056
-3268.8612 502.2906
-3416.9045 530.1796
-3519.5771 534.7315
-3606.4155 559.8689
-3705.9239 577.2810
-3715.5463 580.2001
-3808.2842 621.1924
-3904.0232 651.7198
-3999.4991 683.1111
