1806.8172 804.5521
1750.7963 853.0785
1728.4895 872.5369
1707.9953 880.8874
1695.1395 901.7762
1691.6329 924.0440
1678.8057 944.9353
1664.2490 976.9623
1668.2132 1011.7181
1690.5092 1049.2510
1745.4681 1114.8368
1786.4652 1201.5342
1770.3518 1290.4749
1731.3230 1352.6996
1673.8103 1366.2279
1627.3080 1370.3094
1596.7965 1388.4062
1593.0075 1410.6243
1604.0508 1503.5920
1629.6385 1610.5055
1673.1510 1663.5461
1722.3381 1729.4430
1778.0487 1843.1441
1817.2585 1942.9823
1824.4393 2025.3454
1820.1126 2117.0846
1825.8262 2199.4114
1828.0205 2292.7546
1808.5696 2369.9251
1788.8863 2447.0437
1776.6493 2525.7938
1768.6443 2617.1687
1794.1174 2728.0313
1782.7631 2877.5283
1698.9867 3033.1421
1616.0835 3188.8901
1467.3760 3329.4840
