-570.5308 -712.3204
-621.7000 -665.7817
-659.8260 -563.8646
-685.4676 -428.9110
-700.6088 -305.5116
-716.3392 -204.3362
-733.9597 -147.6428
-750.7894 -79.7874
-747.1958 -13.0145
-724.0665 41.5392
-701.6487 84.9894
-669.9219 116.8343
-639.4110 126.4917
-589.4912 124.1936
-529.1301 132.8067
-488.3861 153.5281
-467.6621 175.0554
-447.0014 196.6114
-435.1784 251.8884
-430.5425 385.3499
-415.7100 529.5995
-392.5805 640.1734
-360.2636 750.4805
-299.3544 893.4477
-193.5283 1046.9089
-90.7214 1201.2867
17.7626 1401.0732
112.1535 1657.4449
183.4404 1936.6081
296.8419 2228.9731
511.3155 2674.2750
628.8979 3175.5678
716.1003 3577.7077
750.3954 3796.1674
751.4881 4056.3296
