-3644.0989 -820.2811
-3654.6402 -757.9899
-3664.8569 -695.6648
-3664.2343 -635.8166
-3663.3584 -575.9814
-3662.2277 -516.1601
-3660.8410 -456.3537
-3659.1969 -396.5633
-3657.2940 -336.7899
-3655.1311 -277.0344
-3650.0890 -254.1837
-3627.0500 -247.9757
-3593.7763 -244.3244
-3547.7942 -231.7592
-3512.1173 -216.5750
-3466.2688 -203.8450
-3420.4927 -191.0171
-3372.3666 -166.7265
-3314.1642 -144.7646
-3253.7138 -111.3186
-3203.5770 -75.4112
-3163.6794 -37.1207
-3121.4751 12.4966
-3074.5420 84.7051
-3037.6063 159.1478
-3015.4329 213.2567
-2980.8429 276.3223
-2941.2365 361.8522
-2879.5380 454.0530
-2827.6376 548.4308
-2775.7488 642.7370
-2673.0495 784.2743
-2602.7125 874.2355
-2547.2422 944.0217
-2416.1705 1090.8799
-2285.3349 1202.9417
-2075.5798 1299.6778
-1836.3935 1428.0409
-1591.3636 1524.4172
-1117.3686 1596.6261
-784.1232 1688.1058
-468.0287 1779.3975
-83.9748 1879.5723
406.1225 1988.2578
