252.5411 -31.0384
141.1999 -10.3913
30.2331 0.0335
-70.4284 22.4213
-180.6504 56.8044
-280.5334 80.7594
-379.7453 116.5854
-498.7717 142.7752
-607.3966 169.5896
-725.5281 197.8624
-843.9107 216.0980
-951.2880 245.8311
-1077.9419 278.1137
-1195.2372 299.6375
-1322.0472 323.2697
-1419.0536 344.9028
-1515.7934 367.3076
-1620.5807 402.8837
-1716.6515 426.9207
-1812.4309 451.7381
-1898.2036 475.8595
-1964.3328 497.5421
-2010.9217 516.4572
-2057.3820 535.5714
-2103.7123 554.8851
-2149.9113 574.3988
-2193.9242 605.2834
-2254.7080 651.0962
-2322.2714 710.3232
-2381.8969 756.9874
-2398.5016 771.9887
-2483.2210 836.3123
-2564.3165 912.6139
-2620.1691 1007.7185
-2653.3540 1110.0281
-2685.1072 1212.5549
-2679.4576 1270.4870
