3184.7321 -1445.6246
3072.1117 -1442.0503
2973.3803 -1458.7892
2815.6485 -1449.5965
2614.2994 -1445.6723
2454.7056 -1411.0402
2293.3307 -1352.7183
2090.2271 -1309.8793
1865.2735 -1256.2068
1644.2039 -1233.6289
1434.6580 -1207.4911
1257.5987 -1165.4085
1090.9018 -1098.6494
946.2581 -1018.0804
856.2292 -933.6947
799.3301 -858.4860
752.9361 -771.4954
707.8026 -706.6801
662.0612 -619.5098
660.7239 -586.1225
737.3576 -426.4133
782.3797 -290.1523
777.0881 -189.9749
774.6958 -145.4539
764.5123 -146.0123
761.5269 -90.3642
