-1931.6305 -32.7482
-1944.1081 26.0316
-1886.1892 74.8320
-1828.5676 123.7803
-1805.6039 143.4016
-1725.6213 212.2686
-1714.2456 222.1314
-1612.4461 311.1806
-1492.1850 398.4349
-1337.9808 539.0393
-1193.8485 704.1940
-1058.9355 904.7394
-934.6526 1129.2868
-805.1816 1353.9924
-654.0705 1578.0273
-509.8411 1792.6800
-347.1400 2008.1072
-120.7354 2202.4969
117.5471 2391.5206
437.7584 2647.4992
710.9943 2779.6286
968.9235 2853.4221
1223.6658 2925.2860
1506.0806 3024.6378
1770.3375 3168.3853
2036.7096 3363.8641
