2038.9500 -1122.7802
1962.2436 -1120.5709
1896.3830 -1116.8093
1830.5685 -1112.8042
1764.8010 -1108.5555
1699.0814 -1104.0630
1632.4910 -1088.1366
1577.6833 -1082.1436
1532.8223 -1063.8108
1488.8943 -1056.5561
1434.2447 -1050.1309
1390.3985 -1042.6350
1335.8394 -1035.9057
1292.0769 -1028.1675
1226.1512 -1010.7794
1149.6233 -993.9094
1073.2440 -976.7097
997.0159 -959.1791
909.6953 -930.7798
833.3234 -901.4011
745.6149 -849.9273
669.4184 -808.7137
582.2214 -745.3115
495.6240 -681.4792
398.8752 -606.3648
302.9670 -530.6896
208.0759 -465.5649
124.2253 -388.6570
51.4965 -311.2546
-20.4753 -222.3754
-101.9043 -155.3038
-182.8513 -109.9963
-263.6934 -86.4523
-344.5415 -73.5527
-405.0041 -60.7847
-454.5169 -25.8397
-503.7705 9.2955
-552.7614 44.6215
-601.4859 80.1388
-619.4442 125.5500
-626.2229 192.7677
-632.2970 271.1175
-638.1847 349.4739
-654.2300 417.2140
-680.9767 463.2616
-708.1440 498.2548
-726.1546 521.6225
-743.3763 556.1459
-751.5793 578.9815
-759.0042 612.9492
-767.1064 635.8001
-775.1640 658.6586
-783.1767 681.5248
-791.1443 704.3986
-808.5637 727.9214
-854.3246 753.4913
-918.7752 780.7126
-981.9122 819.4354
-1033.0590 879.9438
-1044.0685 959.5004
-1044.3224 1049.3350
-1024.8546 1148.5602
-987.3271 1246.0989
-859.7528 1347.1208
-708.1362 1447.5788
-550.9475 1549.5215
-389.6353 1631.1018
-258.7877 1660.2054
-147.0425 1635.6595
-60.7844 1601.3944
-26.1842 1556.7652
0.0000 1534.4921
-8.7612 1523.3764
-43.8612 1512.3477
-87.8314 1501.5123
-140.8779 1479.8644
-194.4211 1447.3705
-239.4785 1414.9418
-266.7288 1393.3521
-248.9509 1392.9121
-159.6613 1413.4060
-61.8651 1445.7218
43.9162 1501.2283
138.7525 1613.2962
230.4601 1748.5099
318.5914 1895.7360
394.3959 2054.5905
443.1603 2201.7683
465.8083 2347.9240
479.2054 2493.7020
512.2134 2663.1682
552.9912 2878.2832
599.3250 3128.1268
634.2204 3411.5435
667.7572 3729.6652
