1200.7925 -1124.7184
1026.1682 -1102.7533
830.9448 -1091.2742
646.8391 -1077.1409
473.5750 -1049.5777
300.8595 -1020.2446
128.5630 -966.8901
10.6748 -900.6766
-74.4928 -844.9086
-127.3803 -800.0915
-210.6528 -665.7329
-271.4409 -520.1663
-290.2624 -408.5622
-330.5225 -352.0783
-390.4547 -272.6844
-451.0672 -237.5070
-521.6071 -201.6860
-571.8409 -177.4628
-641.7831 -141.0073
-711.3637 -104.1794
-740.6532 -80.3325
-820.4265 -53.5015
-897.7291 7.2133
-942.6521 88.5550
-975.2666 191.6259
-968.5274 280.6841
-942.0714 368.2702
-931.7457 501.8199
-820.5065 695.1979
-758.8298 892.2416
-689.9597 1077.7354
-562.5994 1360.5273
-470.5166 1578.8848
-551.5356 1928.8976
-572.4876 1985.9817
-533.1254 2072.8775
-390.3306 2132.4001
-225.6957 2193.4517
-24.0368 2235.0544
183.1221 2281.4535
402.7110 2344.6805
