315.8253 -1286.9747
184.8465 -1255.5092
54.2788 -1223.0596
-75.8648 -1189.6177
-205.4557 -1144.0549
-334.4454 -1097.4801
-473.5750 -1049.5777
-655.3238 -1009.9352
-846.5513 -956.5309
-1058.7109 -910.5257
-1237.1840 -852.9510
-1393.3499 -795.1030
-1537.9578 -736.5905
-1681.6222 -676.5694
-1815.0035 -627.4672
-1914.9603 -569.8451
-1993.3280 -514.1995
-2050.3097 -460.9065
-2105.3630 -396.0928
-2159.8247 -330.9661
-2205.0153 -278.3243
-2260.0377 -223.8444
-2314.5701 -169.0557
-2376.9576 -101.0022
-2438.5987 -32.5256
-2499.4777 36.3742
-2547.5281 115.0206
-2616.7401 186.6739
-2709.3045 240.4969
-2808.6190 308.5388
-2872.5435 393.4166
-2886.7254 467.5260
-2885.4918 561.8717
-2842.6855 658.3152
-2783.4356 738.9913
-2679.8961 797.6108
-2567.7691 854.6871
-2534.5629 870.8287
-2465.9023 914.4647
-2376.6085 965.5913
-2292.7579 994.8796
-2179.2385 984.0136
-2114.3025 971.7019
