-2495.4838 -600.1893
-2586.6133 -492.4517
-2689.3039 -334.9048
-2792.9116 -198.5937
-2811.2960 -183.2690
-2954.5596 -48.1187
-3092.1375 100.5958
-3246.7982 161.1651
-3370.6675 216.2083
-3435.9290 293.4854
-3497.2456 382.6582
-3557.2962 472.3996
-3590.2669 542.9142
-3622.5264 613.6359
-3628.8920 627.8047
-3654.0639 684.5608
-3673.1250 690.3921
-3707.8569 713.4591
-3748.5255 750.9673
-3787.8010 825.6394
-3865.5080 938.8585
-3980.1641 1029.0934
-4091.8543 1095.1077
-4198.2568 1173.9191
-4263.1395 1277.1930
-4299.3580 1370.2217
-4303.4227 1437.4705
-4306.8954 1504.7126
-4299.5217 1620.4307
-4217.2917 1716.9607
