4276.5153 -598.8983
4134.4358 -662.3545
3999.7804 -709.8328
3875.2344 -753.2870
3771.5007 -790.5005
3654.7239 -817.8426
3548.4086 -841.8772
3429.3217 -855.9797
3310.2127 -869.1943
3191.0875 -881.5252
3073.7262 -904.3488
2957.9156 -937.6113
2841.8168 -969.9285
2725.4387 -1001.3084
2598.0400 -1033.4534
2470.3446 -1064.5046
2331.5778 -1095.9806
2192.5019 -1126.1973
2063.9468 -1153.8450
1956.7988 -1177.9463
1860.3004 -1200.1309
1763.6378 -1221.7221
1655.0644 -1232.5816
1556.4653 -1230.5682
1446.2883 -1217.7498
1346.3993 -1192.2420
1257.5987 -1165.4085
1190.6572 -1136.6452
1101.6894 -1097.9408
969.9928 -1061.4043
806.1038 -1014.3820
589.1391 -956.7382
373.5887 -896.3445
170.0536 -821.9328
-31.6820 -711.6163
-230.7881 -598.7069
-416.6994 -483.4464
-559.2948 -389.6564
-659.9118 -318.5767
-759.5349 -246.7324
-858.1349 -174.1173
-956.4312 -111.8613
-1053.8286 -48.8294
-1169.4862 27.8393
-1283.7750 105.6385
-1366.8336 181.4540
-1440.1641 245.6730
-1506.7715 275.8031
-1554.7456 292.7806
-1602.6055 309.9534
-1674.3917 296.3912
-1694.0932 298.9592
-1764.5513 297.0279
-1844.9288 296.8699
-1936.8959 287.4978
-1999.4669 274.1355
-2029.0692 278.7319
-2115.9868 304.1243
-2208.6173 354.2221
-2310.3013 406.9104
-2409.0168 471.7770
-2514.0263 550.7995
-2650.9002 661.7456
-2786.2842 810.6267
-2827.8637 844.3346
-2925.9595 928.3136
-3043.9034 1043.3427
-3155.5491 1171.3797
-3253.0624 1334.6678
-3278.9356 1465.6022
-3152.0471 1584.9630
-2954.0715 1694.6749
-2743.9436 1826.2055
