-2691.9941 -287.8919
-2683.6167 -301.0813
-2675.2171 -314.2615
-2666.7956 -327.4327
-2648.0322 -342.4757
-2629.2278 -357.4841
-2612.1962 -383.7266
-2584.7117 -411.7535
-2536.3315 -443.2695
-2486.0665 -463.3154
-2465.2612 -466.7750
-2480.9797 -429.5446
-2511.9998 -354.9730
-2547.2162 -244.6722
-2534.8520 -107.8567
-2453.4239 62.7088
-2275.1887 262.0544
-2173.1572 325.1375
-2076.1479 423.8674
-1953.4725 564.5137
-1872.3372 700.4548
-1778.5205 800.2258
-1704.4837 903.1577
-1625.9940 1039.6792
-1551.8901 1154.1395
-1469.6792 1267.5750
-1381.3683 1369.0507
-1290.2661 1436.5570
-1194.4552 1481.4351
-1094.8735 1492.8101
-990.5333 1470.9257
-886.8902 1439.0256
-802.2922 1387.3413
-734.6218 1337.6436
-693.1682 1290.1507
-678.3472 1244.5222
