548.7246 -1448.1915
470.7239 -1394.7676
403.7926 -1329.6567
304.4445 -1253.8044
194.9697 -1177.5450
75.5241 -1100.6604
-32.2554 -1034.0827
-139.4427 -989.0420
-245.5123 -898.8081
-340.5163 -841.4445
-424.0188 -772.6550
-527.5950 -691.5598
-630.1281 -609.7121
-711.6717 -550.3642
-781.6184 -479.9438
-840.5108 -409.7351
-878.1548 -340.5009
-894.1529 -261.2954
-888.0595 -161.0885
-858.1302 -6.5091
-790.4407 112.2529
-683.4418 240.2378
-616.8903 381.8825
-611.7985 481.9947
-617.4045 560.3365
-620.9852 672.0515
-661.3593 796.9557
-694.7917 865.8743
-719.1365 923.2035
-743.9374 969.4793
-767.6324 1026.9435
-783.5215 1061.5833
-807.5415 1108.0384
-840.3959 1155.2570
-863.8076 1201.8680
-885.9048 1259.6623
-900.7811 1294.5214
-915.5086 1329.4088
-928.9746 1375.4398
-951.0918 1422.3070
-982.9253 1458.9647
-1023.2508 1496.6182
-1063.2034 1534.4568
-1096.8218 1549.3076
-1131.7544 1553.1709
-1179.8094 1524.8480
-1229.6559 1485.6100
-1293.3814 1414.3358
