3841.6409 -640.7259
3702.5539 -662.6923
3561.2087 -671.9229
3407.3191 -670.8354
3262.1914 -654.7756
3117.4678 -637.6056
2971.2705 -607.9840
2836.1194 -575.3371
2691.0654 -543.6485
2557.0565 -509.0902
2411.5895 -464.0409
2277.2927 -416.3128
2142.2438 -356.4484
2006.6592 -284.4781
1872.1617 -211.6117
1738.7977 -137.8276
1614.1927 -39.5953
1508.5460 83.9336
1419.1534 254.6522
1383.4075 397.3908
1365.6582 553.3523
1349.9944 686.9832
1336.6234 798.3062
1336.4587 877.2918
1343.8850 968.4916
1358.5193 1071.9441
1364.7814 1163.1756
1438.5589 1229.3302
1532.7122 1276.4395
1704.5347 1348.3175
1893.9767 1415.4120
2096.2540 1500.9857
2295.3069 1591.0613
2538.3317 1745.4565
2863.8966 2044.6835
3108.8084 2401.9915
3269.5528 2838.6533
3316.0459 3312.2827
3269.2922 3826.5848
3170.0550 4315.9913
