-3644.9249 46.9095
-3681.0144 117.4743
-3710.5831 211.0268
-3696.7189 304.7941
-3669.3933 406.9628
-3634.9061 494.7969
-3600.0905 582.4855
-3558.5971 619.2210
-3536.3037 661.5727
-3507.6468 689.8189
-3479.0307 718.0702
-3440.9750 743.5688
-3403.0085 769.1116
-3362.0033 769.5033
-3308.4611 778.6026
-3195.3001 783.5666
-2994.5258 778.7195
-2834.8938 774.8905
-2694.5451 777.3986
-2450.4203 806.0178
-2172.8734 820.8518
-1852.0954 880.2648
-1520.1194 990.7778
-1278.4598 1186.5974
-1064.9103 1444.6490
-905.5707 1687.3810
-733.9441 1952.7276
-608.6350 2155.8753
-476.1720 2426.5877
