-54.7686 -1412.0926
-219.0702 -1410.8184
-383.1601 -1396.8909
-535.8385 -1370.6337
-676.5336 -1321.1822
-805.2581 -1259.9037
-933.1995 -1197.5742
-1060.3299 -1134.1797
-1187.2991 -1080.8624
-1314.3333 -1037.6320
-1430.0920 -994.2695
-1545.3388 -949.9943
-1661.0556 -915.9869
-1787.0560 -879.8855
-1901.9829 -843.9682
-2015.2646 -795.9063
-2125.2889 -724.4331
-2219.4993 -619.7744
-2309.0797 -491.7528
-2396.6278 -362.8274
-2482.0657 -233.0016
-2565.3148 -102.2810
-2636.2394 27.3719
-2695.0542 155.7053
-2751.8508 284.5800
-2816.2849 369.0436
-2862.5872 438.3674
-2927.4897 512.5490
-3003.7103 578.3978
-3078.9963 644.9353
-3162.8366 714.6807
-3245.5834 785.2774
-3327.2123 856.7258
-3392.3529 912.2519
-3407.6983 929.0260
-3490.4650 990.9514
-3581.5001 1056.6927
-3669.3819 1160.1950
