3292.0505 -1249.8583
3054.2311 -1305.2412
2826.5823 -1355.2459
2598.2826 -1401.9986
2357.2614 -1435.7182
2126.8624 -1464.7291
1893.4100 -1456.9940
1670.5057 -1434.1322
1436.5554 -1398.3978
1193.2035 -1371.7225
941.1691 -1375.8705
699.8068 -1364.8510
480.6739 -1349.9677
272.9870 -1343.3243
98.0712 -1300.7046
-108.7931 -1267.2799
-325.6565 -1220.0378
-530.6862 -1170.3440
-723.9151 -1118.5663
-925.8506 -1041.5849
-1126.8333 -973.0981
-1314.9133 -891.6476
-1462.9775 -732.5238
-1679.4360 -654.1997
-1888.9343 -527.6750
-2096.4723 -408.7858
-2281.2796 -369.7812
-2451.6562 -307.5296
-2563.9855 -218.4947
-2711.4074 -97.8548
-2854.7744 -22.1958
-2971.9824 73.4918
-3087.3752 170.6547
-3203.5215 258.0064
-3305.4568 355.5919
-3408.4792 443.1512
-3519.0683 498.0690
-3580.6135 540.1053
-3635.3373 605.1937
-3663.9254 650.6569
-3729.5684 744.9771
-3793.6704 839.9953
-3854.2095 909.9890
-3945.3965 978.9356
-4018.4131 1068.1871
-4093.9539 1147.0344
