1305.8690 -1240.2864
1141.0025 -1218.4649
976.5644 -1195.1365
779.6566 -1160.6867
583.1781 -1112.9155
376.9424 -1063.1897
161.0855 -1011.0854
-42.9059 -989.5800
-267.3478 -931.8321
-437.6194 -894.7301
-639.1537 -854.5451
-807.4536 -802.2741
-985.3655 -747.4576
-1172.7457 -689.7013
-1326.5174 -621.1184
-1499.9482 -548.7427
-1661.4748 -475.2926
-1830.6106 -387.3555
-1965.5282 -290.1478
-2098.5525 -191.3237
-2189.0268 -97.3196
-2289.9137 -11.9937
-2387.4801 85.5685
-2447.5961 154.3078
-2494.9288 232.7902
-2541.3985 311.5769
-2577.2104 388.6761
-2592.8168 461.9357
-2598.2269 533.2140
-2593.6116 602.4499
-2581.5668 658.4177
-2507.3191 771.2875
-2457.4298 819.1638
-2386.6284 874.4022
-2272.0056 955.8286
-2149.3958 1036.1582
-1982.4527 1109.0200
-1842.0032 1153.5057
-1699.0394 1221.7390
-1536.3768 1311.0805
-1349.8020 1398.8913
-1201.7784 1493.5768
-1029.1350 1598.3906
-860.3205 1705.7206
-575.3719 1829.8812
-273.5694 1983.3473
-16.1724 2168.3189
219.7540 2382.4562
439.2837 2625.2783
