3074.7247 -1056.2903
2960.5255 -1030.4104
2846.6373 -1003.9433
2729.9484 -954.2443
2577.1587 -875.3012
2414.7408 -797.1239
2262.5991 -705.0976
2168.3815 -638.5218
2076.0656 -582.8358
1994.6770 -525.4074
1878.5917 -438.0999
1772.5095 -337.7953
1667.3786 -237.0594
1551.8799 -125.8398
1450.0803 -35.2806
1357.1111 79.0873
1272.9847 217.0735
1180.1427 354.4156
1088.6844 492.1477
1017.8494 631.8814
966.0234 784.4942
934.4708 927.5678
928.6068 1095.1541
1007.3460 1315.3247
1195.8362 1538.0116
1403.0909 1689.6302
1628.1384 1804.7755
1869.0422 1907.0039
