-1689.3955 -992.1177
-1764.4722 -984.1962
-1838.4395 -964.7159
-1897.0652 -901.2799
-1944.5402 -838.8333
-1990.3242 -764.9479
-2026.2833 -703.4318
-2040.8165 -644.5752
-2053.7439 -574.4658
-2064.9460 -493.1080
-2068.2480 -435.5993
-2074.2882 -400.5090
-2066.9688 -344.4602
-2071.3304 -298.1589
-2065.3050 -253.3359
-2060.7428 -219.7248
-2056.1438 -186.1190
-2048.3967 -130.1211
-2025.6802 -42.0463
-2011.2571 58.6628
-2016.4182 162.3369
-2032.9356 187.7488
-2065.6997 238.6725
-2081.9451 264.1842
-2096.2930 300.9111
-2120.3098 339.2898
-2146.0009 366.5613
-2202.8149 387.7779
-2224.3270 380.0001
-2236.0727 370.5283
-2251.7469 338.6831
-2249.6703 292.1968
-2215.8926 251.8275
-2160.1911 219.5024
-2118.7499 224.2205
-2098.9312 221.0313
-1994.6994 239.0876
-1890.8347 257.8790
-1805.5145 291.3060
-1679.8275 331.1432
-1566.1540 362.0749
