-1261.4741 -334.7002
-1287.6806 -276.2200
-1322.8208 -205.5622
-1325.9231 -126.5429
-1318.6695 -48.4928
-1316.5731 -26.1950
-1304.3851 -4.8637
-1281.1148 26.6675
-1248.9036 46.1473
-1216.7757 65.6893
-1201.7592 120.4980
-1170.7828 241.2494
-1117.2683 393.6595
-1112.5285 550.3839
-1148.5107 677.2788
-1156.0107 790.4067
-1110.2518 864.6383
-994.3993 988.6970
-824.9370 1120.5132
-639.9804 1275.6565
-320.0570 1394.8544
104.6015 1568.3953
516.9209 1815.3664
891.6823 2179.9962
1097.4143 2485.9896
1293.8769 2731.5781
1502.8186 2919.8366
1694.0565 3125.6909
1877.0747 3495.5922
1891.4815 3986.0319
1846.4189 4341.4010
1844.3670 4466.3490
1862.3996 4601.1944
1920.3777 4757.3530
1967.2779 4913.9592
2002.9221 5070.5099
1992.4778 5204.8864
1930.8979 5309.4521
1852.9526 5403.8725
