-1308.0810 62.9858
-1335.9707 88.2300
-1362.6074 124.6940
-1399.0161 162.2782
-1445.1081 201.0773
-1482.2704 227.8003
-1519.2682 254.6506
-1536.3713 279.2753
-1560.4913 327.4245
-1603.9150 378.0975
-1648.3921 417.8196
-1663.3699 453.8381
-1666.9700 499.7355
-1643.0156 530.5992
-1601.3617 547.8159
-1550.1906 563.9295
-1505.9212 603.6927
-1438.5524 674.6782
-1383.7911 803.7754
-1323.9059 977.4336
-1291.8907 1154.3129
-1250.5122 1330.0458
-1111.0796 1505.8231
-894.6234 1708.8085
-666.4440 1858.1944
-419.1289 1899.7004
-83.2689 1946.2885
250.8365 1915.9306
584.9110 1930.9396
918.0844 1957.9880
