-31.5358 -633.7795
-136.4700 -610.9635
-241.1142 -587.4237
-386.7956 -539.8989
-510.7830 -491.6605
-634.4690 -453.4813
-737.3576 -426.4133
-819.7780 -410.9032
-881.3398 -396.1754
-953.1417 -380.5097
-1045.4842 -363.0133
-1167.7616 -331.3125
-1279.2921 -299.4391
-1401.7044 -276.8039
-1522.6956 -241.9173
-1632.9648 -207.1046
-1742.7751 -171.3550
-1862.2897 -133.3137
-2011.7003 -89.7743
-2121.5674 -61.9524
-2232.8515 -44.3934
-2327.4031 -51.7683
-2423.9909 -69.7787
-2551.2890 -81.6586
-2680.9537 -103.7526
-2790.7688 -128.9083
-2888.6759 -144.1946
-2997.0370 -156.7493
-3105.6725 -168.5980
-3224.7816 -177.4157
-3354.3738 -182.9518
-3466.2688 -203.8450
-3581.0241 -235.4879
-3698.5459 -326.3515
