-246.6410 280.3331
-293.0477 403.6911
-327.7872 560.3435
-332.8326 716.2896
-292.1226 815.3693
-205.3854 913.6370
-36.9454 1023.0555
118.8786 1123.7123
200.0347 1180.5062
253.7049 1215.0040
297.6130 1260.6397
340.6790 1317.5834
383.1863 1374.7151
425.1259 1432.0340
484.6789 1479.2404
534.8225 1526.3481
576.4202 1562.1041
610.5302 1575.2809
635.8448 1588.0214
661.9322 1589.7145
680.1878 1579.7664
697.5964 1580.9637
699.3697 1558.7341
684.4978 1524.1903
651.8865 1488.5364
618.2277 1464.1180
602.0658 1440.8368
585.8093 1417.5851
570.1470 1383.2452
536.4776 1348.0078
477.3158 1278.2922
434.3334 1231.8978
318.2063 1183.3212
191.8119 1135.8650
73.4030 1089.9549
-18.4525 1034.1294
-65.0056 967.5833
-93.5586 889.9402
-112.8573 834.5094
