-2112.7882 -1432.2823
-2090.8618 -1434.8788
-2067.9153 -1426.2033
-2054.9198 -1404.9941
-2041.9304 -1383.7849
-2028.9475 -1362.5757
-2005.0541 -1342.6238
-1992.0957 -1321.4096
-1978.1166 -1288.9653
-1964.1378 -1256.5251
-1948.0713 -1201.6404
-1931.9708 -1146.7705
-1916.9091 -1103.1328
-1891.0713 -1060.7345
-1829.8642 -988.3317
-1769.9709 -927.0375
-1711.3679 -876.8256
-1650.9491 -804.1150
-1565.6546 -688.7289
-1491.5033 -572.1141
-1418.9117 -466.5225
-1348.8379 -383.0791
-1266.1896 -266.8953
-1194.5826 -149.5880
-1123.7121 -32.0939
-1054.4937 74.4613
-955.3988 190.1712
-849.3713 283.5141
-745.3957 366.4380
-632.3804 460.7140
-481.5075 576.5454
-353.9450 650.1129
-199.1160 746.6784
-47.1217 811.8189
234.1277 880.8132
484.8112 933.1882
721.4619 1023.8809
914.3214 1149.9868
1026.4764 1305.9305
1068.4960 1490.0137
1114.5295 1686.4514
1186.6771 1853.0729
1253.7276 2077.0063
1195.2617 2329.5696
1084.3143 2518.1757
936.2607 2725.1589
852.1572 2839.1926
780.4660 2932.5140
700.6655 3047.8414
625.8351 3141.6717
538.3156 3246.1516
