2542.8488 -1030.5237
2411.0805 -1027.3177
2311.7011 -1018.6381
2200.4650 -999.6132
2101.4286 -989.8019
1991.8225 -980.7575
1871.6674 -972.2683
1750.6635 -951.7551
1629.9757 -930.4364
1510.5208 -919.4842
1401.9490 -906.7746
1293.5736 -893.3782
1184.6743 -868.1395
1075.4358 -831.0753
924.2096 -795.8803
752.4554 -760.3626
581.0917 -711.9297
442.0343 -649.7056
314.4882 -586.0839
198.3654 -521.3083
83.1147 -444.5473
-31.0342 -378.0304
-144.1882 -310.6277
-246.2504 -253.6313
-357.4587 -184.5140
-467.5811 -114.4868
-587.1639 -54.2406
-714.0193 41.0064
-838.2836 148.6881
-969.3768 269.5523
-1045.9743 421.2180
-1118.9768 584.6529
-1186.7291 770.9702
-1231.0850 966.9783
-1251.1993 1183.4246
-1252.0237 1386.6766
-1215.9497 1585.5788
-1183.0560 1818.7247
-1071.8113 2064.8011
-875.3917 2313.1539
-655.4693 2517.1707
-448.0679 2715.0106
-226.2038 2850.0183
21.6903 2902.2235
252.9905 2906.5371
451.3011 2871.4011
633.6974 2806.3788
