4365.5380 -968.7919
4264.5322 -970.8724
4163.6025 -972.4152
4049.8512 -964.4797
3923.4247 -946.9455
3750.3418 -915.6180
3558.5631 -899.2047
3347.9408 -896.8311
3146.6068 -878.5462
2967.2213 -854.2184
2800.7687 -837.7054
2624.1609 -821.4613
2449.5570 -814.7703
2273.9127 -795.0613
2055.1512 -767.9909
1827.8959 -750.6386
1591.8422 -742.4778
1367.7926 -741.1397
1144.0569 -736.6610
941.2111 -716.6427
738.9914 -694.0739
537.0800 -657.8193
336.1314 -619.0019
146.6690 -577.5063
-31.3650 -544.8233
-208.6601 -510.0465
-385.4537 -484.2857
-551.2988 -456.8010
-716.6026 -427.4343
-880.7063 -385.0403
-1013.7434 -354.0592
-1135.9899 -322.6220
-1257.7818 -290.0975
-1368.8438 -257.4639
-1478.3604 -212.7440
-1568.0347 -180.5299
-1626.7888 -151.2588
-1685.3087 -121.7030
-1732.0991 -81.9572
-1797.3900 -28.2043
-1860.6229 37.1273
-1909.9898 123.7898
-1927.0268 217.5257
-1923.7039 308.3688
-1908.5107 408.8794
-1881.5811 519.0278
-1844.8588 627.6548
-1800.3922 723.6540
-1720.1693 802.9238
-1623.6765 868.7369
-1464.4489 915.4735
