1034.1260 -1258.8221
979.7493 -1262.0083
903.1230 -1255.0363
804.8245 -1248.7667
706.6084 -1241.9450
597.2905 -1223.8243
488.4531 -1216.1513
401.4119 -1207.2940
270.9368 -1187.6232
151.5597 -1166.8685
32.4411 -1145.2781
-118.8154 -1122.6491
-290.9610 -1076.0458
-451.2616 -1016.8059
-589.4918 -967.8664
-716.3132 -918.1790
-842.4470 -867.4348
-987.8758 -792.0271
-1162.9543 -701.6461
-1337.9079 -631.3645
-1499.9482 -548.7427
-1651.0649 -476.4487
-1768.4896 -394.9682
-1887.3055 -334.6994
-2003.7314 -262.0779
-2120.5622 -199.4865
-2200.8574 -106.9288
-2214.3450 -58.8640
-2225.8755 0.4408
-2225.3039 69.3206
-2212.6761 147.7268
-2207.1967 181.3183
-2182.9855 326.8033
-2179.1934 349.1742
-2128.8768 467.1644
-2090.1812 575.5740
-2043.8403 671.1389
-2007.1108 768.3009
-1981.7577 855.8794
-1946.9786 941.8221
-1940.9066 975.2351
-1889.7456 1046.8745
-1793.1679 1111.0576
-1705.1079 1131.3487
-1615.6683 1163.3869
-1528.5304 1184.9280
-1483.7700 1235.4687
-1428.6800 1296.0264
-1381.3683 1369.0507
-1337.7072 1419.9638
-1285.5708 1469.8859
-1219.0158 1563.3661
-1146.2354 1645.0028
-1078.7269 1693.7034
-986.2774 1740.1413
-852.3440 1783.4862
-643.8269 1823.1065
