-1511.0186 61.6220
-1504.8142 117.3985
-1476.1368 193.2308
-1424.0691 300.3204
-1373.6356 396.3286
-1324.8276 481.2728
-1288.4775 545.0372
-1251.1500 619.9850
-1195.0261 693.0637
-1139.4206 766.3096
-1019.5768 822.6608
-864.3869 866.1101
-653.1497 930.4128
-387.4175 1040.8159
-109.1147 1179.2148
115.3135 1412.8183
337.2712 1640.3147
588.1961 1886.4876
794.8574 2316.4752
1101.9477 2860.5857
1313.1792 3239.3751
1500.7700 3337.0505
1728.5597 3512.3532
1913.5826 3761.0704
2039.4945 4015.8128
2170.0136 4221.7628
2352.4621 4373.3616
2511.1283 4596.8723
2628.1025 4889.8955
2681.5977 5246.1228
2681.6584 5596.1734
2683.4576 5897.1342
2645.3261 6070.0602
2616.6835 6224.7160
2540.7925 6337.3764
2460.0055 6417.0388
1583.0154 5663.6526
2216.2386 6537.4154
