4609.1405 -538.9889
4454.8289 -597.5017
4299.8480 -654.0635
4136.0880 -723.0947
3969.1070 -778.3495
3801.4799 -831.4871
3622.5730 -884.9416
3441.0828 -924.6314
3248.4990 -964.2383
3064.5329 -988.0109
2869.7108 -1011.5528
2685.5172 -1031.0030
2490.4883 -1049.9989
2306.1545 -1065.1878
2109.8267 -1068.4579
1925.5402 -1079.4548
1730.4776 -1089.5412
1546.2188 -1096.3587
1350.4524 -1090.8655
1165.7426 -1082.3865
980.7597 -1060.7708
796.2934 -1037.1763
623.1086 -1011.1889
450.9959 -1005.6812
289.9447 -1009.3159
128.8690 -1011.3697
-32.1985 -1000.7241
-160.7991 -977.7249
-278.2090 -942.7734
-384.0250 -884.9701
-510.4110 -825.7693
-625.3470 -765.9373
-729.3912 -716.8361
-842.8070 -655.2811
-944.8814 -593.4636
-1046.1560 -530.8787
-1123.4261 -435.6699
-1209.8902 -339.0847
-1306.2861 -252.0600
-1411.5992 -163.2117
-1524.3984 -61.1163
-1645.3713 43.3640
-1764.2477 149.2171
-1872.6688 243.8539
-1979.2821 339.6645
-2078.0008 412.6931
-2154.1066 494.5103
-2157.5258 587.2612
-2122.1892 673.2046
-2079.4283 746.2941
-2002.5463 847.9558
-1920.3333 983.2077
-1899.7903 991.2105
-1772.9174 1119.2210
-1671.8771 1217.4953
-1581.1980 1317.6830
-1544.9392 1426.1269
-1539.9129 1562.0420
-1549.4443 1757.4314
-1595.2656 1970.9532
-1566.1582 2195.1454
-1503.2260 2413.3020
