474.3967 -1082.9535
333.6752 -1052.9906
204.0399 -1010.6080
85.7604 -978.2915
-10.7008 -945.1547
-96.1316 -911.5133
-181.1333 -866.2966
-254.9142 -809.6732
-328.2081 -752.6920
-369.5914 -707.2577
-410.4676 -650.5799
-451.3455 -604.9037
-491.3040 -536.8562
-510.4255 -480.5356
-518.9987 -424.5505
-527.4719 -368.5568
-535.8433 -312.5546
-555.2044 -278.4010
-584.7147 -243.7999
-613.6036 -198.0025
-652.9750 -162.7917
-692.1394 -127.4572
-740.6532 -80.3325
-778.0830 -22.4593
-823.8365 58.4090
-838.2836 148.6881
-833.2754 226.5931
-808.4910 303.2443
-793.6533 380.5216
-778.8585 457.7988
-764.1095 535.0763
-730.9248 600.0641
-710.3367 621.1758
-699.3849 642.8660
-707.5651 665.6697
-725.9485 677.9303
-753.8193 690.8170
-782.4027 692.6488
-811.7838 683.4249
-852.4288 652.6899
-891.5385 644.3246
-959.4341 638.3211
-1015.8699 654.1373
-1048.9268 713.0556
-1085.4618 828.6002
-1126.4764 978.6144
-1116.0226 1157.4816
-1070.0712 1321.4849
-1006.9168 1483.7570
-871.5375 1594.6108
-725.8329 1661.2457
-590.9555 1730.3687
-483.7182 1802.4734
-371.4346 1841.9977
-226.7095 1881.9337
-58.5365 1912.7391
141.9544 1924.7583
342.2842 1929.9773
565.8160 1963.2428
827.7950 2016.7256
1194.6663 2080.2825
1511.9725 2174.1673
1803.4912 2357.2128
2089.6692 2601.3767
2382.5718 2866.9376
2680.3080 3183.8656
2896.0735 3495.5494
3023.6341 3814.6353
3103.2773 4069.6834
3145.8292 4285.1010
3181.8870 4490.5641
3202.2153 4662.0019
3149.6813 4781.0529
3063.1541 4873.4624
