2505.5184 -1174.1980
2255.0436 -1197.8645
2008.6802 -1262.7299
1761.1079 -1323.6872
1499.1607 -1348.1876
1225.3702 -1358.2982
952.1041 -1375.2805
666.6711 -1354.9988
306.0616 -1365.0249
-65.4502 -1323.0982
-305.0983 -1298.2925
-500.1211 -1249.2155
-693.8419 -1186.7278
-887.8620 -1155.3386
-1124.5348 -1118.8076
-1392.7900 -1076.1444
-1635.7500 -997.5607
-1850.2339 -974.7115
-1977.6308 -948.3984
-2102.2607 -898.5504
-2255.4454 -820.5912
-2407.3029 -740.8052
-2559.4072 -670.4464
-2710.3391 -598.2460
-2818.2793 -532.0547
-2918.8156 -489.5008
-2929.2335 -487.4640
-2958.5094 -469.9834
-3016.8722 -434.7898
-3095.6946 -394.9396
-3176.3280 -365.8934
-3275.9797 -379.4631
-3390.7530 -412.8850
