-1698.2612 -1363.7911
-1731.0442 -1360.5814
-1752.8967 -1358.4068
-1785.6713 -1355.0926
-1807.5181 -1352.8482
-1829.3625 -1350.5760
-1862.1247 -1347.1151
-1882.0305 -1322.3332
-1900.8823 -1286.2945
-1918.6113 -1238.9955
-1955.7353 -1166.7225
-2000.9596 -1070.5509
-2044.2255 -962.9083
-2085.3048 -843.7924
-2127.9638 -746.8910
-2172.5801 -672.2139
-2220.9429 -631.0093
-2270.5174 -600.8296
-2321.4346 -581.6869
-2349.7605 -554.3602
-2367.5279 -528.6002
-2385.2141 -502.8038
-2411.5895 -464.0409
-2439.4540 -436.4470
-2477.5640 -407.0348
-2511.9998 -354.9730
-2544.2766 -291.5100
-2610.6030 -244.8326
-2682.3436 -231.5377
-2756.0141 -229.1382
-2829.7216 -226.3735
-2891.1380 -214.0313
-2944.4054 -214.8310
-2995.5481 -204.1389
-3059.0778 -202.3640
-3112.4183 -202.5675
-3176.0156 -200.3020
-3249.8639 -195.4279
-3305.6641 -206.3189
-3341.0849 -221.8646
-3376.5595 -237.3622
-3404.2054 -266.6302
-3431.8785 -295.8990
-3459.5778 -325.1691
-3484.9389 -343.0390
-3510.3278 -360.8967
