4187.0169 -807.5228
4091.3901 -832.3957
3995.6311 -856.6207
3897.5540 -868.6560
3784.5237 -859.5738
3682.3285 -847.4113
3582.3835 -846.2175
3482.5404 -844.4760
3382.8028 -842.1867
3272.5362 -841.5347
3166.0850 -862.9675
3059.5084 -883.6384
2952.8117 -903.5522
2842.7013 -900.0456
2732.7236 -895.8582
2622.8835 -890.9895
2511.6968 -874.1568
2411.4147 -855.0699
2323.4131 -845.1694
2235.5487 -834.8391
2135.8890 -814.2777
2025.8761 -794.5500
1916.1524 -774.1559
1816.1637 -740.6704
1728.2153 -716.6850
1641.5793 -703.4581
1566.6662 -699.9055
1470.7119 -698.0197
1352.8487 -686.2496
1244.1133 -650.4738
1146.3463 -613.2371
1060.2037 -585.8687
974.3550 -558.0588
899.8693 -540.3215
835.9988 -521.6621
803.5633 -501.1044
791.4756 -468.2621
789.8005 -434.8649
788.1114 -401.4685
785.8374 -356.9410
772.6673 -301.8378
758.3885 -224.4720
743.5662 -135.9775
749.5976 -57.5294
755.4410 20.9256
761.0933 99.3873
776.4951 178.4359
761.9291 255.7476
738.2423 321.3652
686.6100 363.1394
587.0030 391.6163
467.9475 431.2232
339.6691 482.7601
212.1131 557.8041
105.2416 645.3893
9.5108 711.6523
-85.0796 778.6727
-188.0898 835.4806
-270.7236 914.9925
-333.5423 994.5588
-395.3285 1074.4978
-383.1253 1152.0112
-299.3417 1205.0433
-190.0677 1224.8206
-63.3592 1223.3320
63.4324 1212.2125
200.2629 1169.3868
347.0434 1139.6758
476.4269 1111.1062
605.9177 1095.1482
745.0682 1081.2966
865.3532 1078.8358
994.9760 1078.4870
1133.9177 1080.5750
1289.9085 1097.6370
1471.4325 1131.6884
1650.2453 1179.9632
1827.6937 1231.3548
2001.4234 1296.9953
2203.7149 1395.4658
2434.4525 1517.9176
2676.1602 1746.8559
2891.8979 2016.8970
3039.2481 2351.2894
3092.9675 2687.2764
3123.8212 2957.3022
3140.5572 3226.8234
3116.8694 3482.2432
3150.6957 3635.4118
3243.2819 3713.3569
3353.1657 3776.3490
3449.4527 3834.4125
3547.0809 3866.6576
3642.8684 3854.8156
3739.2706 3844.0502
