2262.8282 -1379.5167
2162.2114 -1369.3914
2061.7272 -1358.7476
1948.4645 -1326.3512
1823.6952 -1283.2955
1686.7366 -1218.2002
1562.2185 -1162.4612
1427.5364 -1106.9232
1292.8253 -1039.3299
1147.5841 -960.4511
1002.2334 -858.2204
858.3452 -754.9279
716.0028 -650.5403
585.3427 -533.4974
456.0852 -404.3591
328.5688 -263.1057
183.1385 -132.2364
30.2576 -11.0861
-99.8614 122.6879
-227.3119 257.7325
-302.5365 415.0413
-297.7217 604.0876
-264.1295 803.5780
-259.7188 981.4942
-274.6176 1115.3699
-207.6846 1247.3937
-61.9412 1434.6023
138.0333 1657.7734
376.1872 1920.1506
644.2227 2214.3000
