2017.9767 1023.2696
1959.4618 978.4298
1881.7809 930.8913
1786.5163 869.9427
1682.4326 797.4509
1559.4596 712.4516
1442.7445 641.2669
1327.0748 549.1334
1238.6049 461.1754
1101.6733 347.4175
989.9862 259.9084
836.8613 170.9472
681.6191 83.9594
524.3380 -1.0695
354.1071 -51.0538
212.9875 -87.3228
71.1664 -122.1334
-81.4603 -144.3172
-234.1889 -142.5991
-396.4480 -116.6884
-577.9660 -76.9175
-757.8938 -23.5893
-906.3246 30.1451
-1024.4241 72.1422
-1162.7721 105.8247
-1272.7169 115.8284
-1402.5389 128.8314
-1453.6460 123.0223
-1508.5460 83.9336
-1568.6218 90.8099
-1645.9528 122.7286
-1714.4063 142.6969
-1782.6893 163.0472
-1839.3125 193.5617
-1895.6759 224.3643
-1950.1060 266.6300
-1996.0273 296.4877
-2023.8246 312.2642
-2106.8060 360.0297
-2181.3287 395.5839
-2237.9574 416.9961
-2282.6457 448.1109
-2329.1909 468.2432
-2375.6030 488.5778
-2433.7597 499.8161
-2489.6056 522.5363
-2547.5930 534.3509
-2615.1697 548.4984
-2699.4670 578.4731
-2797.4737 635.9385
-2844.2618 694.2018
-2871.4717 748.1488
-2869.9390 795.2568
-2845.5565 813.0480
-2833.3826 821.9522
-2796.9306 848.7000
-2769.9511 877.7439
-2740.2889 917.9794
-2728.2217 926.9256
-2677.3493 973.9381
-2645.1742 1025.3762
-2622.2367 1078.9758
-2657.9181 1205.8297
-2700.3913 1335.2374
-2713.9508 1457.9637
-2663.8938 1599.8872
-2586.4130 1674.7429
-2512.7190 1738.7583
-2417.2790 1785.4927
-2314.2484 1830.8085
-2172.8036 1891.1882
