3212.6966 -1241.3942
3044.9716 -1236.8898
2855.7842 -1234.5529
2674.9353 -1205.9607
2460.8807 -1169.2579
2258.5409 -1128.8613
2058.2653 -1097.6729
1894.2693 -1094.3782
1677.4992 -1106.2427
1470.7011 -1103.1807
1296.5296 -1095.1451
1090.2814 -1087.4989
841.2469 -1079.5952
592.6152 -1068.0213
387.7105 -1062.9414
193.4152 -1021.8583
0.0000 -956.2777
-170.5843 -877.5338
-308.0159 -808.7295
-423.4755 -750.4076
-558.5030 -668.1976
-682.1477 -596.3272
-784.3348 -535.6061
-894.8752 -451.2296
-995.2395 -388.8983
-1133.4854 -289.1883
-1262.4062 -222.2960
-1377.8284 -132.7822
-1519.5760 -16.4794
-1648.6734 100.4046
-1758.3429 193.8830
-1848.1210 274.5358
-1925.1003 365.6887
-2001.6639 388.9379
-2010.3872 459.0581
-2076.6968 538.8059
-2151.4650 620.7654
-2227.0773 692.2123
-2282.6584 760.6391
-2316.2427 836.8601
-2325.7073 885.2512
-2316.2915 929.8692
-2297.5156 972.5853
-2253.3540 998.5606
-2204.7437 1000.5522
-2156.1884 1002.7398
-2109.8981 993.9837
-2070.6688 998.2604
-1966.6746 991.1756
-1862.7205 985.0400
-1738.4298 988.1156
-1631.2185 1006.2962
-1485.4683 1099.5501
-1298.3051 1245.4281
-1102.9331 1426.1398
-909.1147 1654.0517
-711.9835 1917.4500
