3390.3017 -1089.0497
3197.7474 -1138.6378
3015.4298 -1183.8195
2789.1636 -1233.9384
2573.1053 -1279.1591
2377.0594 -1307.1905
2180.7588 -1332.9143
2005.0541 -1342.6238
1818.4406 -1351.7156
1630.1727 -1336.4388
1419.0119 -1298.7005
1177.9702 -1294.3556
948.1307 -1286.1248
729.1256 -1263.3022
488.9863 -1238.4031
249.6753 -1221.3192
21.6877 -1200.8930
-184.1384 -1177.6663
-378.2383 -1129.9288
-550.7897 -1114.0130
-712.3060 -1096.7641
-861.3091 -1045.0752
-1019.6444 -980.1439
-1179.0071 -947.0000
-1347.7364 -900.1624
-1525.3838 -839.2318
-1702.9635 -787.2980
-1888.9939 -720.6930
-2098.8070 -682.3961
-2274.9548 -634.5511
-2460.7968 -582.7776
-2645.7480 -528.4709
-2825.9639 -448.9943
-2907.0883 -421.6101
-3006.6501 -378.1574
-3185.9946 -304.6425
-3348.9419 -208.0944
-3522.5911 -117.8298
-3664.0588 -32.8450
-3815.3604 8.4740
-3845.5653 16.9625
-4016.3627 66.4917
