-1797.7198 860.2550
-1806.8172 804.5521
-1806.3382 747.3853
-1796.1357 688.7822
-1780.5123 663.6476
-1761.4068 660.8397
-1748.4699 681.7403
-1724.3508 712.4116
-1711.4780 733.3271
-1687.4784 764.0323
-1650.7939 815.7033
-1623.6765 868.7369
-1601.6311 888.3893
-1590.6310 898.2259
-1598.3223 910.6542
-1643.2833 928.3842
-1697.4160 947.6917
-1753.2166 956.1481
-1805.1744 987.1525
-1825.2122 1036.1546
-1839.7120 1061.4379
-1857.2204 1121.6710
-1867.2813 1169.2722
-1822.7380 1207.5837
-1747.3736 1263.7894
-1615.1506 1334.2178
-1463.4261 1425.6411
-1286.4431 1526.5351
-1098.7615 1673.4038
-899.4175 1900.0192
-623.8926 2168.1160
-385.0778 2377.2863
-152.0868 2592.2971
65.8059 2835.7634
264.6206 3118.4894
