130.1968 -1211.5287
43.4231 -1223.0906
-54.2788 -1223.0596
-184.5451 -1222.1480
-358.4140 -1230.5079
-521.5771 -1237.4408
-684.8765 -1242.8278
-826.1155 -1236.5946
-1011.2868 -1237.8228
-1174.8311 -1238.5690
-1360.9166 -1247.2268
-1535.5684 -1243.7152
-1677.6805 -1241.6628
-1831.6832 -1248.5034
-1996.7528 -1252.7653
-2117.4046 -1249.6784
-2216.3611 -1248.5818
-2339.5328 -1266.5347
-2461.6901 -1272.4324
-2573.1053 -1279.1591
-2683.2785 -1273.9079
-2793.4750 -1267.9698
-2903.6913 -1261.3431
-3015.4577 -1265.4107
-3124.1681 -1246.0170
-3232.7727 -1225.8873
