-1776.3935 -881.0690
-1773.1571 -847.4759
-1747.5603 -805.0486
-1709.2611 -741.3910
-1693.2556 -686.6062
-1666.7258 -632.9766
-1639.1536 -568.1628
-1623.1744 -513.4018
-1608.3043 -469.8240
-1593.4419 -426.2499
-1590.0667 -392.7330
-1576.3310 -360.3383
-1561.4769 -316.7749
-1547.7733 -284.3808
-1544.3454 -250.8826
-1542.0448 -228.5522
-1539.7319 -206.2231
-1538.5708 -195.0590
-1536.2394 -172.7319
-1532.7194 -139.2437
-1530.3573 -116.9199
-1526.7911 -83.4367
-1524.3984 -61.1163
-1520.7862 -27.6381
-1515.9269 16.9947
-1508.5460 83.9336
-1502.3109 139.7066
-1499.7954 162.0134
-1459.9646 157.5686
-1408.9715 163.3328
-1276.2492 183.6456
-1193.6520 209.6211
-1070.8723 243.8933
-978.3912 281.4248
-866.7910 318.2092
-766.3651 345.3451
-666.4089 373.2250
-528.3398 389.0401
-361.4080 405.4573
-175.3547 434.8817
-9.7242 455.9036
194.1136 479.6476
