1833.0034 -908.6898
1733.7363 -885.7307
1644.3860 -849.9601
1556.3339 -824.9647
1435.7918 -791.3024
1283.9621 -759.4634
1165.2080 -735.0987
1015.1470 -711.9979
854.4579 -676.9735
725.0729 -616.6535
596.2004 -544.2149
521.2032 -491.3009
456.4126 -415.4828
402.8082 -350.2598
359.6358 -273.4889
285.0933 -141.6568
242.6357 -42.3408
220.9741 46.2801
199.3793 146.0482
207.1823 279.6425
262.5336 458.6483
355.6734 594.5103
447.3435 708.8979
556.9538 802.6907
711.3086 900.3791
863.6606 989.1577
1016.6822 1046.7856
1135.1622 1069.4538
1262.4005 1094.4642
1398.3058 1122.1449
1559.2685 1166.5579
1732.0139 1192.6947
1920.2104 1235.9874
2086.9280 1290.3219
2262.2395 1384.6891
2434.3291 1482.5211
2584.9679 1614.8175
2711.9587 1780.9127
2833.3294 1974.1162
2970.0992 2227.3718
