4087.9641 -1173.5001
3938.2217 -1220.8184
3795.1685 -1241.0565
3641.1765 -1262.3801
3474.4998 -1273.0083
3297.0095 -1284.1820
3119.5938 -1293.6091
2953.1624 -1299.4445
2785.4323 -1292.4171
2607.0894 -1285.5762
2429.0448 -1277.0598
2251.3167 -1266.8639
2063.0511 -1256.2927
1875.1524 -1243.8059
1708.4405 -1216.0404
1543.1024 -1198.0000
1345.6618 -1181.0739
1148.0595 -1150.8063
951.1669 -1118.3647
743.3839 -1061.9496
536.8751 -1003.0957
364.0199 -952.2025
192.4942 -932.8948
32.0244 -900.6483
-95.7762 -844.7949
-191.1889 -810.5705
-222.9110 -799.0332
-317.8260 -764.0319
-359.7334 -740.8725
-505.1624 -647.7623
-607.9000 -577.1808
-679.3601 -529.5501
-781.0705 -468.8115
-860.6252 -397.4030
-920.7681 -360.2226
-1001.2202 -321.3557
-1082.0582 -293.1400
-1163.4726 -275.5827
-1266.1896 -266.8953
-1378.0782 -245.3239
-1470.3325 -236.1256
-1571.5887 -214.0275
-1621.5166 -197.1080
-1652.1725 -193.5657
-1731.2586 -161.4363
-1818.7938 -116.3039
-1905.7854 -70.5240
-1968.9186 -4.6343
-2031.3231 61.6649
-2092.9839 128.3739
-2101.2368 141.1343
-2132.2384 203.4498
-2151.0535 275.4456
-2163.3274 323.4795
-2154.1063 436.9559
-2115.3102 545.3691
-2020.8581 690.2248
-1889.7386 829.0970
-1705.1879 1017.2647
-1584.8037 1181.6179
-1521.6471 1229.4019
-1315.2052 1451.0195
-1141.3894 1745.9425
-1098.3990 1808.5853
-1047.4436 1870.4125
-926.7446 2026.2661
-669.7789 2451.1844
-442.4487 2792.7733
-173.7698 3126.7552
117.5674 3448.1360
368.9504 3736.7034
574.7433 4034.0842
