-1470.3667 -821.8905
-1596.8613 -798.3794
-1733.6950 -772.6397
-1892.5806 -754.3083
-2076.3887 -674.0168
-2269.0294 -589.5904
-2428.5469 -507.3598
-2550.0836 -394.6453
-2647.0692 -272.9773
-2723.5646 -165.4500
-2749.5367 -20.2785
-2705.0142 157.7323
-2629.8933 329.3659
-2551.6581 465.1537
-2487.8771 580.4514
-2402.9174 703.0357
-2339.4394 771.7550
-2278.6221 829.4417
-2146.5878 954.6444
-1963.4121 1059.5972
-1796.4060 1145.9243
-1550.5340 1222.1538
-1263.8888 1297.7666
-882.5454 1483.4823
-516.6889 1681.5221
