-1356.5550 -236.1312
-1394.3848 -198.7069
-1422.8809 -173.3426
-1459.1984 -124.5329
-1515.4653 -73.3887
-1587.6395 13.8613
-1631.8857 154.9830
-1759.2569 262.1995
-1877.7541 347.2268
-2000.6650 457.5022
-1990.9416 455.9541
-2136.5785 537.5271
-2272.8105 608.1950
-2392.9510 654.5187
-2476.6302 729.7788
-2549.6172 803.7976
-2563.4395 830.2682
-2593.3427 872.1291
-2613.5951 911.9844
-2684.8653 1022.9955
-2714.5096 1136.8067
-2742.4815 1250.8068
-2759.8306 1362.6230
-2737.9112 1440.4325
-2710.1080 1504.7161
-2655.2103 1597.5679
-2530.7622 1707.7785
-2332.2395 1764.4363
-2161.7595 1759.8413
-1911.4250 1718.7487
