-1586.6560 -1058.7474
-1620.7922 -1078.0005
-1654.9855 -1097.2018
-1700.0320 -1115.2593
-1744.1859 -1122.0192
-1787.3823 -1117.4686
-1841.3634 -1111.6202
-1915.8379 -1091.9153
-1990.1876 -1071.8444
-2052.4846 -1041.5127
-2093.1092 -1013.6429
-2122.8789 -987.0347
-2131.1282 -963.1645
-2128.6370 -940.6909
-2123.6052 -895.7499
-2117.2230 -839.5855
-2110.7381 -783.4344
-2104.1506 -727.2966
-2103.9114 -636.0677
-2108.0565 -498.5130
-2096.0780 -248.8624
-2085.8852 -101.7039
-2044.6382 40.7978
-1964.9911 166.0402
-1892.4523 246.7080
-1802.3775 313.6340
-1669.4031 409.2282
-1478.5982 509.8799
-1240.3641 630.1344
-987.9046 752.6836
-787.7119 883.0015
-645.4417 1052.7378
-494.7323 1290.2315
-306.2033 1539.1293
-128.0432 1746.6106
82.6749 2001.8853
277.3171 2317.3760
482.9759 2650.1495
701.0651 2801.1273
