-3184.1063 672.2538
-3171.6402 680.9696
-3146.7391 698.4166
-3112.3726 713.3979
-3043.8513 743.5408
-2997.3797 767.5081
-2913.2701 782.1528
-2876.5985 808.7676
-2854.9780 815.3453
-2821.2202 830.8623
-2778.1442 844.1917
-2719.0715 842.0450
-2682.9271 869.0262
-2680.2676 880.2027
-2668.2478 889.2068
-2656.2402 898.2170
-2630.8104 880.6033
-2618.8348 889.6445
-2604.2589 909.8609
-2599.0167 932.1951
-2603.0485 956.6489
-2604.3442 992.2673
-2593.6006 1036.8965
-2546.0240 1073.0122
-2515.3100 1160.0571
-2479.9050 1187.2023
-2456.3688 1205.3324
-2421.1665 1232.5780
-2386.0876 1259.8846
-2311.3285 1255.1703
-2245.6373 1252.8547
-2170.9753 1249.0969
-2051.1997 1237.1233
-1893.0881 1231.1793
-1745.3811 1274.9055
-1498.8962 1373.8872
-1197.3818 1459.2147
-1015.6128 1563.2842
-894.6234 1708.8085
-843.8463 1782.7346
-818.3488 1780.5256
-684.9953 1736.5575
-478.4562 1746.4675
-255.0268 1782.5099
-33.6838 1857.0179
331.5717 1985.2597
975.2900 2166.3834
