-2967.8567 143.3768
-2854.2248 189.0928
-2738.9837 246.6917
-2608.0063 336.5773
-2449.0135 421.4419
-2284.1379 494.6224
-2219.8947 517.6250
-2122.9950 558.1990
-1967.1980 601.0741
-1824.7206 693.1009
-1754.3491 830.8011
-1703.1431 971.3454
-1657.4885 1078.4810
-1626.5798 1153.6179
-1624.7745 1164.7391
-1595.7775 1228.7587
-1556.1123 1302.5843
-1514.9121 1387.5676
-1461.6126 1493.5417
-1381.0235 1607.0594
-1276.0090 1717.5281
-1176.1790 1806.5776
-1064.2543 1872.2996
-948.3317 1916.0938
-766.1294 1966.5388
-595.6233 2009.7902
-409.6111 2077.5533
-202.1334 2170.6251
