1417.2252 -567.9748
1349.7964 -517.9165
1273.1976 -479.6823
1164.9551 -432.4589
1056.5817 -373.4118
959.9916 -324.1439
864.0016 -274.3162
778.8659 -223.3666
694.8243 -183.0974
620.9383 -130.7980
537.4278 -78.5486
444.0612 -15.0475
341.4843 48.7827
249.8517 113.5279
169.0407 178.9932
98.9221 245.0040
0.0000 344.7047
-68.2584 422.7259
-145.3148 501.2270
-202.4725 557.6416
-259.0610 614.3302
-315.0693 671.2935
-351.4934 727.9556
-378.0648 784.4329
-385.5257 840.3415
-383.9208 884.8221
-372.9817 928.9946
-323.9286 1005.4088
-247.7141 1092.4812
-163.6682 1179.8985
-63.1388 1256.6904
80.5103 1334.6483
240.0616 1392.7035
398.0827 1442.0942
546.3018 1482.3460
678.2707 1490.2551
810.1090 1499.8767
941.7911 1511.2139
1073.2908 1524.2704
1201.5718 1561.2656
1325.5719 1622.1816
1444.1665 1706.9857
1556.1496 1815.6234
1707.7598 1968.1859
