1458.7363 168.7197
1378.2793 69.9728
1270.0991 -75.5298
1148.0210 -209.5436
999.0078 -287.9391
862.7099 -252.0491
798.1268 -199.9693
784.2689 -133.7577
790.0738 -55.2725
805.7468 23.8117
779.1358 133.9231
714.9835 208.4457
631.1829 293.3667
537.6275 400.5733
454.7936 519.8380
371.9681 684.0499
299.9832 871.2079
228.8561 1114.3251
224.4214 1303.3549
287.2474 1583.0892
370.4102 1864.2319
484.8738 2181.6770
679.6718 2507.9677
847.4511 2872.4266
1004.0570 3231.9067
1134.9371 3550.0477
1270.4794 3785.0112
