-265.8691 -831.7411
-265.5348 -809.4987
-275.6297 -775.9532
-285.6791 -742.3999
-306.0410 -697.5127
-347.3295 -652.1341
-398.6059 -595.2419
-470.0793 -526.3986
-551.2988 -456.8010
-632.2111 -397.8430
-713.5155 -360.6558
-763.4994 -324.6463
-812.6274 -277.3122
-828.1572 -187.0775
-811.5982 -76.3604
-754.2054 43.1826
-687.5726 162.3560
-631.7406 282.2421
-576.7005 402.2913
-522.4893 522.5087
-468.6840 654.0202
-377.2918 806.6735
-259.9988 970.3746
-136.8577 1146.1640
0.0000 1334.3410
172.5380 1658.3172
342.5911 2108.1573
497.1047 2461.2943
660.6515 2831.0927
824.7972 3218.9547
