-2475.5542 113.1119
-2558.5734 221.8203
-2641.9720 320.1588
-2694.4339 413.0685
-2726.2859 502.1160
-2728.3278 584.8754
-2722.8150 654.2587
-2674.5156 690.4802
-2607.4048 722.6165
-2524.0829 739.7691
-2450.5340 759.3640
-2429.2332 766.6256
-2386.7121 781.2372
-2323.1336 803.3757
-2250.3897 823.9614
-2164.1860 865.4634
-2044.2223 935.8238
-1882.5379 1034.1882
-1675.8465 1138.2515
-1436.9206 1240.4474
-1101.9784 1358.5181
-852.9591 1514.5786
-602.6862 1686.4346
-379.8710 1842.3324
-165.8182 1980.7691
40.7965 2101.6801
241.4427 2205.0000
437.7089 2290.6772
631.2756 2358.6866
