1460.6474 -1430.1402
1293.5622 -1398.2480
1105.1604 -1366.3000
906.9541 -1344.1720
698.3476 -1320.3189
490.5633 -1305.1591
272.2665 -1287.7166
32.6381 -1267.5930
-173.9735 -1255.6229
-358.6091 -1241.6309
-521.5771 -1237.4408
-694.9863 -1220.1249
-856.3543 -1179.2941
-1027.3287 -1125.0474
-1240.4733 -1065.7693
-1488.0407 -1045.3791
-1735.3169 -1021.2259
-1916.7583 -989.7237
-2033.5146 -964.2483
-2106.0013 -932.2484
-2166.2842 -890.0611
-2266.0716 -819.0785
-2364.9821 -747.2515
-2471.9521 -661.6243
-2579.3704 -586.2242
-2704.7899 -494.7490
-2844.8214 -433.7187
-2855.2026 -431.7200
-2905.1137 -410.2988
-2967.2861 -397.9021
-3101.8180 -370.0772
-3225.7793 -343.2131
-3318.6040 -322.3165
-3434.2449 -307.2866
-3544.4163 -316.6664
-3629.2623 -307.6762
-3662.6399 -311.3239
-3780.9631 -305.0841
-3907.0208 -283.6804
