2760.7872 -1458.1743
2553.2372 -1397.0725
2334.6478 -1324.3813
2107.6417 -1262.2593
1880.9672 -1186.5287
1667.6393 -1118.5152
1455.7647 -1048.2515
1224.7136 -988.4641
1006.5179 -936.2300
832.8144 -890.2647
692.3878 -852.3253
574.1888 -823.5917
445.7818 -794.3177
317.8260 -764.0319
190.3350 -732.7280
73.8277 -689.2337
-31.5358 -633.7795
-115.2406 -577.7772
-198.5028 -532.4286
-270.4929 -464.5612
-352.1976 -396.0832
-433.4674 -338.2473
-523.9812 -268.4333
-634.0440 -197.1027
-742.9866 -124.8483
-850.7753 -51.6634
