-2422.3695 -393.1594
-2418.9907 -370.6670
-2415.5928 -348.1777
-2412.1758 -325.6914
-2419.0328 -301.4888
-2415.5622 -279.0068
-2401.8104 -258.2515
-2341.9098 -210.6005
-2329.9592 -201.0553
-2293.9612 -103.4014
-2278.5658 -71.4199
-2258.9945 51.9054
-2268.7033 180.2267
-2263.5248 329.2202
-2294.4229 438.6972
-2301.4302 509.3799
-2324.0837 548.3515
-2312.3075 557.7156
-2265.3256 595.2325
-2230.2198 623.4344
-2204.7886 653.4346
-2213.1226 608.7574
-2207.6446 584.6736
-2200.0699 571.7692
-2155.8900 540.8863
-2109.4295 578.8739
-2085.9952 655.3684
-2096.3322 760.7922
-2178.5253 891.2862
-2327.3619 1013.6174
-2400.6732 1157.7104
-2478.9043 1269.2798
-2557.6959 1441.6679
-2575.3711 1446.0763
-2642.9025 1475.1385
-2696.2991 1453.3109
-2686.2233 1522.2464
-2702.8599 1562.5409
