2977.2341 -1400.0187
2899.1935 -1401.3843
2844.4521 -1410.2763
2766.4378 -1411.0763
2677.5028 -1413.2131
2577.6456 -1416.5214
2464.4454 -1398.2185
2362.4000 -1377.8430
2248.5012 -1347.1237
2134.9210 -1315.8201
2032.5566 -1282.6466
1930.4975 -1248.9980
1828.7530 -1214.8679
1715.5631 -1170.1511
1636.1516 -1132.8981
1556.1254 -1084.1725
1487.1841 -1034.2022
1442.5027 -1015.6748
1387.1723 -997.9588
1342.6663 -979.2033
1286.7690 -950.0355
1240.9676 -908.7368
1194.5945 -856.1932
1158.3094 -791.6384
1133.4807 -737.4313
1098.9052 -695.1089
1064.4577 -652.7365
1018.9603 -599.8747
974.3550 -558.0588
908.4399 -506.2830
822.6886 -466.5700
728.0128 -449.1882
623.1891 -431.6669
486.8209 -392.2385
361.5031 -351.3429
236.8743 -309.4069
102.6084 -255.3811
-20.4753 -222.3754
-122.6627 -199.6205
-234.3712 -153.7195
-334.4099 -73.8010
-412.1094 39.6160
-467.2614 186.1779
-540.5529 333.8360
-612.9391 459.7480
-648.7770 517.3291
-684.8629 563.9108
-721.3194 599.4924
-767.1064 635.8001
-811.7838 683.4249
-856.8962 720.1183
-920.6335 758.4632
-1013.2547 788.4670
-1132.4997 833.0726
-1264.0961 846.6172
-1422.1874 876.2239
-1568.6763 917.9203
-1697.7510 1004.7370
-1782.5646 1063.5886
-1833.7637 1094.8224
-1971.9994 1210.7971
-2091.1457 1314.3218
-2212.5994 1397.3527
