1919.5682 879.8296
1914.2978 798.7267
1919.9219 708.0041
1919.6400 650.7166
1920.9654 582.2668
1923.7994 502.6450
1916.5553 421.5213
1882.5690 382.1675
1838.4988 341.5314
1792.5388 312.2613
1733.4840 304.1876
1627.8208 347.1209
1566.0604 441.3268
1532.3586 550.3696
1490.5849 647.0687
1459.9837 733.8193
1417.1774 841.6842
1368.2096 926.1991
1299.7748 1019.7787
1254.6064 1082.3006
1200.6871 1143.9292
1127.8444 1214.9507
1077.7574 1333.5109
1062.3110 1466.8735
1110.0868 1584.5493
1148.9085 1690.4274
1194.7268 1797.5839
1258.6506 1941.6851
