1368.0949 -1033.2629
1248.3548 -1020.3217
1128.1649 -995.4013
1017.8239 -946.7075
918.7139 -896.7547
820.1203 -846.2707
722.0588 -795.2482
624.5450 -743.6802
527.5950 -691.5598
431.5122 -650.0042
336.1314 -619.0019
241.2776 -598.5445
157.2519 -588.5215
73.3353 -578.0374
-10.4694 -567.0913
-104.5493 -544.4939
-229.5246 -509.7418
-343.5491 -474.1810
-456.7390 -426.6065
-579.5803 -377.7265
-712.4751 -338.3968
-844.0810 -286.6698
-974.7907 -233.6625
-1082.4985 -158.6657
-1136.5217 -64.6880
-1154.6864 82.6808
-1112.3613 224.9274
-1041.8606 353.6209
-982.0033 483.2865
-971.8259 605.7011
-949.9972 749.5832
-917.7553 903.8152
-885.6683 1058.0420
-834.6771 1221.9690
-756.8989 1395.1317
-662.7768 1578.5994
-562.2776 1773.2994
-471.0041 2013.6617
-375.8501 2254.3160
-274.2270 2395.1940
-154.4233 2492.2306
-23.0489 2524.1611
130.1629 2547.4192
305.6701 2563.3067
503.2341 2584.4432
722.4717 2612.5262
1006.3060 2666.2036
1348.5585 2763.8832
1694.7299 2915.2407
