1096.5878 -1646.5114
985.4541 -1641.6128
862.5267 -1614.2975
751.2922 -1596.8937
639.9340 -1567.7078
551.1609 -1548.3450
473.5546 -1528.2775
418.2945 -1518.5146
362.9059 -1497.4626
285.6489 -1476.6113
175.4356 -1433.5484
54.7126 -1389.8534
-65.5190 -1345.3374
-163.4506 -1300.2105
-250.2180 -1265.8039
-347.3644 -1219.6095
-433.4742 -1184.2462
-519.2781 -1148.4272
-604.7693 -1112.1489
-689.9409 -1075.4077
-774.7859 -1038.1999
-859.2970 -1000.5220
-943.4671 -962.3704
-1016.6004 -924.4171
-1089.4234 -886.0936
-1172.5729 -846.6184
-1275.7881 -793.7999
-1399.5262 -738.3331
-1531.0228 -658.3704
-1682.1556 -574.7600
-1791.2531 -505.5951
-1930.5049 -431.4207
-2066.9688 -344.4602
-2174.1808 -283.0156
-2343.6336 -221.8298
-2474.7888 -188.0284
