774.4171 -547.2785
667.0589 -485.5021
538.9773 -401.5560
411.6135 -294.3567
296.4173 -197.0514
222.9518 -76.0432
140.6236 45.2078
49.6764 189.1252
0.0000 289.1072
-29.4673 333.6191
-49.1561 322.5597
-39.2897 333.6454
-39.2190 355.8844
-68.5709 367.1281
-98.3114 322.8414
-118.4978 267.4083
-168.6041 212.3529
-238.6391 180.0669
-298.8003 159.0376
-348.8863 149.1316
-438.1970 162.9117
-516.9455 188.0309
-604.2637 236.3368
-681.0504 284.7400
-746.0677 355.3119
-800.5137 425.6428
-853.4336 507.3818
-886.2480 587.9926
-928.8975 658.3329
-970.8943 728.8666
-1024.7692 767.0326
-1078.2521 805.4767
-1151.3092 834.9154
-1221.4591 887.1017
-1289.5189 950.9082
-1362.9523 1038.5744
-1395.2082 1144.3866
-1375.2155 1221.0617
-1350.9129 1263.2365
-1290.6642 1368.7858
-1126.7571 1451.2314
-941.7911 1511.2139
-741.1070 1584.0901
-522.0763 1592.5909
-313.3513 1583.8723
-122.1896 1557.4727
35.0890 1512.3137
150.0535 1457.7507
204.5026 1391.9449
223.8898 1325.5935
216.2077 1269.8109
217.2164 1225.3334
226.7878 1203.2807
253.1188 1237.2427
278.2699 1304.6305
320.4447 1383.7355
379.9319 1452.5452
455.4077 1533.6122
610.5302 1575.2809
772.9297 1620.0681
914.1663 1688.1800
