564.2657 658.1105
502.3940 755.6565
451.3139 842.7062
409.8266 941.3908
331.7271 1050.1572
310.1734 1149.7009
325.0384 1250.3067
357.3220 1351.5324
450.0134 1466.5149
574.2204 1595.4527
713.4603 1705.0664
847.7397 1827.9194
1019.2203 1957.3588
1175.2033 2043.7836
1322.9895 2064.2271
1458.1902 2062.3211
1611.0961 2019.5877
1758.9170 1931.7198
1895.1004 1831.2040
2014.0501 1739.5308
2080.3693 1648.8067
2135.9264 1567.4574
2165.4495 1480.5509
2145.3630 1406.5279
2110.7457 1353.0136
2070.8448 1321.9077
2019.3812 1300.3973
1949.7283 1275.8622
1900.6020 1336.0291
1800.5849 1375.8391
1756.0421 1368.2624
1743.6201 1434.9106
1789.9734 1431.3775
1836.3935 1428.0409
1887.2398 1448.7277
1865.1618 1421.6911
1889.5576 1391.5802
1900.6020 1336.0291
1877.1037 1216.8935
1846.0547 1131.2568
1815.9876 1034.6546
1788.5252 915.9427
1712.4515 790.4042
1570.6805 770.6422
