131.3093 -1389.4483
-54.4841 -1300.8967
-227.9655 -1221.6231
-400.5231 -1162.7989
-583.1781 -1112.9155
-764.9182 -1060.9700
-934.9671 -1007.5532
-1104.0842 -952.2638
-1273.7727 -917.3993
-1422.4434 -893.7337
-1549.5052 -870.7149
-1656.0425 -860.0469
-1741.2250 -850.9914
-1826.3631 -841.4714
-1911.4543 -831.4854
-1996.4963 -821.0322
-2070.8658 -811.5011
-2155.8091 -800.1677
-2239.3136 -777.1191
-2322.6455 -753.5786
-2405.8012 -729.5435
-2490.3391 -716.2822
-2574.8099 -702.5411
-2659.2112 -688.3181
-2743.5402 -673.6114
-2827.7943 -658.4188
-2901.4531 -644.7249
-2975.0505 -630.6559
-3048.5847 -616.2102
-3122.0538 -601.3861
-3205.9363 -583.9790
-3289.7282 -566.0731
