3743.3458 -1001.1615
3635.9660 -1025.2059
3528.4516 -1048.4821
3410.0365 -1073.2053
3291.4716 -1097.0129
3161.9648 -1121.9483
3021.4831 -1147.7507
2880.8212 -1172.3036
2739.9893 -1195.6166
2588.1452 -1219.3466
2402.2721 -1234.9753
2226.0572 -1235.9165
2050.0129 -1235.1207
1874.1554 -1232.5892
1698.5008 -1228.3223
1512.2105 -1223.2842
1337.0156 -1215.4335
1151.8553 -1217.7354
966.7808 -1218.0454
781.8108 -1216.3653
607.8140 -1212.3116
433.9530 -1206.4952
292.9330 -1209.5066
173.5947 -1211.1416
32.5495 -1211.9953
-119.2816 -1200.4883
-292.7718 -1198.3848
-465.9780 -1183.3836
-628.1238 -1167.0034
-800.4035 -1137.4002
-1015.3779 -1103.4127
-1229.7036 -1066.5708
-1401.1546 -1041.7264
-1530.1858 -1030.2693
-1647.4381 -1007.6758
-1763.4407 -972.9968
-1922.9784 -943.6048
-2094.0719 -922.4022
