-2080.3950 -1322.4309
-2078.2537 -1299.9468
-2076.0964 -1277.4645
-2073.9232 -1254.9840
-2071.7341 -1232.5054
-2080.3766 -1208.7079
-2088.9783 -1184.9000
-2085.5805 -1151.1837
-2103.7403 -1114.7745
-2111.0101 -1079.6964
-2118.2050 -1044.6083
-2125.3243 -1009.5101
-2132.3676 -974.4021
-2138.0759 -928.0471
-2143.6649 -881.6839
-2149.1335 -835.3126
-2154.4809 -788.9335
-2159.7059 -742.5468
-2164.8077 -696.1529
-2169.7852 -649.7520
-2174.6376 -603.3442
-2179.3637 -556.9300
-2183.9626 -510.5096
-2188.4334 -464.0832
-2204.6747 -427.3312
-2217.6645 -368.0938
-2230.3888 -308.8228
-2242.8443 -249.5191
-2255.0278 -190.1835
-2275.3827 -117.9476
-2278.5658 -71.4199
-2262.5940 29.4893
-2202.7085 146.0713
-2133.1334 261.0031
-2119.6288 281.7572
-2014.0141 436.7202
-1903.5049 568.1051
-1805.6653 690.2140
-1703.0083 789.0323
-1575.1754 873.3921
-1397.6359 918.4496
-1176.5950 949.9508
-912.9151 959.4276
-725.3671 968.2775
-613.9021 961.7071
-519.2868 990.4307
-426.1496 997.6743
-323.9286 1005.4088
-184.7181 1024.5141
