-21.1351 -722.7537
-126.2262 -644.4133
-208.9497 -532.2874
-269.3378 -397.8352
-328.5688 -263.1057
-376.1223 -117.2508
-402.7207 17.0703
-408.3299 161.9580
-403.3727 317.6614
-378.4765 483.8770
-364.2205 628.1557
-332.1650 738.5300
-290.9145 859.8489
-241.4306 969.9644
-184.1107 1057.8727
-136.5475 1168.4030
-99.5635 1223.6054
-44.8348 1312.1968
17.7841 1389.9537
122.9622 1501.8758
251.7917 1604.3887
369.4169 1697.1433
499.9913 1814.4627
657.1734 1969.3066
840.1642 2130.0349
1017.8497 2272.6472
1180.2252 2418.1496
1301.2498 2538.8279
1444.9146 2678.1347
1574.2444 2818.9586
1693.5288 2973.3646
1836.2503 3126.5578
