4176.5497 -981.3172
4060.5603 -961.8214
3919.1153 -923.8280
3752.5700 -867.0846
3586.7869 -809.4194
3423.8576 -762.2201
3259.6962 -702.5549
3082.0325 -621.2569
2917.9746 -548.1282
2746.4684 -487.1559
2565.7353 -426.6385
2384.6144 -353.2776
2206.6117 -289.5432
2040.2693 -222.6742
1894.2544 -140.4066
1758.3737 -44.6029
1606.4789 27.3846
1500.9863 60.5035
1396.0288 94.3375
1310.4826 141.9837
1242.1728 225.3630
1174.5020 308.9673
1095.7266 414.2203
1055.6329 534.1626
1062.6195 669.3835
1103.1465 841.4922
