4350.1623 -837.4823
4265.0240 -860.3994
4169.1150 -885.5649
4060.1567 -901.1749
3929.8010 -921.2412
3769.3585 -959.2200
3615.3528 -970.1082
3484.7776 -986.5278
3343.4311 -1004.0848
3223.5184 -1016.2257
3082.1007 -1031.5244
2939.0265 -1034.2496
2776.1132 -1050.7665
2622.4671 -1052.6678
2491.8787 -1061.2862
2350.5347 -1070.4158
2187.6512 -1081.2006
2046.3362 -1087.7671
1906.1189 -1104.3667
1773.6022 -1085.0070
1653.1177 -1074.8185
1531.0676 -1041.4496
1398.7199 -1008.2167
1255.4028 -963.7051
1112.1080 -906.9321
970.2829 -860.1919
850.4505 -811.1860
721.1425 -772.9847
581.4694 -723.0569
463.6918 -671.3353
325.4097 -608.1072
198.7763 -554.6693
73.0330 -511.3196
-41.5870 -455.8416
-176.2376 -410.3678
-330.2805 -340.9567
-473.3356 -292.4630
-604.3036 -220.6937
-724.3355 -159.3003
-822.3815 -86.8942
-908.5367 -3.2531
-952.6636 89.2610
-985.1996 192.3645
-1006.2044 305.9574
-1025.5300 430.7484
-1016.0275 542.0515
-1016.8607 643.0094
-976.4591 774.1482
-946.7736 894.9638
-933.7208 1039.5515
-921.3596 1172.9904
-916.5901 1318.2925
-887.9712 1427.9110
-831.2360 1557.5748
-810.9671 1679.0942
-709.6828 1749.5168
-617.6107 1832.5358
-569.8228 1907.6770
-501.4566 1926.0603
-416.1838 1955.2808
-249.0636 1971.5218
16.4874 2023.7654
205.7718 2037.2037
369.7632 2053.5487
533.1254 2072.8775
696.8162 2084.0823
819.4047 2094.4527
941.8081 2106.5121
1020.2704 2137.6786
1128.2664 2241.2249
1258.2020 2429.6186
1292.3839 2662.8379
1391.9690 2909.4919
