-1464.5701 -507.1580
-1661.3458 -373.5274
-1854.4554 -236.6647
-2046.8349 -118.9233
-2219.2780 -23.6113
-2375.5533 95.0098
-2504.8295 234.6830
-2564.3043 351.0835
-2626.6167 445.5873
-2668.2252 536.4303
-2663.2481 605.7532
-2605.5468 640.1412
-2526.5643 635.0948
-2454.8960 643.6738
-2364.2665 648.8665
-2325.9983 641.4415
-2306.8549 637.7767
-2320.7825 617.2535
-2349.5472 622.7838
-2400.2393 667.5970
-2493.2154 744.9287
-2618.1461 807.1819
-2745.7641 895.6254
-2777.5924 926.9739
-2871.7737 1021.7987
-2972.8563 1156.2207
-3047.5520 1237.2390
-3101.5696 1349.8249
-3082.7791 1502.3869
-3023.7909 1655.0573
-2923.8313 1758.4749
-2828.3089 1851.0757
-2707.3897 1912.0990
