-456.1032 -782.8903
-620.8762 -643.5255
-774.9470 -558.4109
-926.0543 -449.3169
-1013.0063 -342.9194
-1043.3230 -184.0213
-1090.7744 -1.1202
-1062.8153 220.8158
-1044.0592 443.4813
-979.5301 628.7259
-892.2191 756.2866
-740.8965 879.9033
-601.3574 1016.8107
-549.0450 1125.6320
-502.1971 1145.6847
-455.0235 1177.0470
-297.6130 1260.6397
-177.3996 1413.6942
-61.1736 1545.7970
51.2874 1734.7789
209.3335 1903.7806
328.2201 2063.0789
537.3215 2128.9277
755.2444 2312.8670
891.7368 2494.7689
1122.0038 2750.0507
1373.2013 3020.8953
