-2877.6460 595.5402
-2965.4529 652.2870
-3052.4343 709.8756
-3129.1097 765.7948
-3183.1422 828.4666
-3233.2532 902.7635
-3298.5967 921.3855
-3351.7367 912.4912
-3398.9286 889.7880
-3418.1217 858.8415
-3437.3076 827.8809
-3456.4857 796.9059
-3466.1911 763.1318
-3475.8316 729.3388
-3475.8823 692.7553
-3488.5105 647.6468
-3504.1338 591.2148
-3519.5771 534.7315
-3534.8400 478.1973
-3559.6730 424.3617
-3594.2060 373.2336
-3648.3876 327.6332
-3712.5710 284.8906
-3786.8509 245.1087
-3868.2738 219.8193
-3940.0240 191.8534
-4008.8980 175.5235
