218.8459 -1388.5767
0.0000 -1245.3849
-205.3399 -1132.9343
-409.0090 -1051.3001
-590.5432 -1001.2510
-772.5122 -982.5267
-963.7328 -938.8299
-1142.0488 -871.2358
-1285.5890 -781.7805
-1417.0267 -691.7599
-1555.3713 -576.9796
-1691.5273 -460.5987
-1807.3380 -367.5480
-1884.5857 -312.3155
-1984.6492 -276.1293
-2104.7857 -236.1483
-2234.5956 -193.4232
-2334.9677 -165.6911
-2363.7840 -149.3582
-2461.8648 -109.3580
-2482.1769 -105.7557
-2597.9839 -49.7439
-2710.8429 18.7125
-2812.5881 86.2850
-2908.6051 177.4200
-3015.2613 307.9903
-3128.7681 442.4517
-3235.2009 553.5437
-3335.7523 640.9271
-3450.5066 709.7762
-3582.9397 785.8330
-3617.3252 808.6994
-3692.6490 832.2999
-3767.8046 856.4489
-3833.4239 878.0314
