-248.7071 -1143.4711
-335.0163 -1130.8473
-431.7722 -1106.3754
-549.5302 -1069.5037
-698.6842 -1019.2968
-815.3991 -980.4429
-964.3112 -949.9725
-1079.4151 -897.9615
-1183.9459 -856.9858
-1307.6184 -791.1967
-1376.6055 -717.8836
-1462.0412 -597.5029
-1517.7552 -513.1423
-1616.4585 -446.3464
-1720.3236 -434.6514
-1782.6045 -427.2768
-1856.5256 -429.5261
-1920.1240 -432.7715
-1982.3956 -424.5540
-2043.2046 -404.8573
-2095.0057 -397.5724
-2146.7820 -390.0988
-2189.7192 -395.2056
-2231.1355 -388.9732
-2272.5349 -382.6194
-2303.5731 -377.7742
-2344.9420 -371.2075
-2375.9569 -366.2024
-2406.9616 -361.1285
-2458.6128 -352.5191
-2499.9126 -345.4937
-2561.8260 -334.7250
-2613.3865 -325.5393
-2663.0297 -304.8893
-2702.2765 -285.9673
-2708.6822 -261.4856
-2731.5610 -210.5342
-2733.7613 -163.4750
-2727.6830 -129.6693
-2709.3622 -86.5925
-2668.7488 -36.2135
-2636.2394 27.3719
-2581.6447 98.2995
-2421.6923 184.2947
-2234.0412 324.0601
-2198.8106 352.5316
-1983.7105 500.6184
-1791.7866 653.9147
-1625.7923 789.4750
-1464.4489 915.4735
-1306.1886 1043.0985
-1151.1700 1172.3843
-981.6029 1301.6834
-755.0676 1417.3641
-533.4762 1548.5820
-390.1398 1619.9840
-258.4489 1671.3241
-128.3860 1724.3721
0.0000 1779.1213
