-134.8678 -421.9253
-236.8743 -309.4069
-286.1974 -197.2615
-314.3958 -85.3966
-372.5245 16.2110
-440.0543 107.3002
-528.2338 155.0538
-615.7602 203.4243
-703.2325 241.2883
-790.8852 268.6436
-869.0941 284.8221
-938.1072 289.6382
-1007.0929 294.8249
-1075.0990 311.5170
-1142.9481 328.5844
-1221.5364 335.8214
-1275.1281 296.0309
-1291.6998 230.1553
-1203.5711 210.5261
-1139.1157 260.8966
-1092.8358 335.4428
-1020.8056 486.4021
-908.8925 668.0023
-819.0723 963.4709
-765.0523 1295.0794
-745.8049 1528.5181
-733.4979 1672.9983
-719.9072 1828.5663
-670.8906 2003.8367
-569.8342 2130.9545
-311.9130 2251.7694
-47.3994 2335.2293
124.1587 2458.3480
265.1932 2617.5241
378.2096 2755.8586
498.3919 2919.0842
592.5050 3060.3769
685.1413 3225.8631
780.4489 3416.4380
842.9925 3593.9410
882.2403 3758.2911
888.8993 3907.0528
