-186.1156 -1400.0751
-284.4955 -1387.6369
-415.3545 -1362.7728
-534.7221 -1326.1241
-664.9233 -1299.3403
-783.9276 -1272.0455
-913.5028 -1243.3188
-1042.7425 -1213.5682
-1171.6357 -1182.7862
-1300.8925 -1162.1295
-1440.7454 -1139.5212
-1568.6729 -1105.5302
-1706.9814 -1069.3726
-1844.8457 -1031.9601
-1981.1013 -982.0601
-2104.7585 -921.0152
-2215.6171 -849.0533
-2254.0690 -809.3448
-2301.4714 -756.6976
-2339.4214 -716.6693
-2366.6090 -678.1139
-2393.6195 -639.4756
-2411.5271 -613.6707
-2429.3545 -587.8290
-2435.0266 -552.3799
-2433.4138 -541.1237
-2431.7963 -529.8683
-2418.1159 -509.0443
-2392.4072 -478.6437
-2357.9595 -461.1289
-2333.9604 -441.9301
-2298.0312 -413.0964
-2253.4127 -397.0399
-2198.5329 -382.4360
-2164.4340 -364.6184
-2108.2483 -338.5386
-2027.2188 -281.5978
-1946.6454 -224.3762
-1865.1289 -155.6821
-1803.0395 -72.9104
-1724.3765 143.9856
-1643.0547 383.0930
-1589.2513 636.9679
-1532.9355 901.7441
-1448.3206 1162.6181
-1411.4184 1225.7401
-1281.4194 1435.4548
-1039.1403 1588.1814
-777.5571 1665.1967
-541.7802 1694.0321
-345.0142 1662.8494
-164.1261 1647.0507
43.0805 1668.0206
223.7025 1681.5972
