4318.1242 -488.1878
4211.2287 -506.2379
4104.2849 -523.5105
4018.1970 -534.4645
3942.5587 -542.2116
3874.9549 -535.4127
3820.2895 -537.2295
3742.3782 -532.5877
3664.5630 -527.6155
3586.8461 -522.3124
3496.5407 -507.6884
3419.0693 -501.6857
3341.7033 -495.3501
3256.1543 -502.3247
3168.5480 -497.4645
3045.7652 -475.8830
2912.9777 -455.5505
2789.1068 -421.0042
2665.7690 -385.6917
2542.9813 -349.6036
2419.0328 -301.4888
2297.4592 -263.8379
2176.4901 -225.3840
2076.5659 -183.1343
1988.8537 -150.1096
1900.0617 -105.4689
1811.7550 -60.4098
1713.8568 -16.1926
1615.2305 39.7395
1518.5608 85.0606
1421.3115 142.0957
1335.8724 189.5472
1249.9196 248.5883
1165.6863 296.9377
1091.8615 346.5770
1027.4047 408.4856
972.3011 482.5266
926.4766 568.5868
890.6679 655.4504
862.9286 765.3029
872.8543 877.9365
899.7528 1003.1721
944.8448 1118.9481
1026.9719 1216.1295
1143.0475 1317.8707
1303.8127 1404.3349
1487.9772 1497.3568
1588.2468 1592.3988
