-3433.2569 39.9178
-3442.0248 138.3745
-3410.3088 226.4650
-3355.8349 320.5932
-3301.2743 414.5955
-3220.4054 489.6463
-3095.8174 577.4986
-2968.1868 641.0635
-2818.3143 676.2408
-2700.5380 708.0945
-2578.4808 763.2039
-2457.4298 819.1638
-2269.6730 920.5258
-2096.2327 1014.5343
-1904.0832 1072.2689
-1741.0926 1194.1484
-1552.5024 1324.8115
-1345.7121 1364.4069
-970.5109 1491.4628
-473.6723 1679.3498
-83.2689 1946.2885
320.8973 2229.8290
466.0780 2459.4770
534.5904 2575.3149
600.2828 2691.7989
743.1794 2760.2669
882.9926 2831.5014
1091.7970 2915.8342
1366.1202 3019.5363
1647.9136 3079.5214
1995.3223 3170.8087
2212.9044 3299.4336
2421.7277 3436.1255
