-1191.8093 -116.1534
-1319.7137 -59.6421
-1445.4510 9.3381
-1561.1676 67.3283
-1684.4896 138.8766
-1796.5412 210.4131
-1908.9574 271.9366
-1989.0990 341.1844
-2078.0008 412.6931
-2136.6571 479.9964
-2182.8304 557.1572
-2195.9774 594.1128
-2212.2433 666.3527
-2193.0918 766.8218
-2113.0098 879.0968
-2010.8621 1010.4769
-1898.7623 1151.7382
-1794.4587 1260.1360
-1695.6025 1346.8724
-1599.9673 1423.0987
-1494.9287 1509.7487
-1391.4573 1597.1651
-1270.7550 1694.2075
-1133.8007 1801.4492
-973.4022 1918.6809
-817.1810 2038.1889
-608.6350 2155.8753
-380.2480 2321.3567
