-1205.6207 -417.9805
-1211.6455 -361.3822
-1208.1253 -316.7880
-1205.4599 -283.3444
-1202.7729 -249.9026
-1200.0643 -216.4626
-1196.4194 -171.8787
-1201.9713 -115.2821
-1216.5369 -46.6458
-1231.8130 10.8786
-1257.9175 58.2217
-1272.7169 115.8284
-1287.2798 173.4668
-1301.6030 231.1365
-1315.6832 288.8371
-1329.5171 346.5680
-1334.5396 392.1561
-1327.2723 458.9954
-1330.8153 515.7214
-1337.4119 629.1812
-1328.5275 786.1048
-1290.8796 939.7824
-1200.8107 1065.0879
-1063.7094 1129.7976
-949.7236 1164.2141
-819.3765 1187.2281
-682.2568 1188.9291
-479.5444 1233.8168
-242.3717 1303.7497
-8.9136 1367.7033
221.4718 1425.6666
387.8030 1475.1119
