-2937.2817 89.4499
-2997.3181 102.7258
-3037.3086 111.7369
-3084.8092 134.4729
-3119.7175 166.3649
-3141.9637 207.3138
-3181.1438 264.4480
-3209.9876 319.3445
-3235.6696 385.6623
-3246.9113 424.5097
-3245.4424 472.1346
-3239.7939 494.6792
-3224.4441 514.6946
-3206.2607 545.9693
-3185.2127 588.4855
-3158.3610 653.4634
-3128.4603 729.6096
-3088.9428 803.1799
-3008.9463 878.0539
-2996.6399 886.8146
-2889.8329 990.6451
-2787.2194 1119.3792
-2643.4203 1261.5029
-2412.0412 1347.8828
-2192.2737 1404.6949
-2004.3323 1459.3562
-1772.7808 1520.2009
-1547.6154 1620.2261
