1963.0543 -1018.3027
1713.8275 -1023.4762
1508.6861 -1032.2500
1334.2897 -1013.5751
1148.9458 -982.7564
954.1776 -961.7463
759.9698 -938.4944
577.3858 -923.7393
384.2609 -896.0932
202.3165 -854.9207
53.0419 -789.3959
-73.9726 -722.5925
-179.1747 -677.2521
-283.8072 -631.1865
-356.4132 -585.1592
-397.2473 -539.6273
-406.8525 -505.9794
-405.4261 -450.3647
-393.0545 -372.7866
-390.4547 -272.6844
-387.4921 -161.4618
-393.9324 -27.7115
-399.7260 117.1679
-423.7956 296.0493
-446.7976 475.0009
-478.2437 654.3951
-480.0007 832.7131
-453.4338 1009.8772
-409.0796 1186.3610
-355.6039 1396.0077
-295.1904 1605.5798
-176.8283 1858.6145
24.4051 2123.8595
274.2270 2395.1940
319.1228 2441.3320
512.2134 2663.1682
862.7698 2919.2464
1282.3361 3095.6978
