1710.2730 -1238.4397
1436.2104 -1229.8420
1184.4113 -1215.5050
943.5219 -1185.8320
703.8963 -1164.0157
464.4123 -1116.6325
237.0828 -1076.9017
32.2554 -1034.0827
-203.9193 -999.4874
-364.4564 -974.4481
-535.5989 -958.5890
-706.0556 -929.7810
-854.6730 -900.2822
-1014.7505 -890.9825
-1130.6960 -860.8413
-1256.9190 -828.9713
-1388.9489 -739.2759
-1541.5497 -657.3212
-1641.3492 -590.5222
-1740.2812 -522.9174
-1837.0453 -443.3086
-1909.3037 -343.1997
-1950.9617 -257.9589
-1968.4786 -152.9786
-1989.0787 -1.7159
-1974.7343 98.9536
-1989.8418 204.0453
-2005.8784 298.0131
-2029.1893 404.7695
-2027.9897 473.3622
-2036.1801 543.5338
-2043.8403 671.1389
-2039.4968 750.8579
-2027.4234 817.7655
-2015.1934 884.6456
-2012.1063 953.1383
-2022.2358 1000.9970
-2039.1633 1061.6913
-2048.7324 1109.6042
-2024.0233 1185.7968
-1965.3836 1244.1582
-1918.3449 1293.1922
-1835.8365 1336.0366
-1756.0421 1368.2624
-1643.1870 1384.2074
-1523.8052 1388.8641
-1438.2128 1354.0248
-1374.7682 1288.9178
-1292.2249 1222.1054
-1205.7455 1178.2907
-1103.1697 1189.9114
-1010.0069 1203.3042
-824.6751 1232.3906
-679.1322 1233.4038
-485.7443 1289.8174
-312.6728 1350.1091
-88.5952 1423.6761
271.5612 1527.0110
594.6952 1797.5789
764.6685 2224.0524
792.6486 2473.3241
789.9411 2686.3406
804.6158 2968.8779
824.7972 3218.9547
