-1017.3986 -409.7605
-1121.0339 -402.2339
-1234.0871 -381.9530
-1326.2340 -362.6579
-1435.6922 -307.2445
-1527.2103 -286.5759
-1636.6312 -240.6166
-1705.8128 -209.8603
-1805.3351 -174.8356
-1904.4335 -139.0278
-1994.4749 -115.0818
-2106.1868 -98.6468
-2204.2236 -60.4826
-2333.8934 -27.6196
-2441.0686 14.1819
-2493.5374 70.0616
-2537.5356 113.1210
-2581.1969 156.3941
-2649.9033 228.3222
-2685.0315 258.8752
-2707.8291 298.7287
-2718.2589 347.8004
-2713.9480 417.2460
-2673.0264 560.9375
-2571.8336 703.1711
-2473.8178 834.3108
-2349.0200 913.2626
-2183.9433 1008.0887
-2009.4055 1067.8049
-1805.5283 1147.4249
-1637.4829 1200.8274
-1388.5520 1256.7362
-1152.0082 1318.8430
-895.4800 1350.1036
-650.9969 1376.8108
-407.9214 1420.2025
-158.6829 1469.0027
122.4995 1535.2340
349.0419 1562.7858
667.1877 1634.7529
