303.2858 -41.1384
222.0596 -20.4416
151.1624 0.8363
100.6116 22.6110
50.2235 44.5711
0.0000 77.8366
-49.9732 111.2884
-119.3245 178.4508
-196.9678 301.7287
-282.7614 425.7096
-367.0389 539.1905
-440.0031 652.9410
-501.8856 766.7775
-543.5676 880.0930
-584.1376 993.5970
-623.5628 1107.2870
-652.7570 1220.6080
-654.1168 1332.3409
-635.8658 1465.1957
-561.8930 1650.5367
-416.1838 1955.2808
-238.8394 2282.8242
-38.5440 2501.9805
151.5628 2614.5340
263.3497 2661.9888
337.9453 2675.9939
375.4602 2677.7093
