1665.4732 -1366.9382
1588.9494 -1374.0382
1479.5864 -1383.5920
1370.1759 -1392.4545
1260.7216 -1400.6277
1162.1782 -1407.3958
1052.6507 -1414.2643
942.6123 -1409.3037
832.6541 -1403.6712
711.8337 -1397.8116
591.1081 -1391.1356
459.5429 -1383.9314
328.2601 -1386.8742
185.9243 -1377.8341
43.7249 -1367.6449
-109.1979 -1345.1187
-261.7931 -1321.2490
-424.9410 -1295.7632
-576.8254 -1269.0840
-717.8619 -1252.6266
-858.2362 -1223.8506
-998.7923 -1205.0221
-1128.2972 -1185.7262
-1246.7741 -1166.2108
-1407.5281 -1131.0956
-1566.9046 -1083.1616
-1724.5725 -1022.3546
-1882.3831 -971.0358
-2091.5872 -899.9397
-2246.1835 -833.3424
-2293.7211 -780.7441
-2316.8328 -708.5754
-2329.0087 -637.9178
-2319.9061 -570.4428
-2310.6400 -502.9922
-2301.2106 -435.5662
-2291.6181 -368.1651
-2250.9816 -305.6322
-2200.1996 -244.6716
-2124.4046 -153.1265
-2034.1938 -29.3624
-1931.5458 115.4833
-1829.9539 260.5736
-1727.4131 348.8246
-1619.1225 414.0349
-1482.7069 476.4503
-1309.0091 535.9335
-1127.5145 596.6674
-978.5789 639.8534
-849.9188 686.0650
-664.7187 741.3451
-356.5844 861.6822
46.1817 1023.0897
467.2710 1110.7147
777.4513 1139.4216
1045.4312 1128.0440
1341.9298 1126.4335
1646.6315 1145.2238
1951.2882 1172.5024
