-248.9788 -420.4417
-411.9193 -305.4795
-574.0280 -233.0901
-734.5284 -158.7719
-906.3365 -126.3850
-1067.3131 -92.6081
-1228.5933 -68.0398
-1379.3362 -42.5532
-1558.6825 -0.7833
-1744.3635 67.1100
-1916.8037 147.5772
-2019.6077 208.5848
-2029.5273 210.1135
-2075.5960 240.2412
-2214.5410 378.2928
-2314.4348 546.5348
-2374.3566 697.3306
-2358.3534 775.5239
-2349.0984 820.1837
-2276.6735 933.5295
-2165.4417 1004.5148
-2017.9767 1023.2696
-1871.3145 1043.7724
-1771.7299 1016.1418
-1658.4543 953.3417
-1545.4702 880.7304
-1444.7208 777.1944
-1408.5463 682.4234
-1379.6953 600.0587
-1411.1931 581.0764
-1440.0520 584.4381
-1411.1931 581.0764
-1312.4371 592.6418
-1180.0366 556.6711
-998.6001 518.2180
-824.3849 505.4197
-688.1174 508.2910
-542.3399 512.2175
-396.3818 528.9649
-240.1070 602.8169
-66.5088 722.9537
121.4971 901.3216
320.3739 1116.6047
536.4776 1348.0078
