646.6546 -1823.7414
490.1727 -1806.1492
333.7863 -1776.1687
177.5486 -1711.5588
11.0613 -1634.5644
-187.1427 -1522.4005
-361.4526 -1408.4768
-522.9815 -1293.0752
-682.6276 -1176.0359
-840.7638 -1068.4575
-997.6098 -970.3235
-1078.7571 -886.8134
-1179.5277 -790.0675
-1279.8512 -703.6740
-1368.5279 -617.4199
-1457.1240 -541.6696
-1525.0339 -478.5747
-1623.4252 -411.6851
-1720.9121 -343.9896
-1766.0861 -281.8831
-1832.5979 -228.1273
-1891.2050 -197.7123
-1949.5732 -167.0084
-1997.5221 -137.4691
-2043.6992 -96.5295
-2089.5702 -55.3810
-2111.6195 5.2432
-2109.8349 85.1756
-2102.9649 129.9439
-2107.7219 165.0929
-2104.2185 187.4703
-2113.3719 257.7790
-2130.1270 340.9176
-2161.7803 392.2377
-2204.7571 434.2101
-2249.4117 465.2057
-2284.1379 494.6224
-2299.3358 520.5625
-2285.4792 541.1319
-2240.6495 567.5686
-2195.9774 594.1128
-2184.3229 603.5582
-2126.2417 650.8789
-2068.4851 698.3576
-2022.5182 736.4562
-1995.6769 777.8463
-1968.9166 819.2518
-1951.6194 862.2492
-1932.3447 916.3814
-1909.0542 992.7728
-1851.1184 1155.0456
-1772.2687 1428.3247
-1683.9018 1699.7660
-1595.2656 1970.9532
-1498.4877 2240.5314
