-933.4789 1824.7370
-897.2245 1765.1421
-860.3205 1705.7206
-822.7764 1646.4748
-784.6014 1587.4067
-717.7266 1548.8476
-632.7167 1509.6612
-572.7048 1483.7910
-530.0067 1459.1859
-522.4644 1436.4993
-541.4778 1415.1747
-579.0452 1383.7351
-625.7791 1352.9461
-683.3767 1300.6869
-759.6044 1249.9653
-854.7361 1201.1484
-959.9105 1153.8912
-1077.6148 1086.2050
-1187.5585 1018.6300
-1297.4460 963.0908
-1405.4944 930.7192
-1498.6335 942.5609
-1600.9596 956.4826
-1699.5521 993.6070
-1779.0756 1028.7328
-1804.8316 1044.2922
-1839.7120 1061.4379
-1872.4609 1089.8375
-1886.7068 1115.2109
-1882.5893 1137.4630
-1869.3443 1158.1488
-1844.9792 1188.4137
-1824.7759 1196.4631
-1795.5356 1203.0348
-1759.2458 1197.0792
-1722.9339 1191.2489
