-2085.8891 -1264.9095
-2123.7595 -1203.3533
-2150.4637 -1143.0282
-2187.6512 -1081.2006
-2224.4702 -1019.2199
-2251.5124 -969.8208
-2287.6570 -907.5715
-2312.7712 -846.7153
-2349.6109 -795.4534
-2375.5637 -745.6511
-2399.7478 -684.5039
-2434.0997 -621.6050
-2466.4006 -547.2949
-2498.1606 -472.8339
-2529.3697 -398.2234
-2551.5102 -336.5390
-2581.6997 -261.6717
-2611.3095 -186.6603
-2632.1447 -124.6806
-2656.6299 -85.1324
-2676.7912 -22.9952
-2696.5577 39.2171
-2731.5434 128.0704
-2767.8977 205.8871
-2778.5332 255.0633
-2806.2453 319.7797
-2813.8646 380.2799
-2813.8737 427.3844
-2801.5247 483.5246
-2789.0312 539.6323
-2764.2483 604.7354
-2681.5076 703.8061
-2523.7780 786.5022
-2436.1877 826.3851
-2349.1397 866.7262
-2167.4155 947.0243
-1889.7456 1046.8745
-1592.1543 1250.9930
-1375.3277 1470.2200
-1212.1781 1675.4750
-1098.3990 1808.5853
-995.6726 1943.5378
-819.5597 2240.2775
-683.9272 2541.9156
-538.1274 2798.9695
-440.2141 3015.7891
-356.8446 3200.6415
-286.4457 3353.2558
-226.9973 3484.5051
