1940.1349 -1485.9625
1829.3292 -1486.3003
1718.5735 -1485.9722
1607.8713 -1484.9784
1453.9775 -1498.1218
1266.9905 -1512.2806
1079.8923 -1524.4728
881.6860 -1535.2473
694.4119 -1543.4138
506.8326 -1538.5067
308.3776 -1531.8576
121.0341 -1511.8457
-21.9847 -1490.0006
-164.6368 -1455.8941
-197.4639 -1444.4384
-350.3216 -1397.5748
-535.0028 -1337.2514
-729.9063 -1285.5701
-913.0085 -1232.1768
-1095.1856 -1176.7063
-1276.3967 -1119.1320
-1445.8335 -1060.3686
-1613.3458 -988.5014
-1768.9159 -915.8389
-1923.2631 -841.4153
-2073.7416 -742.7596
-2244.8631 -650.4282
-2403.6429 -557.3967
-2550.1849 -464.0193
-2694.9433 -368.7371
-2833.7961 -248.9495
-2844.0516 -246.9145
-2975.8326 -102.4163
-3101.3348 7.9013
-3207.1018 103.8442
-3321.0716 203.5725
-3426.0740 290.8701
-3522.6883 365.4131
-3611.4421 426.9041
-3683.0935 472.2026
-3744.5943 515.1392
-3844.2212 570.5323
-3940.3859 601.1794
-4017.1298 626.3192
-4074.5751 645.5390
