-2762.8034 698.7556
-2636.3874 682.0346
-2500.3620 664.6734
-2364.2665 648.8665
-2226.0151 645.7747
-2068.8428 640.9178
-1892.7529 635.0384
-1715.2706 642.8103
-1523.3676 764.4429
-1424.3793 786.0249
-1363.5448 812.6955
-1332.5557 831.6966
-1320.4418 852.8838
-1345.8249 878.3789
-1399.0941 907.3213
-1456.6301 903.1563
-1487.7348 884.4819
-1461.1543 869.7657
-1406.3391 851.6741
-1337.8389 866.1632
-1268.2379 892.1527
-1181.5555 905.4509
-1096.2988 908.2433
-1012.2141 900.5321
-935.4567 916.4450
-886.9137 934.9797
-856.2274 966.2106
-844.2157 998.8783
-832.2468 1031.5522
-827.6921 1087.1539
