-2143.5553 -1405.8283
-2164.3763 -1391.9009
-2174.2321 -1379.2966
-2182.9716 -1355.4263
-2191.6706 -1331.5454
-2199.1963 -1296.3970
-2217.5226 -1259.8395
-2234.5502 -1211.9831
-2251.4097 -1164.0849
-2265.5952 -1093.6275
-2276.8712 -1000.6160
-2290.3528 -930.0809
-2300.7384 -837.0007
-2319.7482 -731.0757
-2339.5224 -636.3203
-2346.6373 -531.8685
-2353.1127 -427.4029
-2358.9387 -322.9269
-2372.5924 -205.5072
-2417.5530 -94.0074
-2444.8940 -8.2721
-2459.2637 29.0318
-2473.4834 66.3695
-2501.5638 83.1475
-2531.6048 88.7706
-2553.6658 81.3260
-2567.7652 60.7612
-2581.8760 40.1968
-2598.0277 8.3906
-2597.9839 -49.7439
-2553.2280 -92.9025
-2484.7400 -58.9958
-2386.9542 27.7041
-2298.0137 127.6354
-2217.7679 240.6343
-2179.1934 349.1742
-2150.2425 459.3105
-2134.6087 548.6978
-2116.6788 649.1990
-2098.3869 749.6365
-2051.5552 845.0001
-1937.6688 940.2370
-1849.5448 1005.7835
-1712.5773 1086.8503
-1570.1186 1156.7427
-1364.6075 1231.0289
-1111.0816 1280.7110
-808.0542 1320.6422
-536.4776 1348.0078
-393.5064 1341.6891
-286.9039 1315.9889
-162.1613 1268.8540
-90.5125 1223.5256
-9.0723 1200.9107
99.9078 1190.2469
163.4811 1191.0179
245.2087 1192.5563
326.9206 1194.7103
