-3179.5790 85.3925
-3067.2836 118.5798
-2957.8856 141.1559
-2853.5082 141.9125
-2757.0269 156.7384
-2650.8823 170.1517
-2528.8368 216.0518
-2385.7949 270.3322
-2234.0412 324.0601
-2181.0917 337.9891
-2081.6937 390.3423
-1959.9895 462.5224
-1858.7901 538.4197
-1758.5725 614.8553
-1668.8980 693.1642
-1589.5980 773.1762
-1511.1056 853.5158
-1431.9432 945.3184
-1364.4239 1027.4504
-1279.3294 1107.6929
-1195.3015 1188.4057
-1113.6596 1258.4780
-1022.8551 1339.2776
-943.3728 1410.3824
-864.9431 1481.9778
-779.8433 1542.2729
-694.9238 1614.3072
-619.8794 1687.5079
-545.2606 1772.3191
-480.4146 1858.0515
-408.4459 1943.7936
-346.1354 2030.3408
-285.0935 2117.2669
-233.0393 2215.8991
-174.3365 2314.6428
-117.1658 2413.7586
0.0000 2568.6064
220.5345 2805.3340
503.0138 3109.3126
773.5123 3460.6750
