596.9640 -1212.6953
443.8148 -1161.7162
280.6675 -1109.5956
107.5174 -1033.7638
-74.9054 -944.9853
-255.5541 -854.1574
-392.7231 -795.7258
-538.8466 -713.4495
-662.0612 -619.5098
-785.4106 -557.8716
-897.3864 -495.7747
-998.0839 -433.4573
-1097.9439 -370.3663
-1196.9435 -306.4960
-1303.3513 -218.6048
-1418.5193 -128.7177
-1520.7862 -27.6381
-1573.7551 46.1734
-1597.3314 105.5104
-1620.5655 164.9212
-1644.8531 213.2467
-1699.9668 254.3219
-1794.1003 301.0981
-1889.2226 337.5030
-1954.4854 370.1595
-1982.1050 385.8709
-2001.6639 388.9379
-2040.7668 395.1656
-2079.8494 401.5181
-2130.5628 398.4562
-2208.6844 411.8456
-2286.7178 425.7376
-2374.3958 441.9692
-2461.9529 458.8417
-2532.2219 461.2067
-2592.8168 461.9357
-2665.5329 453.7930
-2738.4001 446.0195
-2840.6216 445.1828
-2952.7375 447.4037
-3062.3374 461.8213
-3171.8982 477.2081
-3259.1742 499.7452
-3336.6108 520.3403
-3413.9096 541.4671
-3491.0663 563.1284
-3577.6924 588.1397
-3664.1273 613.8351
-3728.2278 608.7102
-3792.4369 603.8595
-3866.3567 602.3285
