3032.8917 2411.5637
2884.4973 2334.1655
2733.8403 2259.9008
2664.7093 2177.5597
2650.8093 2112.8323
2735.2751 2102.0263
2836.4313 2097.0772
2885.0310 2088.1696
2913.1424 2060.4737
2953.8289 2049.1682
2998.6115 2026.9949
3064.1031 1999.4827
3125.9788 2008.1314
3175.3146 2050.1927
3232.7001 2070.6548
3413.7749 2087.4696
3736.4446 2114.3108
3981.1186 2195.5499
4202.2791 2287.3643
4387.3766 2354.1144
4469.5535 2426.0918
4511.2846 2707.1128
4524.5940 3009.5954
4601.1377 3166.0175
4679.2170 3313.8854
4683.3618 3460.0813
4665.8261 3576.1072
