-1908.4149 134.9670
-1993.0027 250.2653
-2023.0083 380.8635
-2010.9217 516.4572
-1969.3174 647.2586
-1899.1946 773.3712
-1773.5082 890.7743
-1595.8984 989.8707
-1405.9951 1066.5336
-1223.0082 1112.5837
-1032.8138 1160.5370
-816.5711 1220.5835
-594.2698 1284.1709
-366.6892 1340.7210
-177.6158 1402.5749
8.8161 1467.7788
218.7356 1536.8578
486.6800 1601.9517
750.7181 1674.2998
960.6477 1737.5641
1193.1227 1808.6825
1377.3335 1844.9453
1593.9514 1890.5525
1783.9309 1936.5001
1988.9989 2025.0595
2156.5297 2145.8313
2330.1071 2261.5839
2489.7520 2330.6732
2725.5099 2404.0302
