4279.1950 -561.1228
4067.0585 -606.9451
3854.4975 -649.6081
3641.5556 -689.1550
3438.8426 -723.3031
3267.6243 -748.1326
3106.8719 -768.9580
2956.6397 -786.1322
2785.1247 -805.6116
2624.1609 -821.4613
2463.1572 -835.6725
2312.7712 -846.7153
2162.3875 -856.3469
2029.6169 -828.2129
1864.3092 -791.7169
1713.5700 -786.1499
1592.8522 -753.6575
1473.5506 -731.5301
1354.6026 -708.5734
1236.0182 -684.7834
1115.5909 -626.7133
1015.5118 -544.1643
906.5425 -472.8725
776.6318 -379.7566
638.3579 -297.2460
559.4586 -122.2473
