-1173.7470 -274.7474
-1229.5620 -79.1853
-1220.7545 21.1165
-1217.7741 54.5464
-1215.7748 76.8319
-1219.6872 144.5936
-1256.3689 181.7392
-1313.7586 209.8380
-1391.8934 229.1635
-1467.2927 271.2805
-1492.9886 308.1092
-1497.5327 353.8466
-1507.6270 434.1898
-1518.7198 503.4105
-1521.2802 560.3159
-1523.6667 617.2218
-1516.3346 672.9207
-1508.9217 728.6093
-1442.4237 720.3678
-1394.8955 714.7128
-1292.0330 770.7693
-1208.9557 829.5004
-1102.1517 942.5111
-999.3389 1034.0031
-881.7687 1102.5228
-739.2611 1159.1331
-569.9368 1238.2257
-412.8520 1309.0162
-231.1722 1392.5024
26.0170 1612.3627
306.2748 1995.5126
515.1430 2428.9187
749.8293 2704.8120
1053.8461 3080.4483
1256.7581 3354.9511
1476.9241 3646.8625
