-2081.4871 -1219.9473
-2121.4781 -1180.8658
-2139.6517 -1144.4054
-2157.7115 -1107.9056
-2186.4280 -1069.9528
-2204.2361 -1033.3561
-2232.6558 -995.2627
-2251.5124 -969.8208
-2279.6609 -931.5885
-2309.0118 -904.5292
-2338.2575 -877.3909
-2365.9711 -838.9119
-2405.5946 -810.0049
-2466.2787 -777.6587
-2556.8914 -728.5818
-2668.0752 -675.2123
-2789.1118 -618.9348
-2907.5172 -550.1424
-3024.9430 -480.1168
-3149.5928 -395.2853
-3270.5765 -297.6002
-3364.5828 -180.5253
-3423.6265 -58.5097
-3440.6743 53.8178
-3439.3227 149.7151
-3424.5780 254.2963
-3399.3082 356.1477
-3373.4787 457.8519
-3340.4010 545.5088
-3304.0359 644.3020
-3260.8397 729.0868
-3220.5751 802.5371
-3170.8775 873.3374
-3136.7529 924.2521
-3130.5538 946.6564
-3080.9382 1017.3667
-3037.4303 1101.7390
-2987.9112 1172.3606
-2938.4920 1242.9622
-2864.2161 1366.7440
-2775.8475 1570.5028
-2659.3199 1802.1492
-2552.6175 2000.1942
