3052.6865 -1212.1777
2846.8302 -1166.4439
2679.2322 -1066.6922
2515.6433 -988.6640
2354.4852 -920.8811
2204.9730 -850.5267
2045.8282 -780.5931
1908.9076 -706.9123
1783.4767 -631.1658
1660.0920 -565.8848
1539.6755 -522.1890
1422.8432 -511.1733
1316.6671 -498.3825
1211.5531 -496.0311
1106.5274 -492.9565
991.1762 -489.8534
906.5425 -472.8725
822.1098 -455.4365
684.9789 -417.7820
548.1479 -367.7962
402.8082 -350.2598
268.1634 -331.1097
133.7901 -299.6069
0.0000 -255.7487
-132.7823 -188.4085
-264.5253 -130.9351
-395.8239 -94.4441
-526.4537 -56.6895
-625.6149 -7.9556
-692.7819 62.2170
-778.4780 145.0515
-851.6060 250.1272
-922.4807 366.8381
-982.0033 483.2865
-1059.2231 601.7717
-1134.4829 720.8876
-1188.9185 838.6929
-1223.0943 954.8506
-1237.5945 1069.1176
-1214.8382 1179.3021
-1169.9268 1320.8106
-1105.0248 1482.6467
-1025.1945 1631.7168
-949.5742 1758.9345
-909.3453 1811.1731
-858.5198 1806.4618
-773.7474 1799.2163
-672.8342 1780.4087
-565.2966 1728.8397
-466.8942 1645.5875
-419.8705 1543.2149
-433.4449 1443.5202
-473.9398 1345.0038
-533.1664 1247.4896
-599.8004 1195.2218
-671.6348 1210.5999
-758.7231 1261.0833
-851.8302 1335.2777
-906.7802 1418.3325
-925.3918 1498.4901
-916.1432 1587.3874
-886.0489 1708.0251
-843.2258 1950.8500
-788.7372 2226.2042
-718.7126 2432.9050
-631.4683 2604.7590
-516.0567 2797.4319
