92.7645 978.8965
158.2049 946.2555
185.7222 968.9162
194.3761 1002.4307
175.2911 1035.4855
203.1878 1024.8331
239.5994 1047.8016
266.3555 1081.7872
292.2629 1138.0799
309.1175 1183.0591
343.4883 1239.7496
359.8743 1284.8187
403.4039 1319.7894
482.8750 1345.4101
553.0146 1371.1705
623.5290 1386.2986
684.1259 1412.4409
753.2293 1439.5960
779.7571 1441.5675
796.4628 1454.0352
805.2919 1454.7227
823.9569 1445.0058
824.9639 1433.8907
816.1144 1433.1876
799.3859 1420.6889
790.5236 1420.0087
781.6606 1419.3361
764.8599 1406.8978
757.8119 1384.0153
734.6218 1337.6436
738.9655 1282.0562
744.1218 1215.3474
749.2169 1148.6342
762.5882 1093.6646
803.6816 1040.6518
852.5517 1010.6959
940.7929 961.7003
1081.2363 962.9749
1221.7978 965.9752
1362.4537 970.7059
1492.3187 987.0730
1583.2603 1010.8219
1670.2831 1057.6042
1752.6985 1127.4148
1849.9275 1212.2033
1956.5009 1288.6282
2032.6731 1326.0597
2114.7703 1377.0345
2258.7481 1477.4065
2480.7961 1588.3085
2691.4068 1727.0987
2905.7755 1923.5066
3064.3950 2049.0666
3179.0408 2088.9656
3276.8080 2124.4617
3331.3567 2081.6722
3319.8581 2039.5950
3299.4782 2019.5617
3274.9572 1985.6166
3237.6898 1959.8697
3121.4092 1944.5831
