-1862.1247 -1347.1151
-1915.7344 -1329.9836
-1958.3646 -1313.8983
-2000.9342 -1297.6911
-2042.3757 -1270.1250
-2093.4524 -1229.8617
-2143.1410 -1178.1406
-2181.6991 -1127.6044
-2219.9801 -1076.9203
-2255.4054 -1003.5793
-2290.3528 -930.0809
-2335.4597 -854.8737
-2381.4411 -790.6895
-2425.4216 -715.0096
-2458.2735 -640.7781
-2501.0628 -564.6708
-2522.3752 -491.8575
-2543.2332 -418.9619
-2561.8260 -334.7250
-2571.4341 -263.5156
-2587.0589 -167.9076
-2587.5697 -109.7737
-2610.0957 -59.0825
-2620.2088 0.9976
-2640.0504 63.0608
-2655.1986 147.6766
-2669.7100 232.3486
-2671.4636 326.2534
-2672.5763 420.1424
-2687.5375 540.6224
-2708.1851 674.5046
-2729.7014 797.3045
-2727.0606 891.1783
-2730.9581 915.7511
-2731.0165 1034.1513
-2729.8575 1152.4942
-2721.4430 1293.0305
-2714.4956 1422.3047
-2712.4929 1529.2586
-2697.4468 1644.8506
-2682.8529 1724.7262
-2642.3650 1797.4353
-2559.4208 1798.7395
-2480.8120 1754.2647
-2425.1355 1657.3142
