4271.1595 -625.0551
4157.9642 -668.2947
4042.0005 -698.9337
3912.9504 -719.7111
3783.8275 -739.3940
3654.6402 -757.9899
3514.7971 -777.8711
3362.2831 -787.3282
3209.8608 -795.3822
3057.5424 -802.0385
2903.5967 -795.9647
2746.5981 -765.9281
2588.5986 -723.3581
2445.0053 -700.4414
2304.8164 -698.8954
2166.1833 -707.3848
2039.4266 -724.4901
1912.5467 -740.5321
1785.5521 -755.5159
1669.0466 -768.3256
1552.4578 -780.2534
1425.1822 -792.2634
1287.2059 -804.0985
1148.4215 -803.5639
1009.0946 -790.6852
868.9323 -754.3450
728.9171 -705.7045
577.6417 -611.7864
427.7116 -505.3987
268.9484 -375.5934
102.4534 -233.1417
-101.5860 -110.8251
-202.1996 -42.9939
-281.2320 47.3973
-357.3180 205.0034
-430.1503 396.4715
-502.1954 543.9516
-553.6164 679.9109
-546.3977 824.4887
-510.5711 978.8887
-447.9524 1132.1934
-359.8743 1284.8187
-228.3427 1503.6938
-34.3284 1701.3451
218.0102 1892.8533
532.4822 2195.5980
867.1467 2503.3597
1164.3960 2847.3517
1381.1094 3253.0067
1597.9193 3689.9866
1871.4743 4015.8607
2164.9840 4349.0292
2462.5855 4709.3476
2735.3018 5046.4829
