407.2815 195.3235
426.7736 207.0744
437.0718 196.2782
427.8759 173.7084
399.0515 139.4115
349.7726 115.7678
290.0656 103.2134
209.8790 112.8410
119.7320 133.9719
29.8826 155.7068
-29.8315 177.9458
-99.2665 200.5255
-148.6402 223.2330
-168.1644 245.7125
-236.3572 302.3896
-274.0140 381.0135
-301.1395 470.6436
-318.1487 560.0903
-305.5239 671.0473
-236.5580 769.6155
-131.1182 879.1850
-46.3827 978.6116
92.3625 1023.3746
239.8626 1036.6821
370.5886 995.7138
558.1444 958.8335
763.3217 959.5906
1039.6076 1003.9907
1284.9552 1063.2060
1526.2298 1139.1717
1786.4652 1201.5342
1985.6726 1236.3623
2155.3261 1234.3348
2325.5134 1234.8734
2458.8673 1311.6830
2554.6800 1381.7397
2645.9842 1464.0344
2729.9941 1533.9743
2821.3212 1607.3122
2909.5626 1657.0623
2974.8563 1688.8219
2990.8071 1754.6928
3000.3977 1782.1234
