-1745.7804 55.9408
-1687.3723 195.9555
-1584.3392 375.6460
-1503.4145 546.8032
-1434.3327 708.0862
-1365.9640 869.4473
-1299.7748 1019.7787
-1237.1801 1147.9902
-1193.3996 1278.3474
-1257.9011 1409.9721
-1369.1988 1390.1015
-1423.6965 1329.3684
-1427.0221 1307.1408
-1405.5526 1202.3230
-1382.9936 1165.4686
-1358.7011 1139.8006
-1325.1101 1113.0968
-1274.3633 1073.2707
-1203.4292 1042.8437
-1121.6446 1023.1056
-1039.6076 1003.9907
-947.0357 995.8391
-854.3934 988.4536
-749.1659 1025.6956
-623.5628 1107.2870
-518.6761 1179.8940
-422.8176 1287.1317
-347.9752 1362.3515
-292.3238 1427.4260
-237.1234 1503.8945
-174.1069 1580.4830
-112.0068 1668.5642
-51.0811 1768.1373
16.8186 1868.0924
83.1506 1957.4078
180.2893 2070.0334
