4393.4346 -776.1986
4261.2989 -787.7263
4129.2171 -798.2215
3997.1970 -807.6885
3865.2462 -816.1311
3743.9996 -821.0561
3633.4724 -822.7119
3512.4169 -826.0276
3389.4815 -817.0728
3258.0750 -820.9081
3116.1532 -825.8182
2961.9564 -820.1707
2818.6667 -811.3030
2705.8632 -784.5702
2591.8131 -745.9298
2478.2204 -706.6962
2368.1130 -689.3684
2250.6153 -695.3880
2123.9453 -713.2050
1995.8820 -718.7403
1878.4275 -721.9692
1771.5940 -723.1335
1664.8209 -723.5832
1558.1128 -723.3188
1451.4742 -722.3412
1344.0436 -709.4892
1236.8226 -695.9380
1118.5423 -671.3038
1000.6451 -645.8289
881.3617 -586.0990
760.7924 -481.0200
643.9498 -430.7775
518.6277 -413.4256
362.8154 -406.9534
207.3365 -409.9629
41.4387 -400.2439
-155.0554 -366.1213
-360.4404 -306.8548
-563.7827 -233.4987
-764.5123 -146.0123
-962.7848 -55.4838
-1119.1928 23.6067
-1245.8333 79.5794
-1339.2670 156.1103
-1417.9244 265.7992
-1450.4745 416.1854
-1435.9340 617.8542
-1355.1901 879.4737
-1193.9483 1199.5241
-1118.8721 1653.1355
-1098.3990 1808.5853
-1089.4627 1875.1874
-1073.7159 2110.1494
-1132.0045 2468.0586
-1321.6910 2633.4714
-1375.5339 2562.6129
-1357.3250 2331.2407
