506.1493 -1059.7479
398.2475 -1051.5626
290.2857 -1031.5592
193.3014 -1010.7378
64.3587 -989.5096
-53.5683 -967.3092
-203.3107 -943.8847
-320.6170 -919.7390
-448.0153 -883.3118
-606.8328 -844.6632
-796.8373 -802.8124
-964.8161 -759.9159
-1131.2890 -703.9837
-1295.8621 -634.9729
-1463.5623 -495.9923
-1646.4734 -431.7391
-1830.6106 -387.3555
-2025.6734 -350.2608
-2189.1900 -315.1125
-2341.9062 -279.6638
-2494.1248 -242.4618
-2635.5975 -205.3941
-2776.5814 -166.7714
-2925.0514 -113.1641
-3050.1257 -50.8924
-3171.7960 24.1258
-3309.6091 116.8642
-3448.3022 200.2469
-3585.3828 285.6049
-3691.4115 364.4082
-3747.0489 392.9390
-3808.8177 399.0579
-3847.8780 410.8793
-3886.8999 422.8373
