2716.0094 -1095.4161
2606.6879 -1101.2787
2497.3924 -1106.4426
2386.8133 -1099.6345
2231.9988 -1086.7326
2088.2842 -1071.1793
1944.8938 -1054.5070
1812.5923 -1035.5339
1691.3587 -1014.5042
1537.3528 -984.5468
1395.4360 -963.5401
1286.7690 -950.0355
1124.8195 -939.6444
972.6637 -904.7619
799.8240 -869.6209
649.8011 -854.1154
521.0412 -825.4242
350.0509 -785.6015
190.5808 -754.9687
52.8376 -722.6785
-73.8761 -700.3533
-242.0879 -654.1485
-388.6422 -617.7582
-513.6072 -580.6613
-658.0146 -519.3495
-791.4756 -468.2621
-935.1210 -426.3896
-1078.0400 -383.0467
-1229.6291 -326.2036
-1400.6671 -265.6464
-1538.5708 -195.0590
-1639.5470 -81.8750
-1725.7061 53.3644
-1755.3689 216.2130
-1763.5176 376.5025
-1742.7283 453.2482
-1715.3981 506.3265
-1654.5517 588.9206
-1559.4596 712.4516
-1414.2751 863.9452
-1216.5849 1010.4709
-1008.8651 1124.6290
-768.6301 1250.6083
-471.0961 1400.5954
-183.2778 1558.3997
136.5788 1746.7274
461.0033 1901.6717
825.4084 2038.9343
