1929.7546 400.6740
1834.8925 500.6220
1742.6852 589.7985
1649.8429 690.5253
1561.2126 837.4549
1521.7331 979.6502
1522.1233 1104.5387
1590.1061 1148.2558
1679.3847 1173.0161
1741.0926 1194.1484
1737.1927 1216.3878
1758.3843 1254.1497
1725.3995 1283.0907
1721.4371 1305.3199
1748.3491 1309.7265
1758.3843 1254.1497
1659.3360 1181.3466
1537.0571 1129.3244
1489.7029 1134.1518
1451.5484 1140.3771
1420.9926 1159.0276
1411.4184 1225.7401
1389.5092 1313.4854
1371.4941 1435.7148
1386.2524 1573.7517
1397.6272 1722.9203
1430.9702 1932.6131
1539.6956 2201.9092
1645.8393 2498.1935
1709.2356 2720.3788
1725.3252 2805.5714
1713.6371 2791.2491
1651.3564 2730.9847
1570.5361 2644.7752
1512.6197 2552.8806
1470.3869 2453.2761
1439.6634 2367.7328
1427.1157 2308.4385
1470.0150 2258.5258
1561.4993 2217.2588
1686.2361 2182.9515
1809.6010 2161.2679
1906.5666 2181.7766
1981.3347 2221.7691
2032.1576 2315.6502
2061.6091 2475.8856
2072.5854 2656.1400
