-2352.8442 -1287.6068
-2393.9107 -1259.0577
-2445.7090 -1228.8242
-2496.0211 -1187.0893
-2543.3278 -1122.5366
-2607.3246 -1020.4554
-2670.2345 -917.8921
-2723.0334 -827.9819
-2773.2529 -726.4062
-2832.9213 -622.5378
-2891.3726 -518.1953
-2960.9465 -422.6253
-3027.1918 -315.1321
-3112.4183 -202.5675
-3195.8168 -89.0766
-3274.8211 36.6637
-3346.2700 185.9629
-3402.1436 344.8381
-3439.2324 524.2517
-3437.7588 681.7532
-3402.8664 805.5984
-3367.5997 892.7694
-3304.6825 935.2979
-3226.6800 961.4551
-3186.3356 962.1589
-3127.3384 994.0075
-3007.0192 1033.3584
-2869.1569 1068.8422
-2668.1325 1089.9346
