544.4760 -1281.2746
391.8392 -1274.2881
239.3396 -1265.9587
86.9406 -1245.1643
-65.1701 -1234.1412
-217.1105 -1221.7646
-390.5646 -1207.5464
-574.6308 -1191.1853
-747.6052 -1173.2895
-919.8032 -1142.4563
-1080.7259 -1110.5009
-1218.9336 -1067.3653
-1355.7685 -1011.8174
-1500.7331 -931.6551
-1663.6262 -825.3776
-1832.6385 -693.4032
-1997.3631 -547.8249
-2161.6568 -422.2402
-2326.3532 -316.6885
-2492.3101 -231.2153
-2656.4451 -143.3537
-2828.7999 -51.0062
-2992.0252 77.9289
-3149.3279 220.9810
-3302.6821 366.8868
-3442.2319 512.9585
-3568.1666 658.7405
-3653.0821 758.1485
-3684.1209 792.5066
-3793.0084 939.5033
-3884.8636 1096.4328
-3936.3066 1241.5801
-3962.4580 1391.7640
