2901.9195 -1005.9011
2765.2198 -971.4732
2636.6406 -911.8487
2516.3230 -827.3568
2378.5117 -768.1689
2209.8060 -712.6828
2034.2338 -679.6167
1868.7574 -632.3550
1725.1997 -581.2458
1591.8677 -516.7524
1489.6354 -437.0674
1406.8491 -332.5955
1336.0592 -238.0643
1237.2225 -168.3573
1118.9101 -99.7605
981.4523 -31.7862
855.3419 38.0159
730.4697 108.8456
596.9357 180.2614
485.4549 231.3875
384.0442 305.9389
322.6409 393.2822
261.5525 503.1291
210.8869 624.5234
218.0773 747.0119
280.9440 881.8571
368.9767 1040.1927
499.3488 1201.2807
677.7085 1378.5090
923.0928 1520.7157
1153.3866 1657.1142
1366.5526 1752.5478
1536.8648 1778.2434
1706.6079 1807.0273
1808.1523 1825.7865
1885.6490 1794.6200
1944.9964 1806.5303
2015.3582 1809.5427
2094.2429 1814.9234
2209.8653 1817.6906
2337.2009 1812.8334
2460.6347 1760.9542
2569.1952 1670.2151
2661.5982 1575.3924
2693.1747 1464.4173
2703.2422 1359.7798
2700.4379 1263.8960
