-2178.5513 -1424.3250
-2253.6537 -1289.3902
-2317.5854 -1166.5744
-2381.5129 -1054.5410
-2434.9424 -954.9085
-2479.7168 -879.1298
-2511.7478 -793.5191
-2555.2975 -717.3012
-2598.2233 -640.8438
-2649.2401 -551.0368
-2699.3484 -460.8892
-2748.5257 -370.4032
-2798.7362 -290.8685
-2850.1995 -222.2908
-2900.9954 -153.3852
-2943.1726 -97.5961
-2994.9989 -39.3855
-3036.2107 16.9001
-3079.3501 62.1151
-3119.6754 118.8501
-3159.5137 175.8089
-3208.7580 235.4167
-3257.4090 295.3447
-3315.2605 358.1332
-3359.7813 430.0470
-3393.8187 499.6221
-3404.8829 575.3180
-3405.7730 648.3480
-3396.6687 718.6440
-3387.1922 788.8850
-3355.3529 864.8479
-3323.3055 940.7116
-3320.0390 951.9291
-3281.8111 1013.7710
-3242.7516 1111.8179
