-2180.8115 -568.1581
-2258.4891 -510.9341
-2335.5611 -453.1700
-2412.0142 -394.8628
-2498.1501 -334.2407
-2593.8290 -271.0798
-2698.8998 -205.1298
-2805.0988 -149.4299
-2900.3956 -94.8331
-2977.0347 -55.0605
-3045.5117 -28.2896
-3103.7070 -3.4039
-3169.3589 35.4380
-3242.1617 88.4313
-3311.7619 153.3091
-3370.6675 216.2083
-3433.1103 304.8063
-3494.3127 393.9767
-3551.1901 495.0275
-3596.9169 593.7905
-3631.7098 690.0586
-3649.7151 769.4331
-3648.1512 842.9778
-3636.7336 913.5199
-3628.4625 972.7470
-3605.0025 1014.7370
-3575.8609 1042.5086
