2040.6266 -929.2279
1955.0734 -939.7709
1846.9741 -941.0905
1738.9302 -941.7076
1651.3583 -928.2699
1574.6236 -913.3630
1497.1230 -886.9531
1419.8444 -860.2261
1352.5865 -821.1147
1274.9852 -782.6417
1187.1175 -744.6600
1099.6194 -706.2561
1033.5650 -666.0300
978.3042 -624.9015
922.6593 -572.4737
856.2854 -509.3514
778.8634 -424.2835
682.0183 -351.0090
596.7534 -287.8814
512.9396 -246.5556
430.2442 -227.0170
358.0073 -206.7576
285.9777 -186.1406
224.1820 -153.8857
162.7907 -132.4878
111.6563 -99.6277
60.5151 -10.9858
30.0091 100.1091
19.8191 222.4051
29.4142 355.8581
67.3643 578.3996
169.1068 846.3119
321.4479 1083.2462
494.7323 1290.2315
690.4634 1446.3790
995.3717 1662.3903
1367.8956 2048.1847
1620.1730 2435.3468
