3649.6287 -1391.4480
3543.4826 -1436.7037
3399.3041 -1452.9707
3297.4543 -1448.5669
3151.8253 -1451.4726
3002.0106 -1419.0957
2864.9615 -1395.3763
2750.1004 -1367.4083
2635.5260 -1338.8796
2589.2564 -1322.7838
2521.2482 -1309.7824
2407.2772 -1280.1089
2273.0709 -1264.0058
2159.7343 -1233.0091
2035.8917 -1202.7145
1901.6035 -1172.8940
1746.1199 -1144.4214
1626.2460 -1145.1372
1516.4037 -1132.8658
1341.1825 -1114.0689
1113.1072 -1108.3770
873.5773 -1077.9283
677.1970 -1020.1953
449.3831 -938.9339
201.6824 -799.3183
-52.6297 -655.9611
-281.4877 -497.7318
-547.7492 -356.6708
-713.0351 -137.5643
-924.9173 53.7676
-1138.1225 272.0334
-1286.0070 477.2135
-1357.8783 620.1736
-1397.4373 771.4961
-1358.8859 925.0884
-1292.7419 1075.3935
-1122.4773 1338.1793
-828.0785 1590.9136
-476.5302 1779.8158
-151.9888 1835.9368
209.6269 1892.6619
582.4317 1964.2776
1071.8113 2064.8011
1469.3856 2178.3757
1842.8284 2365.7449
2198.2716 2571.2005
