53.7590 -1034.0266
-75.2624 -1033.9425
-215.0308 -1032.7124
-354.9931 -1041.4199
-484.0535 -1038.1407
-634.5907 -1033.0375
-806.1038 -1014.3820
-945.7035 -1006.9382
-1128.1649 -995.4013
-1298.2444 -960.3463
-1425.8703 -938.4139
-1520.2920 -907.3047
-1679.3836 -880.2051
-1774.2394 -858.6732
-1887.8636 -811.6109
-2020.8333 -749.6730
-2090.9304 -706.2680
-2192.2405 -658.0044
-2272.0010 -612.0695
-2390.0074 -536.5517
-2479.0164 -487.5645
-2577.8748 -436.1013
-2667.6101 -396.9683
-2769.2019 -366.5037
-2891.1315 -331.1507
-2983.8888 -312.3644
-3076.5283 -292.9421
-3158.7718 -275.1412
-3259.1341 -240.8234
-3356.7745 -194.3146
-3408.2143 -134.1662
-3410.9719 -49.6556
-3400.7712 -4.2383
-3390.4618 41.1525
-3377.4223 97.8535
-3356.8973 140.6641
-3346.2700 185.9629
-3332.8340 242.5485
-3306.6468 307.8661
-3280.3232 373.1180
-3256.6597 427.0249
-3202.2689 520.9385
-3138.2345 612.2637
-3055.2826 698.6506
-2959.5149 757.9564
-2869.9390 795.2568
-2826.7076 808.4779
-2673.5528 866.8557
-2733.6886 904.5751
-2474.4723 963.1314
-2225.2326 1085.8366
-1981.0608 1212.4550
-1762.1989 1334.9290
-1603.7853 1400.8820
-1486.4044 1451.6517
-1361.5051 1502.3632
-1207.2505 1584.5252
-1002.0276 1753.0032
-753.5051 2010.2819
-490.2414 2338.1508
-215.9101 2727.3040
