-2510.2346 -343.7181
-2563.0088 -276.6081
-2592.7856 -201.6706
-2620.0087 -115.3369
-2652.4939 -4.4172
-2681.6148 117.9490
-2693.9675 213.9339
-2700.9407 332.4198
-2687.3526 446.7269
-2648.9059 532.2703
-2540.6311 567.9421
-2424.9321 544.5797
-2299.3358 520.5625
-2229.5675 519.3623
-2198.5331 525.3500
-2038.1855 647.2033
-1865.2422 802.2719
-1716.0212 950.4793
-1497.1758 1146.5163
-1132.2294 1406.7825
-754.3432 1730.5225
-393.2395 2076.8220
-102.2044 2369.0767
186.8033 2704.2917
445.5483 3038.4402
673.0107 3370.5762
