-109.5368 -1411.8378
-163.8813 -1355.8117
-228.9496 -1310.5904
-304.7726 -1276.0485
-391.2053 -1240.9171
-499.3051 -1215.8369
-629.1678 -1200.3933
-748.0194 -1184.4238
-866.7056 -1167.6034
-974.9468 -1161.7021
-1082.5497 -1143.9517
-1189.9902 -1125.4883
-1297.9939 -1117.4725
-1415.9451 -1096.6688
-1532.8223 -1063.8108
-1649.3440 -1030.0555
-1775.1948 -983.0358
-1900.4553 -934.9127
-2014.4418 -887.0157
-2127.8607 -838.1686
-2239.3136 -777.1191
-2324.4432 -684.4999
-2402.0519 -546.1441
-2475.8489 -395.7810
-2549.0601 -255.9257
-2605.5194 -152.8937
-2650.5684 -51.3705
-2704.4788 52.4705
-2749.2878 143.4241
-2788.4165 257.1762
-2833.4312 384.6265
-2873.9507 523.6819
-2902.6803 660.7696
-2919.9141 795.7004
-2879.3304 916.4833
-2828.9996 1034.7425
-2732.7667 1141.3457
-2613.4846 1265.9804
-2430.4626 1387.4136
-2212.9246 1514.0832
-1960.5786 1659.0525
-1691.3665 1838.7548
