-3473.6092 -238.0031
-3423.6265 -58.5097
-3408.2755 9.6246
-3387.8675 52.4961
-3380.0438 86.5167
-3362.1705 118.0047
-3348.9370 174.6408
-3332.8340 242.5485
-3313.7406 321.6968
-3287.3338 386.9353
-3269.2028 418.2657
-3253.8653 438.3049
-3241.3343 447.0661
-3228.8129 455.8321
-3206.5834 462.1087
-3174.6612 465.9427
-3133.0560 467.4056
-3069.3717 475.4569
-3022.5454 499.7180
-2973.2003 535.3145
-2930.9957 584.5233
-2847.9557 635.8902
-2686.5731 681.4162
-2476.6302 729.7788
-2289.8874 773.6359
-2228.7414 785.0776
-1968.3760 876.5683
-1738.4298 988.1156
-1567.9156 1110.9493
-1417.2285 1249.1631
-1271.3260 1377.7157
-1111.0796 1505.8231
-952.2538 1658.1257
-784.2513 1867.2608
-626.7088 2134.7888
-462.2216 2515.0313
-461.4779 3017.1297
-456.7206 3463.5119
