0.0000 -689.4095
-125.8023 -588.8140
-239.7895 -498.4578
-352.4511 -407.2051
-474.3877 -325.8344
-584.7147 -243.7999
-674.9208 -195.2142
-754.9131 -157.6928
-824.3217 -120.2877
-891.9440 -60.2409
-955.8128 44.7266
-997.6774 159.7097
-1028.6033 274.1086
-1030.2006 375.0902
-1005.1170 440.3081
-971.3954 493.6558
-928.2409 546.3318
-875.7899 598.4258
-803.0398 671.6596
-720.8956 755.7918
-639.1858 851.5158
-548.8500 958.3812
-440.7824 1087.3467
-315.2755 1272.2754
-184.4369 1502.8037
-51.1500 1757.0179
115.2404 2035.6018
355.3697 2342.5578
603.4526 2658.4933
893.9909 3001.9400
1173.3876 3385.2318
