-1857.5993 -531.5723
-1958.0148 -484.7078
-2028.1097 -452.5495
-2087.5615 -421.4699
-2145.2735 -378.8814
-2202.6383 -335.9920
-2275.2687 -255.8858
-2328.2339 -189.8286
-2341.6498 -141.5453
-2363.1954 -80.2819
-2374.2753 -20.6930
-2369.3485 70.8124
-2352.0859 171.7221
-2332.4512 283.7637
-2312.3388 395.7195
-2274.4447 492.8472
-2226.8775 588.1617
-2199.3852 629.3559
-2179.4231 683.4539
-2104.8278 819.9363
-1985.2009 994.4179
-1868.4012 1112.0923
-1721.0067 1202.3689
-1530.9479 1287.5546
-1326.3040 1373.2438
-1094.0761 1425.1992
-732.8354 1471.6672
