-1969.4639 338.1525
-1908.8588 340.4117
-1820.6038 395.9393
-1791.3459 460.1009
-1758.8921 546.5696
-1705.7008 641.4572
-1641.7627 746.2300
-1581.6196 828.8564
-1531.3452 912.8749
-1497.0598 953.6896
-1424.3757 1000.9521
-1367.3580 1005.2012
-1309.0134 1020.8515
-1250.8641 1036.7770
-1211.3288 1054.9618
-1170.6452 1084.3893
-1131.4210 1102.8166
-996.3562 1246.9333
-882.3140 1393.8092
-746.7392 1517.4033
-622.3158 1654.1636
-494.1980 1769.5593
-377.2445 1897.9170
-271.9937 2027.8187
-203.6588 2115.0331
-119.8073 2258.0922
-15.6227 2412.9479
76.0477 2591.2083
171.2495 2726.1819
