-782.2065 -714.2729
-887.2340 -697.4689
-929.4382 -694.9987
-1076.3967 -674.2967
-1202.0196 -653.8175
-1348.4179 -630.4442
-1358.9273 -629.5165
-1534.4187 -579.1102
-1647.4003 -544.6679
-1769.1824 -496.8840
-1817.5282 -457.0584
-1888.9761 -436.7790
-2034.5454 -337.6166
-2100.6731 -282.4865
-2139.4069 -185.2048
-2136.2017 -162.7895
-2158.6862 -33.2678
-2189.9106 97.9932
-2196.3361 122.0284
-2197.2549 179.6607
-2178.1760 233.9752
-2151.0535 275.4456
-2122.1549 328.1081
-2081.6937 390.3423
-2052.9626 443.0181
-2014.6088 494.1251
-2007.2177 538.7865
-2001.6302 572.2754
-1988.2738 593.0291
-2003.7115 618.4949
-2001.8144 629.6541
-2028.6194 645.5938
-2038.1855 647.2033
-2047.7502 648.8206
-2110.6217 682.6853
-2156.2044 702.3313
-2209.0088 735.1009
-2287.1014 738.3089
-2370.1188 766.2526
-2412.6913 798.1909
-2466.4568 867.8106
-2533.7497 917.5520
-2618.9647 972.0861
-2664.5376 1065.4195
-2792.6448 1061.2743
-2826.0845 1045.9091
-2811.0411 1065.9083
-2750.6152 1110.1726
-2702.4997 1145.6975
-2657.4482 1170.1832
-2576.8921 1221.6601
-2496.9131 1273.4804
-2414.7859 1336.7668
-2341.4334 1367.0605
-2265.8671 1408.8411
-2188.2462 1462.0965
-2097.4230 1536.0891
-2049.8579 1584.3536
-1990.2382 1607.0670
