1557.8823 -971.3350
1376.6055 -717.8836
1198.8340 -609.2100
1005.0571 -544.8638
833.6769 -477.1253
715.5792 -405.1745
608.3865 -320.8315
501.1604 -202.4233
406.2909 -105.2738
323.7609 -51.7995
262.2171 -8.6078
200.8871 45.9673
150.0426 100.9150
109.6615 145.0057
79.4820 189.2711
29.6509 255.7824
-29.4673 333.6191
-19.5025 422.5564
57.8518 556.1114
161.5169 723.8630
346.1141 894.7575
607.9322 1061.7889
906.0303 1238.9347
1209.1426 1438.0257
1520.5675 1673.0237
1864.6328 1963.9999
2228.2752 2341.3826
