-2794.2123 -583.0958
-2856.2800 -501.5594
-2890.2400 -448.2976
-2932.1943 -381.5080
-2961.2117 -305.2823
-2964.8670 -210.5778
-2967.8857 -115.8781
-2915.3106 -9.4506
-2842.6213 92.6057
-2770.1676 194.6406
-2648.7008 286.4818
-2476.0714 438.3568
-2300.5435 567.0858
-2214.3479 655.1851
-2142.5394 722.9399
-1987.1072 879.7756
-1866.0664 1019.9703
-1750.7739 1138.5387
-1637.2610 1257.7921
-1518.3647 1422.1921
-1349.8295 1636.7887
-1154.5401 1837.8005
-961.0805 2018.5881
-809.6882 2183.2715
-631.2756 2358.6866
-420.1837 2568.4913
-221.3430 2783.1005
