106.6820 -889.2065
0.0000 -778.3656
-105.3287 -666.8111
-230.1600 -554.2243
-353.2076 -440.5712
-475.0844 -348.0822
-596.3086 -276.7552
-706.6519 -215.9773
-816.0576 -154.2774
-925.2264 -102.7832
-1033.6005 -50.3605
-1141.1595 2.9960
-1257.9175 58.2217
-1382.5747 126.7476
-1486.0684 194.3471
-1568.6792 260.5101
-1650.3499 327.3219
-1719.7441 404.6100
-1780.0022 469.8712
-1829.8154 534.0915
-1833.5267 637.3528
-1789.7424 790.5181
-1688.1115 946.3096
-1547.1759 1062.5841
-1369.2617 1197.6754
-1173.3257 1366.2628
-959.3355 1512.8553
-724.8868 1672.3589
-509.8411 1792.6800
-167.7075 1891.8175
190.6869 1981.2517
525.7052 2061.2829
853.8671 2153.7892
1153.1695 2289.7803
1413.7333 2454.7985
1632.7583 2680.6526
1855.2193 2895.3762
2148.9965 3169.1639
