3050.6658 -1119.1402
2899.2081 -1064.5412
2757.6305 -995.9313
2641.2362 -945.7573
2541.9523 -938.5263
2432.1129 -932.3596
2299.6915 -917.3097
2123.6052 -895.7499
1948.0852 -872.4752
1784.8886 -857.4878
1655.0302 -848.8599
1526.3222 -850.4082
1396.8220 -839.7688
1256.1369 -817.8138
1092.5664 -762.7350
917.6854 -673.3497
744.0612 -571.1169
583.3106 -477.8639
425.3020 -416.4127
269.1434 -386.7143
92.8985 -344.4083
-61.7499 -300.0947
-195.0984 -265.5419
-327.5763 -218.6197
-468.6784 -147.8567
-606.9123 -42.2392
-692.7819 62.2170
-747.9353 154.4621
-752.0452 255.1732
-727.1091 343.0567
-693.2488 419.2952
-620.3373 504.7209
-530.6436 556.2869
-412.5275 618.5676
-246.7667 736.4492
-102.9142 890.0199
27.7091 1023.0289
173.1538 1157.8001
296.2176 1305.1165
398.0827 1442.0942
514.6960 1569.9068
641.2363 1633.0385
762.2954 1641.6237
874.5887 1650.9296
986.7498 1661.5221
1124.5873 1676.3292
1253.5752 1691.9892
1378.7011 1731.5683
1570.9245 1875.2235
1726.3903 2040.7910
1879.3506 2222.4184
2228.0744 2424.5131
2513.2090 2628.6319
2871.3791 2891.8965
3189.3019 3183.4666
