373.9018 -1497.2367
219.9507 -1499.7854
65.7891 -1434.2945
-120.6128 -1434.0062
-186.4000 -1433.4365
-306.8482 -1420.6356
-492.6135 -1394.1686
-667.0169 -1366.1307
-852.3556 -1346.9243
-1025.4305 -1304.0660
-1208.0705 -1247.4602
-1411.4238 -1186.9585
-1626.2460 -1145.1372
-1658.6828 -1141.9721
-1829.5470 -1101.5953
-2022.5015 -1067.9423
-2204.2361 -1033.3561
-2366.7455 -1022.2746
-2506.3451 -1001.5942
-2635.0654 -981.4036
-2737.4972 -929.8080
-2837.7123 -866.0510
-2924.8175 -792.0545
-3019.7685 -703.9306
-3138.4926 -633.3258
-3270.8722 -581.9798
-3427.2674 -487.8992
-3561.1871 -396.5765
