562.0923 -467.5376
549.7321 -412.2983
516.7573 -357.8014
473.6872 -303.5868
430.5704 -238.1399
388.0908 -183.7061
345.9033 -129.1604
293.6477 -63.5992
242.0487 -8.9794
180.6504 56.8044
99.8614 122.6879
29.8315 177.9458
-39.6037 233.5696
-128.0321 300.8613
-195.9098 368.4485
-263.0209 436.4079
-329.6574 493.6203
-385.6134 562.0216
-440.0031 652.9410
-511.3488 767.1834
-562.8835 869.8686
-623.1935 962.2127
-689.1964 1088.8552
-738.4248 1170.2522
-782.0971 1307.5052
-776.8882 1474.9134
-672.3269 1679.7961
-416.1838 1955.2808
-127.7938 2258.2069
154.9377 2469.9935
386.9918 2611.3994
616.1077 2760.1650
844.3009 2894.5811
1069.1763 3037.3358
1299.0660 3179.1632
1550.6728 3337.0207
1798.0905 3496.2977
1984.5450 3675.0048
2148.8134 3932.9708
