755.8726 355.8880
853.8954 362.0643
951.8660 368.9976
1049.7780 376.6892
1167.1867 386.9221
1407.5965 445.1940
1732.7398 656.6864
1927.5572 720.6884
2127.8861 801.0387
2297.6491 926.1079
2477.6277 1034.1175
2654.0293 1145.6785
2823.6039 1271.9378
3006.5031 1406.8731
3160.7420 1587.7144
3256.8381 1779.7487
3312.3183 1986.5440
3324.6644 2167.6526
3308.5047 2339.2608
3222.1975 2496.4365
3155.2983 2546.4216
3081.6915 2530.5215
3017.0695 2493.5456
2956.3291 2446.2982
2888.2000 2347.8011
2837.5745 2244.4892
2804.6834 2135.8689
2773.3469 2016.4970
2759.9143 1891.2650
2777.7213 1836.0557
2829.3331 1790.7894
2866.8589 1789.8584
2917.7339 1805.2910
2947.8790 1826.7917
3003.1445 1856.4393
3033.5632 1903.0767
3063.4949 1949.8803
