4274.3273 -796.5026
4073.8131 -800.3602
3863.0243 -804.5998
3654.7239 -817.8426
3446.6122 -828.5205
3238.7201 -836.6458
3020.4386 -844.2462
2805.7467 -871.6774
2601.5447 -894.4521
2386.5391 -916.1820
2172.6947 -946.2623
1957.3725 -962.2063
1743.0249 -986.4954
1539.1497 -1006.9070
1324.3194 -1025.6077
1096.6177 -1008.7359
858.2810 -978.2459
631.9671 -955.1305
406.3472 -928.9398
224.1647 -899.1195
63.8908 -856.0743
-84.9744 -811.4962
-232.7795 -743.2762
-389.6807 -662.2497
-534.5628 -579.9385
-657.1011 -497.0922
-778.8634 -424.2835
-899.4480 -350.3757
-1009.2908 -287.2223
-1076.4068 -215.1491
-1091.8483 -146.7369
-1108.7593 -100.5728
-1116.2704 -66.3374
-1122.8128 -20.9534
-1138.3848 36.4174
-1154.6864 82.6808
-1179.8044 140.9970
-1204.6017 199.3862
-1228.0041 268.9878
-1252.1057 327.5216
-1274.7204 397.2656
-1298.1036 455.9411
-1317.4267 548.0978
-1273.7115 678.6469
-1173.7038 803.4069
-1066.0351 927.8519
-952.1618 1041.1054
-841.3424 1144.1378
-724.3334 1236.3516
-610.8172 1307.4258
-465.0042 1344.6051
-268.0172 1348.8757
-8.9350 1345.4643
266.7288 1393.3521
528.0410 1492.5380
768.9381 1664.5192
997.0697 1932.4372
1212.5224 2275.3134
1417.0152 2627.1446
1616.0320 2978.9201
1805.2008 3331.5781
1990.7594 3677.0937
2180.4343 4008.8673
2381.8850 4281.3134
2638.5562 4660.4346
2855.2344 4917.5524
2856.5121 5145.8758
3054.9764 5349.7652
3178.6098 5545.5332
