-1508.5460 83.9336
-1589.3639 172.4603
-1632.1483 234.3238
-1665.9867 283.9614
-1644.5206 371.9397
-1624.4583 448.7410
-1567.1341 509.4256
-1492.3609 556.7717
-1418.1087 604.4660
-1297.8286 636.1513
-1209.2748 649.4933
-1137.8520 687.5004
-1066.8833 725.8700
-1001.3702 708.9725
-935.6882 692.4512
-916.6326 690.9786
-821.3184 684.0735
-780.8498 714.8965
-767.4774 769.8947
-782.3951 826.7548
-799.5644 850.2769
-824.2908 896.7398
-848.7461 943.2708
-863.6606 989.1577
-867.2583 1056.5952
-850.4671 1144.8422
-822.7708 1254.6265
-714.1734 1369.7631
-580.0590 1506.5215
-415.5939 1632.1565
-238.6727 1759.8359
-16.7248 1912.5704
205.1708 2059.4408
435.1110 2201.3637
656.9776 2338.2804
877.1510 2425.7262
1075.2987 2573.5347
