2802.0405 -1162.3266
2623.1652 -1144.8314
2446.0911 -1136.9721
2280.1468 -1125.9416
2100.2330 -1081.0595
1921.1789 -1034.5859
1753.7489 -985.3494
1576.5083 -935.7267
1380.5916 -908.6170
1206.7235 -877.7034
1034.1804 -856.1847
853.1019 -866.8705
703.0338 -851.8599
553.2768 -835.4729
435.1704 -794.6136
317.8260 -764.0319
221.1848 -665.5856
198.6397 -543.5490
186.7378 -421.3603
175.0844 -310.2868
163.5487 -199.2077
193.1608 -120.9795
243.0245 -64.5818
221.8798 -9.3213
201.0526 34.8472
169.9045 112.2737
119.4268 167.3311
79.1379 244.8691
19.5740 378.0783
-38.6783 522.6773
-124.6193 623.3317
-209.0172 724.6018
-263.5862 825.8177
-307.7290 927.0539
-378.6116 1029.3808
-430.6439 1109.2247
-490.2768 1200.8664
-513.3093 1279.9640
-528.1744 1336.4376
-498.3426 1390.7184
-451.6775 1433.1607
-379.9319 1452.5452
-291.6069 1449.6638
-230.0469 1436.9791
-176.9660 1435.9328
-123.5751 1457.3983
-88.0507 1479.2734
-52.5010 1534.6284
-17.3223 1623.4633
59.8352 1734.8279
159.3231 1891.6711
271.5980 2038.9365
386.8060 2199.0922
569.6786 2432.4910
675.0955 2697.9431
779.6705 3044.8520
831.9052 3389.0517
868.1957 3733.4812
912.1132 3967.8166
1013.9782 4158.3206
1133.2837 4358.2887
1252.7525 4625.9166
