994.1890 -1585.2734
828.5907 -1593.5489
662.6242 -1589.1818
550.6268 -1526.0885
461.1771 -1461.8097
405.0519 -1396.4010
327.4078 -1331.2618
283.1563 -1287.5414
238.8205 -1221.4746
216.6320 -1177.2816
205.3399 -1132.9343
193.9788 -1077.4606
171.7227 -999.8563
149.6281 -922.2267
96.0729 -900.3935
21.3365 -889.5465
-21.3102 -867.3074
-63.7711 -822.7155
-106.0832 -789.1285
-127.0555 -755.6120
-147.7507 -699.8261
-189.7139 -677.1264
-210.3731 -643.4920
-230.9440 -609.8276
-272.3756 -575.7718
-302.9670 -530.6896
-342.8210 -440.8152
-413.1340 -349.9707
-514.4790 -291.0535
-615.0062 -231.3818
-705.5748 -193.7202
-802.0983 -88.0806
-856.0416 26.8848
