893.5813 -1043.3617
772.9700 -993.6612
664.0857 -953.8504
555.6711 -913.3614
448.0153 -883.3118
362.2459 -863.2207
287.3163 -842.4927
212.5650 -821.4205
53.0081 -778.2764
-52.9061 -744.9176
-316.5928 -697.3010
-526.5528 -658.1826
-714.0918 -606.0169
-838.2945 -566.2003
-963.2336 -547.5891
-1117.7229 -503.3280
-1249.7479 -447.9872
-1338.4895 -384.0274
-1416.1316 -320.4335
-1473.6157 -269.6092
-1538.5708 -195.0590
-1584.8196 -144.7508
-1611.6336 -107.7670
-1634.4045 -37.2095
-1625.2784 40.9401
-1597.3314 105.5104
-1549.5646 167.7410
-1503.3657 218.9068
-1437.6743 267.9688
-1339.3288 347.5907
-1231.1427 437.9457
-1145.7692 508.5028
-1059.2231 601.7717
-974.7534 684.3613
-891.3198 767.4111
-808.1163 862.0495
-713.7729 1001.0502
-657.9798 1142.7752
-612.9732 1274.0712
-531.3109 1436.9508
-434.5762 1599.5453
-334.1825 1718.1412
-246.1939 1793.4063
-151.1494 1880.4132
0.0000 2001.5114
239.2132 2271.7065
529.0946 2641.9546
744.5454 2984.9177
917.4621 3287.4616
1046.9064 3557.3017
