3177.2032 -1306.5511
3107.1445 -1284.1616
3024.7933 -1252.1179
2942.6337 -1219.8399
2846.8302 -1166.4439
2737.5773 -1091.8942
2610.2502 -1043.0623
2443.3177 -1022.5716
2254.1121 -992.3259
2054.9357 -961.5612
1870.5715 -961.0588
1697.1340 -957.4276
1520.2920 -907.3047
1332.1572 -834.0734
1167.4413 -768.5529
1014.4882 -700.8547
881.9567 -597.2356
770.1229 -458.2219
659.9118 -318.5767
552.2752 -200.5247
467.2134 -103.3635
363.3437 -17.4254
270.7409 69.4337
169.6180 134.5135
69.6662 166.9758
-9.9009 233.5134
-49.2438 300.3206
-97.9579 367.3199
-77.9375 433.9020
-19.3575 511.5125
76.4646 656.2932
197.6977 824.5165
348.9909 1084.0783
445.5255 1377.1860
542.8969 1537.9312
619.8794 1687.5079
717.2547 1761.2596
831.9671 1815.3172
1016.5904 1844.5245
1284.1663 1888.5121
1599.7001 1948.8053
1999.2367 2120.6659
2393.4011 2386.8484
2658.1309 2627.2742
2767.1164 2839.6075
2828.2598 3077.8968
2834.8926 3285.7418
2800.7560 3478.2269
2668.8869 3666.5567
2482.8149 3843.1761
2254.9828 4065.8382
