-2728.4499 396.8975
-2677.2444 397.7028
-2616.8834 443.5559
-2547.1040 487.5607
-2462.8171 505.5425
-2405.6265 540.7975
-2341.2216 563.1912
-2275.9810 643.5116
-2223.9058 656.9435
-2218.5431 632.8474
-2227.5282 530.5396
-2227.9689 472.9093
-2216.4731 424.7377
-2204.7571 434.2101
-2189.1168 466.0470
-2163.7984 496.1920
-2150.1797 516.8581
-2146.2350 539.2028
-2144.2558 550.3739
-2132.2868 617.3843
-2109.1150 636.3637
-2101.0857 681.0122
-2079.4283 746.2941
-2014.5811 781.0650
-1995.1601 835.1946
