-2335.8290 -1038.1366
-2362.6998 -988.4710
-2367.9403 -941.8521
-2373.0543 -895.2256
-2367.3969 -850.1734
-2382.8989 -801.9508
-2387.6276 -755.3031
-2392.2260 -708.6488
-2399.7478 -684.5039
-2413.0898 -624.9277
-2418.8715 -589.4977
-2422.9609 -542.8047
-2428.5469 -507.3598
-2432.3912 -460.6552
-2436.0985 -413.9462
-2444.8316 -331.7621
-2447.7437 -215.8320
-2449.8489 -99.9132
-2435.2938 47.8564
-2427.6696 150.6497
-2407.5732 262.7684
-2384.8989 385.9942
-2354.0794 496.0831
-2317.6592 581.8929
-2281.2211 667.6602
-2243.9717 706.9375
-2218.4984 736.8699
-2156.1792 806.2098
-2038.0437 865.6405
-1919.0451 937.0903
-1769.8443 1027.2719
-1617.2147 1095.3069
-1473.0588 1120.5668
-1355.6737 1162.0407
-1214.8382 1179.3021
-1090.3558 1222.3467
-1005.3845 1247.7753
-939.9921 1264.2771
-865.8526 1280.4201
-809.0080 1309.5251
-744.4467 1327.1537
-679.3358 1356.2747
-624.2805 1375.1812
-542.1363 1404.0570
-451.6775 1433.1607
