3204.4877 1973.1617
3192.0294 2006.1909
3162.9186 2058.2976
3129.7924 2096.5038
3068.3831 2112.4230
2946.1343 2095.8421
2793.5696 2010.5363
2673.9324 1902.4304
2605.1082 1799.1611
2561.8278 1727.8310
2502.6679 1676.7757
2431.1253 1635.1543
2382.1229 1611.4530
2356.0999 1605.2515
2344.5469 1614.2857
2341.6670 1625.3697
2332.9947 1658.6138
2315.7436 1654.5388
2301.3353 1639.4143
2283.8176 1600.1535
2289.4051 1577.9774
2306.8111 1581.9764
2338.7408 1601.1572
2387.8626 1624.6199
2465.1716 1679.1217
2555.3951 1749.9622
2633.9063 1855.0402
2693.1852 1956.2214
2720.1697 2012.5534
2749.4546 2033.5025
2802.5488 2037.6413
2896.2795 2030.5342
2994.6312 2037.9978
3097.2136 2060.3007
3170.8724 2086.0618
3239.9318 2123.4728
3309.2909 2136.5611
3370.5182 2147.0928
3423.6459 2154.8906
3486.0455 2141.0731
3569.6085 2123.1348
3645.4309 2102.4038
3707.2080 2115.0367
3728.2728 2176.0221
