1758.3562 -1730.4973
1669.5108 -1738.6232
1613.2584 -1732.2845
1557.0419 -1725.7896
1489.7627 -1720.0264
1399.7063 -1704.5339
1298.1028 -1678.2521
1196.7228 -1651.4761
1095.5726 -1624.2010
994.1890 -1585.2734
893.1307 -1545.8488
792.0195 -1494.7826
690.9922 -1432.0814
590.4995 -1368.8771
511.8157 -1282.2747
466.2359 -1194.5088
442.3118 -1094.9685
429.0157 -984.0090
426.1591 -861.6452
444.3577 -738.6972
472.6503 -615.3930
521.5671 -502.4261
590.3512 -388.4399
658.4470 -285.1933
726.0091 -192.6871
782.4297 -100.3673
837.9643 -7.7591
883.3041 73.3454
937.9206 155.3507
992.5683 226.5102
1046.5001 297.9554
1099.7002 369.6859
1161.8884 442.5973
1213.5190 514.9443
1273.9847 588.5726
1333.5307 662.5852
1392.1373 736.9806
1459.2084 812.9277
1540.6797 914.1246
1635.2142 1041.0232
1732.0139 1192.6947
1782.1503 1326.8245
1840.7956 1497.8225
1835.0404 1657.9443
1742.7879 1802.0765
1619.4594 1849.1050
1577.3007 1841.9773
1532.7946 1800.4194
1500.2432 1738.2568
1477.5003 1666.4507
1486.9375 1610.9603
1541.8275 1550.9407
1621.6081 1506.3763
1717.6478 1476.3560
1823.1866 1448.6817
1942.5286 1447.4885
2088.6367 1452.9791
2243.7901 1462.4299
2340.6913 1484.1412
