1681.0145 -1579.7546
1467.8007 -1541.9567
1264.5119 -1467.6175
1061.4367 -1369.0033
859.6304 -1257.2688
682.2482 -1164.9041
549.8467 -1080.6310
418.7883 -1006.5347
310.1192 -931.0693
180.7950 -832.9357
42.2701 -722.7107
-94.4799 -611.2809
-218.9397 -498.7773
-321.8179 -430.1597
-393.0545 -372.7866
-453.4342 -315.3705
-503.0636 -258.0441
-553.1176 -222.7749
-592.7077 -187.7470
-622.3867 -164.1769
-641.7831 -141.0073
-650.9458 -118.2839
-669.6890 -83.9399
-687.2187 -27.3094
-703.3932 51.6082
-708.6847 141.1505
-684.0362 229.1120
-660.1584 305.9683
-567.4500 390.7274
-435.4493 519.1431
