384.0250 -884.9701
340.7286 -852.5668
297.7702 -831.1757
265.3669 -798.3775
232.9295 -754.3969
211.0694 -699.0945
189.2104 -632.6452
219.6988 -554.3799
239.4536 -476.2164
269.3378 -397.8352
341.0983 -362.9623
454.4351 -348.7410
577.8926 -333.2222
690.3133 -306.0069
756.6576 -191.0820
797.6270 -10.1695
816.9619 169.7040
836.5400 327.3847
854.2338 496.2549
867.2624 709.6806
902.6571 969.8073
951.2027 1242.8382
975.6599 1525.6392
1003.8029 1809.4163
1026.3059 2093.3034
1068.1150 2369.1020
1151.4780 2584.1549
1368.2857 2847.6620
1562.5992 3118.2200
1719.8311 3391.3990
1859.5472 3670.8501
