1639.3880 -1313.0247
1506.1579 -1291.3319
1394.2647 -1255.7804
1303.0403 -1195.6242
1156.2766 -1105.4467
998.7920 -992.6126
855.1934 -911.4196
746.5381 -872.1932
671.0950 -853.2346
594.6967 -800.5531
529.6516 -758.3153
454.6407 -727.2688
379.4015 -673.6349
305.0312 -641.9047
219.6988 -554.3799
176.9907 -477.0887
134.6743 -399.6856
92.8303 -333.2886
51.3045 -255.6568
10.1826 -144.5499
-20.2044 -33.3437
-39.9786 111.2548
-29.7028 233.5434
-19.6976 300.2417
-9.7870 378.0670
9.7242 455.9036
29.0088 522.6509
57.6294 600.5896
