-936.4464 -448.6647
-1027.7644 -409.0409
-1139.2977 -367.2028
-1249.3326 -313.2912
-1348.3183 -259.4098
-1446.5741 -204.7444
-1555.4570 -159.3305
-1684.0091 -110.5320
-1842.1164 -56.3937
-2010.8247 -9.9566
-2158.5411 35.5327
-2281.7518 101.8006
-2352.0859 171.7221
-2401.7355 238.5285
-2428.9190 313.1206
-2424.0092 393.4017
-2399.3049 469.9090
-2378.8247 523.9969
-2364.8328 544.5136
-2319.8056 570.7134
-2263.2116 606.4070
-2226.0151 645.7747
-2217.5495 690.4448
-2205.9015 699.8502
-2198.4893 686.9335
-2185.6655 649.9573
-2159.0132 633.6345
-2143.8920 607.9041
-2142.2722 561.5443
