-2886.3711 184.3202
-2859.4802 213.7606
-2810.5143 250.1798
-2764.0291 275.4403
-2727.5256 302.8749
-2688.8184 341.5837
-2640.4366 378.2923
-2597.4120 439.5170
-2556.8014 489.5474
-2504.3795 548.8332
-2385.6372 641.4482
-2265.9233 745.8335
-2212.0147 770.3538
-1924.9896 903.6724
-1677.6736 1070.1137
-1564.8677 1190.1033
-1500.1344 1249.0953
-1275.6434 1412.1385
-1046.5052 1600.1980
-757.8072 1786.7474
-500.7497 1937.1749
-321.4243 2029.4328
-138.4958 2113.7823
72.5538 2190.8436
263.5364 2261.2879
457.9228 2347.4928
