-174.8973 -1366.8263
-327.4078 -1331.2618
-479.4096 -1294.3386
-630.5429 -1244.9138
-770.5368 -1205.7241
-899.1813 -1165.9063
-1027.3287 -1125.0474
-1121.3400 -1063.0459
-1203.2615 -990.0554
-1284.4569 -916.5533
-1354.2636 -843.4424
-1424.2871 -781.0954
-1484.1231 -730.5292
-1542.5564 -668.4954
-1597.2681 -572.6301
-1619.8308 -479.8726
-1629.1146 -467.5622
-1702.7058 -368.7724
-1795.6008 -266.8821
-1897.1339 -162.7803
-1966.5428 -62.0193
-2016.1014 25.0985
-2053.0479 122.1710
-2069.6087 147.6331
-2074.4036 182.7503
-2082.6022 195.5023
-2088.2409 288.1346
-2062.1370 387.1515
-2022.4504 506.8648
-1969.3174 647.2586
-1899.1946 773.3712
-1809.0535 907.7332
-1710.7671 1040.9282
-1670.3832 1114.6137
-1650.2453 1179.9632
-1590.1585 1319.0269
-1539.7561 1402.5899
-1512.8926 1455.5153
-1486.1541 1508.4617
-1466.4324 1573.8023
-1453.5047 1651.5018
-1434.7415 1762.4564
-1441.3009 1922.8203
-1437.4388 2127.4336
-1367.8317 2275.9213
-1250.5662 2383.0004
-1124.2570 2466.9933
