-3249.8639 -195.4279
-3291.4019 -138.2088
-3297.1587 -65.3413
-3302.4739 7.5358
-3264.7227 81.9589
-3214.3590 165.1904
-3166.5655 237.0517
-3121.4078 297.5893
-3058.7020 389.5426
-2939.7766 503.6028
-2819.2230 629.1687
-2709.2084 757.1875
-2546.4662 861.7179
-2344.2424 935.5710
-2130.6436 986.3216
-1900.9864 1037.3058
-1668.4800 1068.7305
-1479.5314 1076.0760
-1230.7968 1124.7233
-1013.4496 1169.9485
-786.6795 1251.9172
-531.9611 1425.8332
-206.7692 1670.1008
58.3715 1934.9780
200.5946 2226.2168
336.3234 2408.6018
