4169.4443 -468.6874
4263.0080 -442.1724
4348.8059 -429.6451
4421.4076 -408.1033
4483.5568 -389.3101
4527.8351 -388.2637
4558.8790 -378.6581
4579.5640 -372.2118
4589.9033 -368.9758
4579.5640 -372.2118
4558.8790 -378.6581
4527.8351 -388.2637
4473.2038 -392.4634
4411.0421 -411.2060
4335.6692 -421.0833
4242.2298 -448.1228
4135.6020 -465.8174
3953.4784 -490.6596
3685.4463 -522.5209
3346.3134 -577.4198
3043.8386 -652.3415
2817.2605 -730.1576
2645.4129 -817.9365
2528.3082 -917.6236
2408.3460 -1004.7691
2236.4843 -1029.0170
2035.8812 -986.7020
1859.8615 -962.2851
1718.5478 -955.1802
1566.7442 -947.9446
1372.3803 -943.0268
1157.6027 -948.5396
951.8862 -917.1782
799.3301 -858.4860
658.7982 -809.1590
520.3856 -803.1724
