253.8024 -1577.2000
187.1427 -1522.4005
109.7035 -1445.1973
32.8107 -1378.7883
-32.7079 -1312.0711
-97.8081 -1245.1057
-162.3851 -1166.7679
-226.8251 -1121.5352
-301.5621 -1064.7318
-365.1058 -1007.8166
-427.4699 -917.2648
-478.5193 -826.7619
-519.0621 -758.6691
-548.6909 -690.8276
-578.0295 -622.9133
-605.8189 -521.5438
-623.6320 -442.7943
-640.7101 -352.8832
-667.7296 -262.4636
-664.7021 -195.6974
-671.7979 -128.4488
-668.6264 -61.6858
-674.9304 16.6965
-668.7938 139.0864
-651.4657 283.2187
-617.4496 370.7586
-554.6059 457.0314
-453.0658 564.3237
-305.2217 682.1675
-160.2089 812.8202
-27.9790 922.9533
64.7247 1012.0613
146.8024 1090.6842
209.6026 1158.4383
271.5088 1226.5640
332.1102 1306.1796
374.2794 1374.3925
399.0586 1419.8573
424.0829 1454.2706
457.1240 1500.2590
