-2367.9403 -941.8521
-2406.4857 -901.7431
-2444.8155 -861.4901
-2482.9266 -821.0926
-2510.2130 -782.2414
-2535.7480 -732.0268
-2557.7813 -659.1685
-2577.6879 -574.9481
-2577.9172 -505.5206
-2539.7824 -465.7975
-2473.9811 -453.7924
-2430.7329 -449.4040
-2357.9595 -461.1289
-2285.1327 -472.4820
-2191.4226 -486.5344
-2097.6313 -499.9765
-1993.3280 -514.1995
-1941.1421 -521.0304
-1908.5256 -513.8393
-1886.3708 -505.2784
-1865.5109 -507.8876
-1836.7051 -534.1333
-1807.7903 -560.3037
-1768.2856 -587.6203
-1735.6777 -580.0530
-1700.8140 -550.0564
-1663.7657 -497.6510
-1637.2377 -444.0669
-1610.7743 -390.4762
-1585.5225 -348.0485
-1569.4851 -293.3236
-1563.6946 -237.4872
-1536.2394 -172.7319
-1441.1181 -47.4972
-1300.5109 141.0055
-1132.1141 338.8495
-917.7187 556.7363
-691.8862 910.3601
-447.1319 1343.8305
