2724.1800 -1336.8050
2548.1810 -1351.8322
2383.0783 -1363.6047
2216.8570 -1362.5677
2026.8876 -1340.1018
1870.1571 -1312.2920
1691.2340 -1274.1906
1545.6058 -1231.5532
1433.8777 -1196.3160
1321.8036 -1149.2818
1242.5950 -1099.2482
1151.6426 -1027.3690
1073.2440 -976.7097
972.6637 -904.7619
894.6095 -842.2642
817.5528 -790.5934
751.9733 -749.2300
676.5683 -719.2195
591.2667 -700.4043
527.2487 -680.4340
442.6203 -671.9533
337.0294 -663.4900
199.8550 -643.6323
73.5340 -622.5159
-73.4349 -600.2766
-219.9995 -576.6210
-366.1433 -551.5428
-521.9299 -513.5514
-666.5916 -474.3734
-820.3634 -422.0364
-840.5108 -409.7351
-942.1147 -370.0417
-1073.3511 -316.1918
-1172.8745 -263.6015
-1280.9419 -198.1650
-1310.6043 -184.2088
-1377.8284 -132.7822
-1452.3774 -57.5919
-1470.2859 -33.1349
-1518.3627 -5.3211
-1573.7551 46.1734
-1582.5113 58.5043
-1617.3275 107.9101
-1634.6095 132.6624
-1708.6724 187.3523
-1743.9703 226.0543
-1777.4789 276.0508
-1803.9478 302.4702
-1830.2865 328.9628
-1889.2226 337.5030
-1915.3028 364.2140
-1990.1174 398.5710
-2035.3162 428.6825
-2125.0228 489.5124
-2177.1982 533.1038
-2263.2116 606.4070
-2288.5879 680.6448
-2297.0906 786.6403
-2332.7093 898.2991
-2358.0301 961.7172
-2364.3242 1021.3374
-2342.7246 1075.1134
-2283.7562 1167.6424
-2225.0989 1260.2087
-2082.2712 1440.0851
-1944.4172 1609.5783
-1853.8162 1696.0624
-1701.3651 1875.0164
-1460.0596 2096.8694
-1268.0208 2237.9059
-1059.0422 2322.7853
-825.2143 2397.9420
-570.6077 2421.3837
-325.2875 2474.9822
