594.9808 -1145.9219
487.3756 -1171.6480
379.2982 -1185.5452
249.5384 -1210.1980
119.5429 -1244.9679
0.0000 -1278.7434
-141.8824 -1333.7628
-262.3414 -1365.7346
-404.8439 -1385.2769
-557.9913 -1381.0798
-711.1035 -1375.5443
-853.2391 -1369.2038
-1005.7351 -1349.9322
-1157.4000 -1318.1387
-1275.9915 -1287.3963
-1361.6445 -1258.3970
-1444.7185 -1195.3976
-1506.4338 -1145.0177
-1566.0159 -1071.9777
-1640.6673 -929.3568
-1725.2514 -796.1859
-1778.7391 -688.3472
-1824.3104 -615.0237
-1870.5647 -552.6754
-1924.1193 -466.3689
-1956.1421 -382.5197
-1968.3785 -312.5436
-1964.0973 -278.9507
-1961.2236 -256.5580
-1958.3344 -234.1674
-1953.9713 -200.5855
-1937.6737 -77.4930
-1914.6912 90.2550
-1857.9894 275.9451
-1752.4540 454.6032
-1617.9688 640.7720
-1464.1545 847.5032
-1326.0564 1034.1440
-1205.7455 1178.2907
-1111.0816 1280.7110
-1039.5016 1352.1447
-959.9518 1423.1249
-880.3605 1505.7095
-783.6007 1598.5200
-672.3269 1679.7961
-553.7693 1772.8055
-421.4659 1855.2352
-268.3054 1894.1594
-91.9848 1913.0091
116.5747 1946.6481
330.6184 2007.4939
548.6971 2084.9754
