3025.2589 -362.5717
2814.4280 -381.2011
2603.6480 -396.8340
2399.9858 -385.3140
2214.5284 -345.6474
2050.7480 -301.0964
1887.9816 -255.0154
1726.2687 -207.3883
1554.2677 -148.1666
1362.3388 -78.0173
1160.3702 15.8365
1001.8786 104.0383
865.2261 195.1286
750.0667 288.5536
656.6178 372.7166
591.8379 492.1815
540.8006 545.5843
498.8233 621.8033
456.8565 709.2580
434.3044 797.5108
430.2654 897.5940
444.6675 998.3887
476.4269 1111.1062
550.5815 1259.5204
647.8527 1421.2792
748.8512 1595.8521
877.8321 1785.7863
1084.1698 1976.0433
1297.9079 2208.2374
1645.8393 2498.1935
2108.2240 2844.3977
