-2192.3112 -1228.8659
-2220.1345 -1179.6322
-2236.9318 -1131.7523
-2265.5952 -1093.6275
-2292.8091 -1044.1586
-2319.7925 -994.6019
-2346.5421 -944.9575
-2382.3107 -882.3839
-2417.6832 -819.6563
-2452.6521 -756.7751
-2497.7588 -692.0467
-2540.7283 -615.8117
-2581.3522 -528.0660
-2619.3989 -428.8105
-2634.0019 -321.8110
-2627.2883 -218.5493
-2620.0087 -115.3369
-2600.0521 -2.8525
-2579.5734 109.5337
-2530.9342 204.8300
-2472.4831 298.1854
-2416.3467 380.3383
-2352.8249 449.4980
-2260.6396 513.4418
-2225.4842 541.7161
-2159.5371 576.0916
-2034.3954 612.1130
-1890.9469 646.1917
-1737.7291 623.2448
-1576.1083 589.9003
-1415.2003 547.6594
-1272.7489 509.6277
-1150.0348 463.9695
-1045.9743 421.2180
-951.0074 380.1278
-865.2466 340.4666
-770.4603 278.5839
-664.8024 216.9666
-546.7523 189.2327
-398.0336 172.7768
-198.1836 223.8886
97.7799 389.5592
479.6486 621.0312
