433.7140 -1195.3707
303.6142 -1198.1945
162.5658 -1189.0083
10.8319 -1178.6644
-151.4750 -1155.7484
-345.8220 -1130.6281
-539.6861 -1103.2378
-689.9409 -1075.4077
-872.0668 -1044.5111
-1074.5117 -999.0069
-1286.7690 -950.0355
-1456.2107 -913.2151
-1611.4608 -842.0340
-1783.2950 -733.1248
-1934.3318 -646.9540
-2031.4433 -566.0704
-2128.9039 -495.5635
-2200.0748 -393.6589
-2276.4451 -336.0930
-2338.5160 -257.2005
-2377.5229 -170.0995
-2403.7308 -73.3108
-2431.0007 12.3823
-2433.6025 116.9965
-2437.5233 210.3862
-2436.6650 326.1857
-2446.8495 432.6411
-2456.1209 539.1217
-2481.2577 660.7227
-2528.2762 810.8833
-2534.5629 870.8287
-2558.0038 981.6802
-2594.4034 1190.4219
