4167.8987 -185.3329
4110.3580 -263.7822
4049.2690 -330.2142
3977.1589 -398.9616
3901.8018 -455.5816
3815.4621 -514.2504
3726.1757 -560.6971
3625.9659 -608.9208
3535.8033 -653.8691
3443.1334 -686.6885
3360.7743 -716.5696
3276.2265 -734.5265
3179.0830 -742.7557
3071.3674 -752.4693
2951.2711 -752.1032
2797.8358 -745.2694
2621.9266 -729.3562
2402.7839 -707.0223
2163.4279 -684.9216
1914.5325 -660.7891
1686.6352 -619.4942
1491.5033 -572.1141
1297.6017 -522.5124
1104.2126 -459.5209
934.4555 -415.2523
776.6318 -379.7566
620.0542 -353.7762
464.4196 -337.2916
309.4137 -330.2893
154.6013 -321.6414
0.0000 -300.2267
-143.9741 -288.3879
-277.4447 -275.3107
-400.4268 -261.2791
-502.3054 -235.7957
-604.3036 -220.6937
-716.3392 -204.3362
-827.5221 -175.9456
-947.7484 -134.8246
-1057.1675 -93.3834
-1176.0840 -50.1562
-1304.3851 -4.8637
-1431.9019 41.7340
-1567.3306 101.9681
-1691.6370 162.4689
-1791.9602 243.9121
-1866.2983 356.9568
-1937.0252 481.8233
-1967.1980 601.0741
-1982.7318 683.8600
-1974.8109 785.8083
-1990.3564 914.8195
-1991.4360 961.0049
-1944.3310 1159.7517
-1858.0094 1316.9446
-1748.2723 1458.6196
-1592.9268 1615.9803
-1369.6251 1787.0425
-1145.4314 1960.8910
-866.1521 2188.6687
-601.8083 2423.5882
-378.0985 2633.2587
-220.9391 2794.2173
-64.8230 2924.7174
77.8572 3024.9309
208.9354 3116.5954
330.1088 3188.1487
442.1819 3250.3098
552.7908 3303.2785
670.7417 3336.6580
800.8815 3328.7600
936.4058 3335.4093
1074.2900 3333.8429
1219.4084 3336.3854
1415.2736 3364.4232
