4509.9428 -593.7853
4309.9714 -700.5880
4110.3248 -815.3287
3904.1013 -903.3012
3698.4054 -999.3608
3543.0037 -1069.1470
3321.8119 -1149.9297
3096.0700 -1204.3593
2925.4377 -1257.6615
2741.8626 -1299.3669
2526.3364 -1354.9989
2308.8616 -1396.3782
2090.8618 -1434.8788
1925.3874 -1442.2370
1759.0722 -1436.8612
1592.9537 -1429.9967
1427.0450 -1421.6414
1234.3739 -1324.0433
1132.5883 -1263.8043
953.8301 -1174.0818
754.1512 -1061.4633
545.6501 -935.9792
371.4985 -796.2391
285.8632 -753.5213
211.0694 -699.0945
115.3971 -600.0168
52.1301 -500.2871
10.3820 -433.6572
-31.0342 -378.0304
-82.3942 -311.1116
-123.0367 -244.0996
-163.2973 -176.9677
-213.3243 -109.5633
-292.7056 -19.1156
-361.2683 60.4256
-439.3141 129.5449
-516.5010 199.1541
-603.7372 247.4612
-690.9111 285.2622
-776.8733 334.8092
-883.2924 364.0648
-999.9266 383.8798
-1155.3123 408.2977
-1268.9276 452.9556
-1403.7245 478.6185
-1549.2049 495.8511
-1691.3168 537.1180
-1774.8626 571.6442
-1873.5990 632.0615
-1925.5021 674.5480
-1990.3429 696.5943
-2054.9798 719.0291
-2147.8564 746.9722
-2212.0147 770.3538
-2249.8420 777.5129
-2294.8327 797.8028
-2335.0431 840.6170
-2358.3534 915.1786
-2358.0301 961.7172
-2337.0382 969.0257
-2320.8524 954.0651
-2190.7843 974.6606
-2082.1050 988.8251
-1956.2973 1046.8473
-1829.7778 1117.0754
-1642.9831 1167.4669
-1386.9566 1267.8523
-1188.3141 1390.5020
-1014.4629 1495.7399
-691.6908 1759.3910
-380.1791 2009.4237
-137.2501 2180.4963
78.9981 2335.4651
338.4989 2520.0705
600.2828 2691.7989
