-2283.8750 -1159.7283
-2208.1114 -1169.7932
-2131.1570 -1168.2625
-2065.0712 -1165.0808
-2009.8499 -1160.3729
-1984.9380 -1129.2546
-1969.7473 -1085.6327
-1953.4302 -1030.7997
-1937.0817 -975.9814
-1908.8799 -911.2311
-1868.9147 -836.5367
-1818.4549 -763.0678
-1769.3300 -700.7465
-1732.0500 -648.3711
-1705.3774 -594.7942
-1689.2135 -540.0467
-1684.6125 -495.3195
-1723.9178 -468.1998
-1766.7513 -474.5093
-1812.1101 -503.0885
-1869.3068 -541.4778
-1937.1906 -578.3915
-2015.8271 -613.7095
-2094.7562 -648.7264
-2173.9712 -683.4458
-2244.3118 -730.6366
-2305.7425 -790.4495
-2378.0408 -848.5918
-2449.1773 -895.3102
-2520.5580 -941.8618
-2602.8984 -986.5507
-2694.7543 -1017.9344
-2814.4319 -1009.4886
-2941.5356 -975.5511
-3064.8114 -917.7498
-3187.3854 -858.7421
