-961.9126 -525.3103
-1039.6075 -430.5972
-1115.3747 -324.2222
-1199.1567 -205.3163
-1303.5552 -106.1567
-1353.6921 11.1883
-1402.5389 128.8314
-1450.0552 246.7684
-1470.7118 328.1411
-1451.7864 405.0409
-1388.8510 522.0912
-1257.0825 654.3751
-1100.4507 773.8465
-958.1209 873.4893
-797.0560 1006.6314
-539.2963 1136.2989
-269.2956 1304.3989
-70.3533 1490.2565
112.7379 1612.9674
250.1636 1659.9826
386.0778 1708.9252
504.0613 1747.7688
606.4377 1753.6543
727.7162 1739.6736
852.8626 1693.8574
984.1861 1683.7383
1107.3711 1674.3713
1210.6063 1686.5776
1313.6229 1756.5363
