-2313.4940 -766.3930
-2321.1991 -742.3268
-2339.4214 -716.6693
-2389.2039 -686.1329
-2438.8021 -655.3877
-2486.6057 -613.1664
-2534.1239 -570.7261
-2536.1912 -512.6292
-2517.2657 -458.0689
-2487.9275 -405.2878
-2448.2849 -354.2563
-2400.1582 -316.1603
-2341.9062 -279.6638
-2263.3552 -246.2885
-2166.2499 -226.9447
-2054.6025 -174.9183
-1940.6719 -99.8687
-1827.6809 -24.2054
-1775.8845 59.8626
-1767.1785 126.8814
-1802.5977 165.7408
-1852.3504 172.6092
-1905.2534 157.3197
-1961.5151 119.8479
-2018.0240 82.5346
-2073.1106 56.5701
-2130.0754 19.5740
