-2558.2039 -312.2065
-2602.2271 -257.9607
-2643.8843 -192.2299
-2678.7971 -150.7450
-2703.2892 -111.0908
-2725.5020 -60.0936
-2753.7581 -42.8039
-2783.4221 21.6708
-2804.7905 72.9337
-2825.8517 124.2737
-2824.4117 182.6771
-2812.8449 238.9324
-2759.3873 297.9174
-2689.3495 388.5485
-2568.7952 480.3379
-2348.6873 576.2142
-2197.3088 640.5244
-2080.0101 688.8491
-1760.1835 854.4982
-1444.3412 1060.1192
-1152.7417 1386.5075
-783.0942 1699.2176
-457.7634 1957.2484
-121.6553 2146.9014
274.2270 2395.1940
