182.2382 -977.4997
139.0250 -933.4421
85.2932 -878.2143
21.2437 -811.7098
-84.5949 -733.6585
-178.9376 -655.0117
-262.0788 -587.0771
-354.4545 -496.1817
-445.7227 -404.6765
-526.3177 -335.1820
-616.3976 -264.7614
-715.2436 -182.0786
-793.8241 -122.0537
-900.6274 -37.3176
-1006.8527 37.2277
-1063.6355 86.3863
-1119.9602 135.8288
-1185.7566 186.4449
-1242.1728 225.3630
-1288.3518 263.5821
-1334.2266 301.9992
-1372.4012 317.2746
-1427.5965 357.1392
-1490.8403 409.5811
-1553.4861 462.4125
-1615.5232 515.6336
-1678.5172 558.0963
-1741.0368 600.9478
-1803.0748 644.1885
-1883.6828 690.7988
-1969.2526 761.9275
-2034.8042 830.5520
-2068.2568 859.4799
-2172.2222 971.0877
-2255.1652 1080.2654
-2326.7013 1188.4110
-2387.0762 1295.2678
-2433.7301 1411.7128
-2451.9126 1557.5506
-2450.4542 1699.1079
-2378.6341 1858.6186
-2203.5451 2039.5303
-1952.0852 2203.4778
-1669.3884 2329.6315
-1344.5980 2397.6042
-939.4882 2432.5634
-452.0438 2436.3890
93.2746 2446.8190
549.8349 2576.3486
