-1866.0664 1019.9703
-1766.0614 1049.5303
-1685.0387 1082.6305
-1626.3839 1096.6512
-1567.9156 1110.9493
-1509.6363 1125.5246
-1451.5484 1140.3771
-1375.4239 1153.1984
-1310.1195 1156.4822
-1188.8948 1165.1721
-1068.0411 1175.1629
-883.9590 1181.0929
-700.4225 1190.0855
-563.4866 1193.2751
-418.6426 1175.5876
-321.0906 1094.3657
-259.1570 1003.7335
-260.8353 937.0155
-299.9832 871.2079
-337.4701 872.2404
-355.4654 895.0423
-344.2829 950.3570
-295.5260 1026.8845
-229.3680 1092.0860
-135.7665 1224.0003
17.6758 1445.5512
213.9637 1725.8803
