-805.2581 -1259.9037
-920.3176 -1153.5981
-1035.1839 -1068.6448
-1127.5002 -984.2496
-1198.2463 -911.9662
-1247.8302 -852.1226
-1285.5890 -781.7805
-1354.6026 -708.5734
-1383.5785 -672.2911
-1413.3302 -647.0981
-1443.9359 -632.9989
-1473.5116 -607.6615
-1589.9763 -607.2568
-1628.9201 -682.2063
-1662.6887 -701.2140
-1714.3440 -684.2872
-1800.9876 -697.1079
-1820.9169 -683.4481
-1872.4111 -665.9571
-1942.3130 -623.2138
-2019.6266 -556.2573
-2097.6313 -499.9765
-2173.5371 -431.9399
-2240.6858 -307.2313
-2318.0186 -191.5051
-2365.0029 -91.5063
-2400.0363 -50.8573
-2473.4834 66.3695
-2558.5734 221.8203
-2652.5158 369.1071
-2726.2859 502.1160
-2826.1893 642.6131
-2925.5167 773.2926
-2951.9424 827.5674
-3000.0769 911.6450
-3056.2368 1034.6782
-3107.4173 1133.3549
-3120.7716 1221.9353
-3136.5838 1299.4142
-3119.4212 1355.1234
-3137.5433 1421.4777
-3142.8590 1435.2976
-3135.7550 1457.5412
-3098.6640 1482.8327
-3019.5768 1519.8705
-2875.0462 1646.9174
-2659.1539 1862.1393
-2435.0676 2003.8960
-2190.7429 2177.8610
-1929.0336 2291.6731
