4129.4873 -1029.7375
3976.8006 -1054.9452
3824.0027 -1078.6998
3669.1764 -1089.5009
3516.2729 -1110.4178
3363.2927 -1129.9135
3221.0598 -1145.9369
3078.7900 -1160.7543
2925.6638 -1176.2441
2772.5036 -1190.3462
2617.9366 -1191.7547
2452.6734 -1193.4024
2287.5636 -1193.5202
2121.4781 -1180.8658
1955.7353 -1166.7225
1801.1679 -1149.9325
1646.9577 -1131.8422
1492.2803 -1101.2670
1348.1438 -1057.3647
1213.2719 -978.1065
1078.7571 -886.8134
945.4332 -794.6246
845.0238 -699.8236
777.5739 -614.0742
722.1301 -549.8681
667.5249 -496.6310
623.1891 -431.6669
577.8926 -333.2222
542.0528 -200.9192
515.5074 -34.8239
499.6151 120.5290
494.4935 254.0040
490.1129 365.2290
486.5347 454.2061
481.9696 565.4238
475.8816 710.0008
468.6411 876.8117
469.3520 1066.2363
497.6262 1234.6377
560.5708 1393.8807
655.7327 1555.7965
772.4690 1720.7564
927.1051 1880.2624
1083.1396 2043.5937
1237.8520 2222.1982
1391.5361 2405.3111
1543.1396 2593.2461
1688.5747 2797.2614
