-3677.8584 336.0477
-3685.8239 423.9895
-3680.1665 520.3980
-3660.8798 625.1445
-3606.0984 706.8736
-3538.9613 760.2639
-3453.2362 808.1597
-3336.5949 859.4248
-3230.1873 877.7026
-3124.0029 860.5801
-3030.0868 835.6865
-2980.1620 834.7525
-2942.5317 825.1887
-2848.3108 801.8527
-2772.7893 783.7716
-2675.6342 773.0884
-2580.9686 752.0223
-2483.7328 742.9382
-2388.8132 723.4737
-2310.5354 719.6455
-2251.3144 719.8951
-2222.7973 714.5428
-2161.5381 726.3749
-2088.9084 747.9614
-2005.1297 779.4517
-1901.0558 819.4813
-1786.5163 869.9427
-1652.6039 929.7272
-1538.6476 993.2865
-1438.2469 1036.6818
-1349.3273 1070.8248
-1289.9085 1097.6370
-1239.9392 1125.7501
-1200.6871 1143.9292
