321.9670 -997.5934
139.4427 -989.0420
53.6004 -978.4287
-32.1603 -978.4850
-117.9201 -978.0909
-225.3834 -999.2063
-332.8947 -1008.5013
-429.0157 -984.0090
-535.9195 -969.7156
-652.9871 -943.1541
-757.1959 -871.6929
-838.2384 -778.3442
-908.3369 -696.2482
-956.6516 -615.0889
-1009.8907 -455.0344
-1061.4835 -294.6689
-1094.3694 -180.1601
-1143.9134 -30.4272
-1163.7383 94.6846
-1109.4739 258.3361
-1094.7774 313.1738
-1043.0984 454.6126
-999.5374 507.0886
-915.0913 590.1176
-843.6911 640.8936
-780.8498 714.8965
-697.6729 821.3869
-589.7653 893.5120
-471.9295 1010.6373
-409.5465 1175.2417
-377.4152 1296.5605
-368.8040 1507.8152
-409.0430 1587.3266
-447.2687 1689.2542
-508.4564 1814.9108
-543.1904 1928.4059
-610.3713 2033.1058
-639.5528 2079.8199
-469.4408 2169.6867
-320.8973 2229.8290
63.1989 2335.3324
