3670.9589 -670.2258
3554.6571 -637.5833
3417.7601 -609.0912
3289.7282 -566.0731
3160.1911 -511.0231
3027.2540 -432.6708
2893.1461 -342.4543
2768.2540 -238.4335
2650.4875 -109.5800
2541.6730 32.6073
2457.3581 214.0835
2374.3958 441.9692
2300.3140 671.2958
2229.3413 831.5045
2158.1105 945.2581
2082.5879 1035.0889
2012.0942 1102.8634
1933.0889 1169.2576
1840.8658 1210.6556
1731.3137 1249.7422
1604.6756 1287.0364
1486.3173 1338.0125
1275.6434 1412.1385
1109.0912 1449.3123
984.4182 1526.4865
915.3612 1677.0706
906.9507 1754.8317
903.1573 1866.7036
908.4841 1968.2677
914.5248 2058.7317
934.8392 2161.9978
