-574.6308 -1191.1853
-725.5434 -1163.0994
-865.2537 -1134.1856
-1015.3779 -1103.4127
-1164.4083 -1060.0772
-1313.5724 -1026.4681
-1461.4181 -980.2537
-1595.9863 -911.2651
-1729.5207 -840.9555
-1853.6994 -792.9653
-1966.6677 -745.1892
-2084.2347 -650.1544
-2183.9626 -510.5096
-2300.3333 -355.3094
-2382.8176 -203.7941
-2433.2238 -125.9364
-2456.2521 -75.6549
-2480.9147 -36.5276
-2495.2962 0.8339
-2485.4878 56.9843
-2475.5542 113.1119
-2465.4953 169.2165
-2455.3113 225.2979
-2435.1380 279.4991
-2414.9266 333.6777
-2394.6787 387.8342
-2364.6597 440.1341
-2350.7229 460.6881
-2338.9042 470.0563
-2329.1909 468.2432
-2309.7600 464.6408
