3148.4278 -889.9310
2960.0420 -878.8904
2752.4487 -880.9047
2531.5045 -859.5200
2326.2066 -867.6827
2119.7882 -862.0497
1936.2558 -862.5534
1740.1594 -839.7972
1534.1224 -815.8559
1338.6002 -777.3664
1154.6327 -735.8835
972.2692 -703.5541
800.7025 -657.5267
639.7603 -587.0186
479.8557 -503.8200
362.8154 -406.9534
226.7438 -320.6924
102.4534 -233.1417
-20.3810 -155.6583
-101.3452 -77.4660
-161.1080 12.0714
-190.0515 101.4224
-228.6969 179.8910
-227.1121 268.8526
-245.1033 358.1748
-282.2392 447.9503
-328.1006 549.2230
-392.5805 640.1734
-485.3937 710.3836
-586.4449 781.8257
-695.5143 854.7526
-821.6897 930.1059
-938.7827 983.9443
-1044.3224 1049.3350
-1138.0563 1125.9992
-1162.8782 1151.1111
-1174.4649 1208.6581
-1170.4438 1242.0107
-1145.7258 1295.6399
-1095.6481 1335.3552
-1029.3480 1362.3798
-954.5429 1388.9635
-883.3759 1382.6938
-796.2546 1353.3117
-727.4004 1314.7892
-704.6199 1257.3861
-680.6976 1211.1666
-673.9401 1177.2434
-685.3566 1144.4528
-722.6639 1135.6771
-746.6770 1181.9913
-751.4472 1238.2118
-700.5049 1312.9756
-620.5085 1430.7674
-532.1248 1570.8156
-282.0354 1738.7484
16.6540 1945.9289
339.5181 2174.8557
716.3678 2455.1051
1047.7982 2739.5478
1406.8485 3004.4138
1666.9489 3377.5195
1671.3706 3674.7019
1769.4892 3944.6468
1979.1078 4205.4411
2269.0326 4398.4596
2571.3817 4561.9421
2880.0467 4764.6537
3027.6967 5127.1711
