4060.5177 -105.6183
3958.8659 -134.7844
3806.0053 -176.9699
3673.1709 -212.0274
3550.2759 -243.1616
3396.2993 -280.4388
3241.9458 -315.9106
3087.2371 -349.5948
2932.1943 -381.5080
2780.6225 -434.2533
2630.0483 -496.4632
2478.4934 -556.8465
2324.4779 -604.1772
2166.9735 -627.2923
2009.2570 -648.7287
1851.3456 -668.4968
1693.2556 -686.6062
1482.2197 -708.1872
1270.9334 -726.8535
1059.4339 -742.6212
847.7577 -755.5037
686.6869 -707.6269
526.5528 -658.1826
367.3910 -607.1549
209.2376 -554.5282
52.1301 -500.2871
-103.8931 -444.4163
-258.7928 -386.9005
-412.5283 -327.7250
