-632.3456 -966.2599
-673.1615 -908.8868
-746.0772 -861.0602
-819.0981 -823.9995
-890.6744 -764.2955
-885.4905 -664.0569
-891.8430 -585.4881
-899.2512 -529.1847
-907.1767 -484.0092
-902.0528 -394.9185
-907.1100 -305.1922
-942.6252 -213.4575
-936.8431 -124.3744
-920.8366 -35.9796
-898.4564 -3.9192
-887.6565 6.5543
-876.8707 17.0347
-825.1912 36.1488
-783.0489 67.1513
-689.9019 117.8505
-586.4903 190.9402
-502.6035 298.8739
-486.5347 454.2061
-462.2570 575.8042
-448.2345 686.6561
-463.5583 776.3507
-508.7419 822.7881
-535.8753 846.2939
-582.2358 859.6744
-636.5221 896.0008
-690.4243 932.6025
-706.0368 978.2269
-730.6971 1024.4781
-743.4174 1103.5362
-679.1322 1233.4038
-585.0953 1428.7024
