754.5860 -1072.5974
581.5080 -1057.2743
397.7831 -1029.3155
214.5241 -988.2297
53.4392 -922.8308
-95.8359 -855.9146
-233.3769 -787.7592
-359.7334 -740.8725
-465.2109 -726.9572
-570.5308 -712.3204
-697.2449 -707.1571
-834.4704 -700.3943
-993.3795 -702.2189
-1152.3997 -702.4325
-1322.0693 -700.1389
-1491.8148 -696.0062
-1660.5435 -678.8461
-1829.0907 -659.8095
-1976.4051 -641.6048
-2122.1640 -610.7235
-2279.5125 -588.0247
-2445.4857 -550.6925
-2602.2376 -524.4710
-2756.8849 -485.2384
-2890.2400 -448.2976
-3021.1158 -398.6836
-3149.1619 -336.3345
-3276.2922 -272.5478
-3407.2960 -230.0571
-3542.8097 -208.9597
-3680.8147 -197.9559
-3821.5683 -197.1146
-3952.3355 -197.8892
