2677.6023 891.3780
2601.8204 791.8023
2531.3406 706.2251
2461.7868 610.1194
2388.4922 525.8597
2319.4762 466.4381
2259.4677 409.2829
2196.8900 363.7171
2133.8305 318.5525
2068.5219 284.9693
1991.3019 261.4424
1925.3949 228.7001
1847.6848 206.1224
1778.2039 196.5490
1698.7354 186.0692
1629.1486 177.3019
1565.4899 203.5523
1530.4708 244.6551
1512.6719 310.4034
1505.9974 366.1471
1529.8794 414.2441
1564.6340 452.4746
1626.7048 505.7504
1713.8390 585.7206
1826.4896 681.9525
1938.9312 768.3788
2042.1596 843.3462
2167.4155 947.0243
2299.1942 1054.3787
2437.1042 1165.7887
2550.8908 1286.2759
2652.4303 1406.2167
2723.5340 1556.1631
2771.6885 1677.5227
2822.2022 1812.8941
2883.6502 2014.2752
2973.9387 2241.0825
3067.3716 2436.8522
3164.5032 2626.6058
3273.5486 2866.5404
3391.3574 3147.2651
3521.2744 3491.3483
3618.9803 3765.4598
3700.9532 4046.0138
