-1707.9953 880.8874
-1702.1085 857.2340
-1705.5709 834.9596
-1726.1213 826.5900
-1754.3491 830.8011
-1782.5657 835.0824
-1807.1007 861.7138
-1823.9532 932.9645
-1819.8560 1012.3927
-1825.2122 1036.1546
-1815.4205 1091.7981
-1783.3388 1166.6774
-1742.3127 1240.0861
-1692.5574 1312.0974
-1596.7965 1388.4062
-1475.7851 1461.4867
-1302.3367 1539.8818
-1121.7536 1630.9233
-900.8147 1731.8172
-637.1020 1800.3116
-294.6774 1861.5601
33.0704 2001.5713
401.0591 2233.1640
775.8841 2482.9374
1206.6463 2706.0403
1607.7187 2953.8016
1991.4672 3181.6614
2164.3392 3344.3356
