1845.4387 -1156.4638
1673.1645 -1185.6820
1489.6941 -1214.0130
1284.1390 -1241.9293
1034.1260 -1258.8221
773.0459 -1272.5374
500.9286 -1282.5943
228.8281 -1299.4695
10.8968 -1300.9790
-152.3913 -1278.0698
-347.9319 -1252.9778
-608.1465 -1223.4410
-867.6652 -1189.8823
-1127.6756 -1174.5728
-1376.6390 -1156.1207
-1614.5376 -1134.9888
-1798.1798 -1116.3132
-1992.4208 -1094.2949
-2175.6564 -1071.3664
-2358.6623 -1046.3503
-2549.2673 -994.9818
-2725.2264 -920.2940
-2898.1785 -831.9175
-3058.9230 -743.1770
-3138.4926 -633.3258
-3222.7610 -497.7121
-3253.0784 -372.7071
-3288.8616 -281.5622
-3399.4433 -243.8753
-3563.2624 -203.8421
-3654.9752 -132.1093
-3700.4735 -95.8979
-3709.9181 -44.8258
-3716.3265 17.6782
-3769.5549 105.5587
-3844.5475 188.2763
-3925.1131 286.1448
-3938.5019 314.9544
