-2937.0917 -731.4121
-2950.9211 -682.0698
-2953.1741 -564.6953
-2948.5723 -413.3823
-2998.1514 -274.1557
-3058.1565 -143.5794
-3075.7998 -21.5361
-3072.1287 95.9981
-3057.5750 211.1559
-3002.8990 316.9550
-2953.5489 352.8629
-2862.7811 344.0400
-2766.8988 311.2632
-2690.3935 283.3834
-2603.7546 254.0460
-2514.7288 236.5837
-2478.7776 264.5497
-2452.7795 294.4305
-2456.3185 329.9290
-2471.6961 356.1184
-2510.9016 363.7688
-2589.2382 379.4509
-2733.4553 421.4555
-2874.4761 476.5207
-3013.3323 580.7635
-3127.6919 693.4209
-3230.0054 805.1347
-3326.5651 929.4921
-3332.6134 943.4310
-3432.8320 1046.8618
