3411.9448 -883.3975
3285.0892 -850.7572
3117.9913 -837.1937
2901.6130 -854.5952
2677.7861 -893.5090
2474.8760 -925.8841
2293.0308 -952.5927
2132.3676 -974.4021
1971.5221 -994.5758
1819.1386 -989.5271
1746.5024 -906.9677
1624.0880 -863.3232
1513.8106 -829.0715
1403.9613 -794.1637
1336.0539 -743.8811
1297.5720 -657.2881
1259.2595 -570.6728
1210.7127 -484.8805
1162.4735 -399.0170
1143.7692 -288.3757
1125.8501 -188.8966
1127.2866 -76.6577
1149.3707 26.1237
1158.8832 150.3833
1186.4293 287.5921
1252.9024 417.5920
1298.1281 546.0498
1393.5327 646.7943
1496.4563 749.6809
1633.5945 801.9224
1760.1835 854.4982
1934.3320 905.2412
2102.8297 981.1159
2251.0031 1009.7045
2349.4138 1088.1966
2465.4348 1207.3964
2521.5793 1326.4689
2534.1009 1424.0081
2551.7450 1463.8780
2572.3768 1457.1818
2548.8550 1439.4757
2537.0294 1412.8990
2542.8693 1390.6765
2554.6800 1381.7397
2572.4723 1386.1172
2584.3141 1377.2036
