417.8841 -1496.2655
330.2416 -1520.3450
264.3264 -1532.5566
198.2473 -1533.4034
143.1797 -1533.9243
88.1538 -1545.3968
0.0000 -1545.6116
-99.1730 -1545.3397
-220.3809 -1544.2690
-352.4273 -1531.0509
-484.3290 -1516.8588
-626.7684 -1490.1768
-769.2698 -1473.4676
-911.1316 -1444.4563
-1052.6507 -1414.2643
-1182.8757 -1383.6218
-1312.7656 -1351.9547
-1432.1477 -1331.3332
-1561.4275 -1297.6872
-1701.2170 -1261.9196
-1840.5896 -1224.9133
-1989.2879 -1174.1615
-2115.7033 -1124.6556
-2219.9801 -1076.9203
-2302.2641 -1031.4030
-2384.1481 -985.3617
-2474.8760 -925.8841
-2584.7409 -851.0018
-2684.6514 -788.1909
-2792.6575 -711.3237
-2889.1042 -635.3798
-2995.0332 -556.4808
-3089.4402 -478.6655
-3195.3218 -409.0584
-3289.9341 -340.7191
-3375.7401 -285.2723
-3440.4399 -234.0609
-3486.7143 -198.8346
-3540.4126 -149.4280
-3596.2988 -111.0832
-3659.3404 -58.3344
-3711.7898 -7.8725
-3763.7976 42.9262
-3822.4469 108.3238
-3880.3848 174.1835
