-3304.8194 -51.5820
-3352.8628 -28.0176
-3390.4618 41.1525
-3447.4083 115.6880
-3478.0729 208.0895
-3513.4569 278.0271
-3525.6179 354.0866
-3528.1549 464.1394
-3497.6142 577.1675
-3440.8882 670.4823
-3390.3899 741.1590
-3305.2007 753.4645
-3216.8367 741.2072
-3137.9539 732.1135
-3068.5796 725.9842
-2986.9172 729.0754
-2917.6524 723.7834
-2838.9131 716.6139
-2767.0858 723.3586
-2657.4202 721.9330
-2557.4352 723.4954
-2436.2940 733.1060
-2341.7212 760.5882
-2289.8874 773.6359
-2257.0758 790.4836
-2196.7213 848.4517
-2138.9241 895.4218
-2081.4676 942.5570
-1952.2232 965.6914
-1799.4503 1020.5476
-1618.9777 1084.1824
-1384.5747 1086.4710
-1102.7061 1111.1568
