1760.6541 729.1149
1641.7627 746.2300
1523.3676 764.4429
1405.4841 783.7530
1286.8204 815.2889
1178.3065 848.8639
1079.8714 884.2269
1011.1534 911.6558
970.7261 941.7967
948.0540 984.7173
924.4993 1038.7860
890.9319 1103.2578
838.4972 1177.4949
776.7528 1262.3768
715.0292 1358.6461
644.6841 1465.7459
574.2204 1595.4527
497.5106 1713.9793
424.9397 1788.5359
331.5030 1784.8485
205.9532 1703.4577
60.8625 1590.2749
-87.8314 1501.5123
-193.2184 1502.9666
-262.8035 1526.7800
-305.0396 1572.4851
-346.8127 1618.3770
-388.6236 1653.3372
-430.0793 1688.4838
-462.0008 1734.5212
-467.3958 1790.5137
-452.6293 1901.2624
-407.1890 2122.0145
-355.3697 2342.5578
-305.6701 2563.3067
-255.8529 2839.8434
-208.0867 3138.8277
-163.2766 3449.1472
-121.5363 3781.9188
-68.1861 4059.0635
0.0000 4281.0106
102.0665 4448.9447
246.4707 4565.9563
432.0205 4658.9607
