4302.8078 -825.7019
4140.8822 -856.2363
3978.7860 -885.0492
3825.0794 -898.1024
3682.1064 -907.3284
3539.2120 -915.3628
3353.6510 -931.1106
3128.8922 -905.4706
2924.6263 -862.0600
2732.0235 -814.8476
2540.4585 -765.8652
2363.5081 -735.9948
2197.8523 -702.9418
2043.4587 -667.0098
1889.7774 -629.7802
1714.7210 -582.4312
1508.3518 -525.3623
1324.3287 -463.9916
1140.9380 -389.4942
958.5798 -301.8692
777.0881 -189.9749
628.1321 -63.5854
481.6461 64.1821
336.3001 248.9632
203.2442 513.1620
122.6404 801.2455
82.3015 1123.3780
159.4664 1424.5254
463.2309 1712.2881
792.1627 1957.5380
1296.0874 2264.8005
1779.3963 2666.2358
2187.4526 3108.5697
2410.4196 3620.6384
2356.2529 4111.0301
