-729.3237 1169.6396
-720.9733 1280.8239
-666.3846 1411.2863
-571.9936 1494.9079
-461.2208 1589.5971
-300.3190 1705.9063
-170.0309 1780.6273
-16.8419 1856.9729
100.2054 1924.2147
256.2560 2005.1044
409.0072 2088.6687
542.1811 2173.8695
705.2221 2252.6069
854.1364 2355.9203
980.0008 2425.9927
1086.1084 2507.1026
1227.5264 2595.5130
1367.4886 2675.6295
1481.8708 2754.1466
1615.3026 2839.2854
1766.7292 2932.2764
1903.0468 3061.4866
2029.7242 3180.9393
2134.5970 3285.8866
2248.1776 3397.4676
2337.2383 3504.2113
2441.8099 3633.3465
2538.7766 3738.4641
