-2260.3819 -1585.1734
-2258.2924 -1562.6257
-2266.1351 -1527.4299
-2274.9891 -1503.4963
-2271.7248 -1469.6774
-2291.4647 -1444.3222
-2310.0029 -1407.6533
-2317.4985 -1372.3900
-2333.4582 -1313.1056
-2338.3148 -1255.2604
-2352.5823 -1184.6378
-2363.9308 -1091.4301
-2377.4893 -1020.7276
-2397.2219 -914.6009
-2397.8797 -834.1411
-2404.2949 -718.2825
-2409.9597 -602.4145
-2414.8622 -486.5411
-2396.6278 -362.8274
-2365.8406 -229.6758
-2310.7264 -77.6023
-2238.9136 48.5688
-2184.5616 131.5871
-2147.5267 171.4898
-2110.6166 211.4351
-2002.4048 320.3639
-1836.5772 489.4644
-1654.6488 657.0965
-1451.2512 800.6239
-1229.5363 899.2229
-985.1317 987.8858
-761.7415 1104.7843
-542.8235 1236.8231
-311.9227 1372.3471
