1235.0170 -1335.2052
1145.8929 -1307.7063
1067.8883 -1279.1283
989.0236 -1227.9468
910.5107 -1176.4681
853.9650 -1123.6002
808.4493 -1070.0626
763.1393 -1016.4325
707.3303 -963.1766
641.5114 -921.3218
575.9761 -879.2289
521.0412 -825.4242
477.0073 -771.1375
432.6530 -694.4990
388.9029 -628.8811
345.4610 -563.1571
312.9782 -508.2326
260.0904 -464.7466
218.0145 -432.0543
186.6040 -410.2401
155.3927 -399.4812
113.8734 -388.7410
82.6973 -366.7098
61.9325 -344.5730
41.2277 -322.4071
20.5986 -311.3316
