1751.5395 -1482.7778
1592.9537 -1429.9967
1411.7799 -1355.4650
1253.5477 -1277.8286
1096.3907 -1199.0095
897.6747 -1132.4839
679.1659 -1075.8515
505.5612 -1037.4959
386.3508 -996.2017
278.3767 -953.8948
181.3571 -888.5372
85.0813 -833.7356
0.0000 -767.2461
-95.0455 -711.3582
-179.0563 -666.1319
-252.1068 -620.6167
-293.5248 -586.5028
-323.8583 -530.2547
-333.3742 -485.5391
-331.9601 -418.8084
-330.5225 -352.0783
-297.9934 -274.8993
-255.5368 -197.8476
-203.0066 -98.5948
-140.8550 22.9681
-79.6184 167.0319
-19.6625 322.4808
38.8243 478.1992
105.2416 645.3893
160.3736 801.7006
232.3958 958.6510
330.2616 1094.6355
444.9108 1198.9091
576.2817 1283.1827
723.0846 1370.3750
895.7339 1439.7898
1058.3933 1500.2082
1208.7738 1573.4188
1315.2319 1632.1308
1391.2675 1653.8840
1462.1360 1652.7781
1547.6154 1620.2261
1642.4258 1589.7368
1744.4822 1572.6443
1844.7745 1567.6021
1949.2486 1587.3955
2065.6773 1634.0934
2184.1737 1706.3917
2300.3415 1815.6392
2418.2213 1939.9576
2526.0346 2112.6548
2615.1725 2295.8354
2696.9468 2480.4902
2784.6948 2696.1947
2885.8195 2859.5674
2954.2462 2988.8120
3014.7602 3039.9187
3111.6732 3016.9847
3066.5000 2932.8137
3018.3480 3067.3160
3031.1359 3176.8746
3071.7089 3260.8296
3088.3971 3308.2358
3116.0668 3334.6413
3169.2459 3360.4049
3222.7164 3400.4679
3307.8211 3444.2686
