909.2704 -14.3860
854.6405 49.1468
801.1041 101.7179
747.2998 165.5896
682.8461 251.3635
590.1875 324.8748
489.6692 376.3513
390.3438 417.4486
272.7608 436.6152
145.9952 445.6283
38.8968 455.9601
-77.7208 467.2607
-194.1136 479.6476
-290.8821 492.6542
-329.3474 504.7409
-358.0613 516.6657
-386.7173 528.6590
-415.3153 540.7206
-434.6240 541.3857
-453.0658 564.3237
-470.5177 609.5352
-487.8031 654.7776
-544.0784 679.4752
-590.5916 703.9738
-645.7472 740.2980
-709.2625 788.5862
-730.0002 901.5499
-738.3179 1047.3237
-662.5715 1210.0408
-507.8466 1380.0293
-322.4637 1573.0300
-59.1906 1823.7836
275.7086 2150.3624
680.8035 2496.8669
1038.2751 2840.1189
1415.7650 3202.4027
1707.0519 3553.9049
1942.1905 3917.8339
2093.5248 4150.7646
2247.6483 4322.1781
2477.0401 4577.0499
2731.4528 4933.6478
