0.0000 -778.3656
-105.4677 -689.0506
-209.8086 -599.0100
-333.8403 -507.7827
-466.7823 -415.1582
-618.6922 -320.3953
-768.6274 -223.9230
-916.5058 -125.7223
-1063.0937 -36.9141
-1207.7366 53.6464
-1332.6506 121.6706
-1437.6188 177.6921
-1524.4889 210.0417
-1591.1753 240.5978
-1649.1111 259.1263
-1706.9038 277.9361
-1764.5513 297.0279
-1807.4552 348.5038
-1823.8090 441.9879
-1820.1549 532.6643
-1798.6422 609.3154
-1777.0730 685.9421
-1755.4503 762.5449
-1724.3761 837.7284
-1698.6314 879.5062
-1661.9233 931.0780
-1552.1889 1029.2073
-1436.4632 1115.7332
-1314.7930 1190.9359
-1205.1817 1257.1259
-1012.7129 1349.5283
-804.3029 1465.8378
-549.5516 1571.7547
-344.5625 1673.9674
-25.1577 1890.3501
324.3386 2152.0132
675.2439 2395.6705
1057.0408 2684.2208
1466.3707 3004.8116
