4039.6054 -687.3714
3870.8157 -621.3025
3700.5788 -542.8893
3546.3766 -484.0154
3401.9838 -469.8575
3228.9386 -472.7288
3043.7415 -464.5465
2869.4543 -452.3283
2692.0188 -415.7559
2548.3156 -383.3836
2405.2678 -349.8853
2252.5957 -316.8569
2100.6731 -282.4865
1943.7485 -201.9904
1823.2996 -70.2572
1732.9230 76.9857
1661.8449 238.0653
1592.7030 388.0189
1507.6339 513.3743
1427.7097 605.5871
1352.6339 664.7147
1306.6987 727.2837
1308.3115 795.1172
1320.4418 852.8838
1349.5612 923.9855
1376.6097 1006.3280
1428.8833 1103.4222
1494.5067 1225.6023
1580.8756 1374.5862
1670.1415 1537.1178
1761.0819 1713.4118
1841.4356 1913.0746
1887.8888 2119.6140
1908.6028 2368.7831
1913.2333 2674.4942
1945.7478 2978.0922
1973.9292 3272.4115
