1027.6167 520.5908
1199.3178 558.5362
1394.8799 635.6580
1617.9660 777.0353
1862.0968 1042.2331
2104.2402 1340.1096
2303.9977 1593.0645
2501.9054 1712.1957
2679.6683 1795.8414
2845.1501 1856.1477
2937.5813 1884.6295
2958.9268 1903.6022
2942.9519 1923.0074
2893.6662 1931.9230
2802.8443 1928.3292
2703.8481 1923.1324
2605.0264 1918.9378
2489.6752 1911.2504
2357.7646 1900.6959
2209.2566 1887.9879
2038.4220 1861.0371
1867.2746 1837.2470
1712.8036 1819.6278
1625.9746 1815.8589
1581.5322 1819.8098
1554.0705 1826.7087
1533.0413 1846.1274
