286.7756 -809.1284
222.4853 -765.6712
158.5107 -721.9623
0.0000 -622.6924
-104.4049 -522.2544
-227.7402 -387.4155
-358.2805 -217.8794
-385.0660 -72.4852
-371.6080 49.5760
-338.9204 148.8736
-296.4829 259.1239
-265.1861 336.3253
-214.3188 435.4846
-155.0019 501.3439
-67.4937 556.1605
86.3598 611.8793
268.3926 625.6584
460.9202 609.1682
636.0714 572.4429
784.1684 525.1611
953.7805 469.9006
1097.7180 391.9535
1187.4685 276.4541
1169.7684 252.3875
1150.9916 239.4906
1120.3286 248.0457
1088.7597 267.8023
1102.6564 336.2831
1157.4064 386.0275
1252.9024 417.5920
1349.1837 438.7902
1463.2902 474.1609
1639.9480 552.8942
1785.6428 630.2015
1919.9219 708.0041
2033.4797 784.3151
2138.1981 849.0900
2244.1092 950.2922
2336.0081 1062.0373
2469.0706 1231.7294
