-797.8391 -825.0816
-999.1149 -802.5029
-1124.3404 -760.4924
-1186.3571 -733.5076
-1259.5523 -716.5541
-1416.1067 -680.5941
-1677.2367 -631.8313
-1958.1418 -575.7056
-2260.0081 -522.1688
-2577.9172 -505.5206
-2845.8528 -503.5421
-3085.1119 -514.8500
-3220.6488 -486.3444
-3305.5543 -420.3173
-3354.1181 -337.9589
-3389.1899 -246.3088
-3425.8002 -165.7970
-3464.1762 -96.4214
-3504.5320 -38.1817
-3534.3326 17.6764
-3563.7198 73.6829
-3598.2561 107.0983
-3649.6871 157.4973
-3707.6455 222.4028
-3752.6883 333.2468
-3766.9126 435.7157
-3763.9071 484.0407
-3741.1152 600.3337
-3690.9408 769.9335
-3614.5868 918.8637
-3526.2293 1039.0722
-3402.8603 1111.2588
-3254.3097 1139.5932
-3101.5123 1119.5980
