156.0590 -466.2012
31.1237 -422.5085
-103.4465 -377.6979
-237.2243 -331.6481
-369.9089 -273.2281
-511.7744 -213.1826
-641.7831 -141.0073
-749.5976 -57.5294
-815.8067 24.4114
-872.5574 83.8234
-921.0917 109.4302
-990.2208 125.5629
-1059.2021 142.0684
-1146.0020 182.9337
-1270.7952 239.3574
-1384.6676 296.0379
-1445.9112 370.4907
-1472.9990 475.3018
-1494.8899 613.6504
-1491.9792 783.0860
-1469.1591 950.0554
-1413.4552 1146.7260
-1309.5372 1427.6744
-1135.8462 1722.7328
-1036.2718 1824.1472
-978.8149 1874.2709
-920.6734 1935.7819
-689.5990 2161.8328
-292.2270 2340.1404
138.0522 2536.4279
546.4782 2788.3932
920.4957 3061.7621
