3848.0315 -1289.2537
3693.7014 -1310.8037
3515.7661 -1323.8682
3336.2546 -1323.7341
3156.9699 -1321.9385
2976.4415 -1307.0994
2786.8419 -1303.7624
2596.2017 -1287.2143
2396.3922 -1281.6228
2186.0362 -1275.2674
1966.2008 -1278.9799
1756.5167 -1267.6575
1558.1313 -1252.9402
1370.3090 -1224.0194
1193.9582 -1192.4319
1017.6665 -1147.9991
863.7869 -1100.7686
699.9072 -1052.6927
548.2537 -1024.9950
397.0809 -995.9451
246.5538 -976.6551
85.6577 -956.0521
-64.1270 -922.7920
-181.3571 -888.5372
-223.8891 -876.8781
-277.0204 -864.9237
-383.0739 -840.4779
-530.6660 -791.6935
-614.3593 -755.2270
-666.8645 -741.9341
-784.2258 -758.8076
-899.5343 -730.2763
-920.6778 -729.0439
-1023.7044 -677.8749
-1138.1129 -647.4661
-1273.1441 -614.4214
-1396.2843 -569.9170
-1495.8584 -504.0691
-1513.5715 -468.4668
-1550.8358 -419.4960
-1661.3458 -373.5274
-1778.9600 -302.9831
-1853.0794 -225.4783
-1943.6546 -122.2464
-2054.3902 -26.3561
-2156.8181 46.7320
-2196.3361 122.0284
-2254.3851 143.2250
-2340.2033 181.1646
-2421.5267 242.1831
-2499.8925 315.0892
-2567.4313 386.6953
-2607.5983 488.3940
-2660.9610 570.0494
-2703.6929 649.9594
-2735.9778 727.9643
-2741.7895 788.3157
-2747.2541 848.6745
-2749.6178 920.2158
-2744.0992 942.5648
-2753.4061 944.8100
-2697.5348 931.4607
-2658.7858 969.5672
-2605.6936 945.4847
-2552.4067 921.6954
-2498.9279 898.1985
-2414.7270 880.2431
-2304.5429 846.1527
-2193.8820 813.2153
-2080.7011 792.5783
