-1282.8101 -1051.3302
-1279.8371 -1006.6836
-1286.7690 -950.0355
-1285.2301 -927.7138
-1283.6812 -905.3929
-1291.9967 -871.0571
-1289.6126 -837.5769
-1295.3733 -769.7528
-1302.6408 -724.2387
-1309.8121 -678.7155
-1317.7564 -644.3420
-1323.8620 -587.6423
-1321.1834 -554.1682
-1319.3846 -531.8532
-1315.7561 -487.2260
-1322.4737 -441.6791
-1329.0898 -396.1238
-1336.5680 -361.7159
-1342.9960 -316.1441
-1348.3183 -259.4098
-1365.7769 -223.9987
-1372.9004 -189.5484
-1377.8284 -132.7822
-1373.5497 -88.1699
-1370.3117 -54.7135
-1367.0489 -21.2596
-1361.5555 34.4914
-1353.7489 112.5312
-1349.2272 157.1193
-1333.5956 211.8371
-1317.9808 266.5518
-1291.4085 331.4129
-1289.1135 353.6936
-1284.4915 398.2517
-1268.9276 452.9556
-1254.5549 496.5219
-1220.9003 538.1640
-1205.5090 592.8796
-1162.5740 633.6725
-1136.7314 698.6297
-1092.0923 761.8408
-1048.8898 814.0347
-995.5957 876.6553
-931.5010 960.9351
-860.8651 1022.5211
-791.8502 1073.3542
-704.3969 1134.4900
-597.0460 1239.6970
-427.7160 1376.4420
-228.3427 1503.6938
-43.2495 1634.6621
145.1142 1746.8518
378.8233 1864.5664
671.8541 1992.7269
941.8081 2106.5121
1258.3569 2293.2723
1602.0684 2512.5422
1867.3542 2722.0278
2161.9342 2919.8212
2403.6565 3118.9361
