-415.8191 -450.0772
-498.2464 -425.2650
-601.5674 -410.2733
-705.2161 -405.6747
-820.3634 -422.0364
-935.1210 -426.3896
-1049.2418 -418.7217
-1163.3030 -410.1641
-1286.7381 -388.6579
-1358.2111 -370.9663
-1420.2387 -365.0729
-1519.1515 -309.9923
-1605.8765 -244.1061
-1690.4731 -166.3908
-1794.3031 -85.4027
-1891.2152 -38.3651
-1989.0787 -1.7159
-2089.8132 13.3372
-2192.1727 17.9579
-2296.3870 12.1239
-2408.2880 -37.8669
-2458.1279 -86.8884
-2433.2238 -125.9364
-2407.4060 -95.7677
-2364.1817 -22.4363
-2285.4383 79.3861
-2189.1255 166.8159
-2101.6966 267.3628
-2028.3546 347.3415
-1998.1064 411.2793
-2014.0141 436.7202
-2060.8398 455.7838
-2136.6571 479.9964
-2241.2828 509.9288
-2335.8720 538.9934
-2413.7838 600.5117
-2476.5708 683.0877
-2538.1481 766.1800
-2589.0985 847.6859
-2626.9599 938.5918
