-549.7545 757.7617
-553.6164 679.9109
-570.2927 535.7659
-578.2753 368.9214
-573.5636 257.2457
-542.4807 289.3436
-541.0366 322.7130
-660.7437 294.8433
-814.1652 214.2191
-972.7544 225.0238
-1041.1909 241.4928
-1119.3551 259.1821
-1164.6598 308.0747
-1196.5231 389.6515
-1185.5945 501.0039
-1150.7586 655.0187
-1043.6940 768.6901
-942.2998 838.5809
-792.8866 939.2535
-607.9322 1061.7889
-408.1430 1208.5994
-231.4521 1381.3832
-70.0010 1534.7343
85.9335 1690.5425
236.7351 1826.5475
349.1385 1963.6396
447.8684 2123.9697
514.7438 2328.4456
572.6971 2577.9539
