3925.4286 -1018.8993
3776.9159 -1065.4442
3626.0434 -1098.9090
3494.6857 -1114.9288
3363.2927 -1129.9135
3235.8011 -1096.1160
3117.7670 -1048.2530
3021.6267 -995.9727
2936.5226 -941.4933
2851.7102 -886.8259
2767.2036 -831.9608
2713.1527 -760.1373
2671.4322 -697.8011
2641.9659 -644.9629
2668.3738 -605.6381
2698.1033 -588.8122
2729.5468 -583.2070
2760.9794 -577.5330
2792.4010 -571.7901
2794.2123 -583.0958
2773.2513 -586.9292
2752.2854 -590.7320
2720.8275 -596.3789
2671.9080 -558.6449
2588.3458 -503.7244
2486.0665 -463.3154
2357.9595 -461.1289
2222.6685 -481.9181
2078.1856 -514.0966
1932.0075 -533.5768
1772.8030 -530.4490
1600.1073 -493.2927
1416.9292 -444.1987
1213.3913 -383.6805
1011.5261 -320.6402
812.6274 -277.3122
604.7621 -231.8199
408.5112 -183.1307
213.6594 -131.8039
10.1427 -88.9524
-161.7617 -43.5282
-322.7186 -7.3146
-472.3952 41.5822
-601.4859 80.1388
-709.8804 118.8968
-807.6981 157.9649
-895.7825 185.9883
-973.5938 213.8913
