-31.1682 -444.7476
-103.5214 -388.8177
-175.6004 -354.7672
-247.3551 -320.3552
-329.0612 -285.3487
-410.3824 -249.8660
-502.3054 -235.7957
-604.3036 -220.6937
-715.2436 -182.0786
-825.6068 -142.5506
-963.5498 -66.6190
-1071.4790 -13.8524
-1188.6305 40.7271
-1302.6871 118.7154
-1349.2272 157.1193
-1414.1206 208.9896
-1419.1534 254.6522
-1384.6676 296.0379
-1235.6278 393.3975
-1069.2939 490.4680
-915.0913 590.1176
-763.3477 691.4200
-505.5770 889.5120
-219.9492 1103.0194
53.6098 1345.5971
261.8080 1560.1366
475.2402 1802.0478
699.8821 2050.7584
908.9651 2237.9707
1121.3265 2387.3589
1242.3565 2472.6915
1344.9764 2557.4306
1429.7073 2640.9063
1514.5953 2714.4433
1589.9922 2787.5178
1666.3838 2850.5110
1748.3283 2916.1369
1825.0460 2993.7617
1916.8692 3088.9900
2017.9320 3213.4617
2133.3787 3346.3206
2243.8050 3494.7191
