2602.0225 -593.9365
2429.3545 -587.8290
2276.5087 -565.5460
2113.7492 -543.3904
1941.1421 -521.0304
1780.8233 -506.8372
1599.0043 -482.1181
1417.9218 -455.3605
1253.8788 -369.0445
1082.0582 -293.1400
922.1616 -214.7999
764.5123 -146.0123
577.0463 -54.6674
402.0609 39.3144
249.6412 124.6483
99.1807 211.6451
29.6509 255.7824
-29.5987 278.0215
-78.8597 289.3474
-118.2887 289.6477
-147.7285 301.0715
-236.3572 302.3896
-315.1288 304.0721
-394.2383 295.1142
-473.8898 275.5136
-553.7980 256.3902
-592.8076 269.2554
-612.0140 281.2957
-619.6739 326.2624
-637.0345 371.7225
-662.1530 451.0958
-676.5150 541.1300
-691.8311 608.9465
-696.6389 687.3588
-652.5870 785.3061
-571.0596 892.5699
-453.4338 1009.8772
-282.1711 1171.1989
-116.2913 1334.9823
52.7651 1490.1504
241.2232 1670.8861
438.9154 1844.8860
669.9254 2014.9464
894.3646 2157.7998
1146.9873 2277.6325
1416.0726 2363.7237
1713.4441 2454.2069
1974.3382 2548.4034
2282.3272 2642.8408
