1506.0612 -998.7161
1385.5431 -975.6220
1264.6059 -940.5568
1134.1503 -916.5960
1004.0813 -891.6524
863.7565 -866.2990
713.2357 -840.2558
563.5597 -823.9725
424.5588 -794.9024
286.0468 -764.6427
148.0396 -733.1861
10.5468 -689.4059
-115.7845 -655.6158
-231.0994 -620.9483
-314.7014 -597.2055
-377.1181 -573.5309
-439.0522 -538.4682
-521.2032 -491.3009
-624.5142 -465.0494
-727.4973 -438.0578
-830.7374 -421.4563
-963.4878 -379.8330
-1135.9899 -322.6220
-1307.2591 -263.2122
-1467.0231 -202.6446
-1611.6336 -107.7670
-1750.0100 22.4303
-1888.4595 132.1242
-2027.8170 221.2948
-2145.5181 309.0027
-2222.3704 391.1857
-2290.3232 461.0699
-2357.3354 531.4809
-2411.5390 611.6951
-2464.6934 692.3039
-2516.7773 773.3028
-2560.9135 841.4413
-2602.7125 874.2355
-2621.4463 878.4726
-2640.1726 882.7420
-2677.6023 891.3780
-2724.3458 902.3553
-2796.2319 931.5201
-2895.6848 968.2887
-3003.9000 1008.5223
-3111.5411 1049.9510
