-2165.4525 -1403.1563
-2196.1025 -1376.5770
-2225.5336 -1338.6576
-2245.0716 -1313.3313
-2263.3707 -1276.7027
-2261.0132 -1254.1747
-2247.7788 -1233.0786
-2234.5502 -1211.9831
-2221.3276 -1190.8880
-2209.3027 -1181.0471
-2197.2849 -1171.2024
-2186.4577 -1172.6043
-2174.4524 -1162.7497
-2162.4544 -1152.8910
-2150.4637 -1143.0282
-2137.3049 -1121.9178
-2122.9721 -1089.5664
-2117.0030 -1033.3700
-2132.3676 -974.4021
-2136.8135 -916.8105
-2141.0895 -859.2130
-2137.1953 -825.5107
-2113.3443 -805.8932
-2098.8308 -773.6221
-2073.7416 -742.7596
-2038.1343 -713.2710
-2002.6085 -683.7390
-1967.1657 -654.1629
-1942.3130 -623.2138
-1909.5405 -615.9724
-1845.3085 -612.5045
-1737.9889 -602.4283
-1650.7298 -578.2078
-1683.2804 -585.9430
-1758.9711 -600.0239
-1897.7895 -606.0771
-2036.8233 -610.9272
-2143.1563 -607.7942
-2218.0515 -608.5400
-2272.0010 -612.0695
-2324.4779 -604.1772
-2376.9292 -596.0972
