-84.8185 812.0313
-188.0898 835.4806
-281.5322 859.6174
-374.5605 884.5146
-467.1652 910.1727
-558.7411 947.7131
-658.2265 997.6730
-756.7451 1048.5565
-856.1675 1078.1239
-965.2823 1098.2930
-1095.9701 1088.0045
-1246.7881 1070.1443
-1362.9523 1038.5744
-1445.9622 981.0534
-1498.6388 874.5614
-1526.4004 742.1704
-1556.8789 587.4360
-1593.8104 456.1480
-1644.5206 371.9397
-1710.7976 323.8757
-1785.8008 288.5704
-1879.3394 267.6175
-2002.8900 251.7808
-2125.0590 248.2011
-2215.8926 251.8275
-2296.8885 254.3275
-2373.9067 279.7264
-2446.4925 328.0534
-2518.5118 376.9105
-2580.2056 424.3004
-2631.6800 470.0507
-2653.6840 509.8541
-2668.2252 536.4303
-2663.3879 558.8442
-2632.0632 563.8160
-2583.8659 553.5876
-2516.3191 539.6041
-2448.6923 526.0118
-2380.9880 512.8093
