3007.4832 -1650.7213
2806.9533 -1670.6057
2617.4320 -1686.7486
2416.7796 -1702.3976
2226.2105 -1703.2934
2046.8817 -1701.1105
1868.5448 -1708.5079
1700.5743 -1702.0016
1521.7003 -1694.9613
1342.4228 -1675.0951
1163.5156 -1653.5999
985.9091 -1652.7612
797.3250 -1650.7138
619.9150 -1646.3868
442.4168 -1629.2414
265.3389 -1621.5290
99.3635 -1589.8189
-77.0972 -1534.3275
-219.8421 -1488.6645
-362.0028 -1441.8464
-525.1767 -1382.0917
-654.7187 -1322.0180
-793.9551 -1249.2734
-900.1771 -1188.1882
-994.9199 -1127.0011
-1078.2651 -1065.9017
-1140.2300 -1016.9639
-1223.2666 -966.1494
-1282.9031 -894.2328
-1331.3308 -822.9110
-1387.1696 -716.9467
-1492.5054 -583.2831
-1521.8913 -557.8226
-1553.0170 -441.8362
-1651.0038 -374.6975
-1713.0438 -367.5649
-1744.0528 -363.8977
-1768.4896 -394.9682
-1811.1861 -401.1112
-1833.1953 -409.7354
-1865.5986 -417.0258
-1882.3542 -380.8055
-1901.6948 -366.9381
-1890.0103 -357.0853
-1878.3365 -347.2270
-1865.3304 -326.1727
-1830.4167 -296.5524
-1759.6482 -316.6845
-1678.4101 -337.6333
-1591.2215 -302.2394
-1486.0753 -290.8766
-1315.5607 -239.9676
-1181.6468 -117.0173
-1006.8527 37.2277
-829.0173 136.9337
-643.2947 249.3521
-480.7493 353.7342
-212.3159 546.6842
18.8681 800.6197
156.8409 1035.2120
270.8796 1248.8026
352.1276 1484.9569
516.0098 1692.6382
670.1902 1914.3495
835.7365 2095.9630
997.2582 2304.0404
1161.1409 2528.8318
1280.2030 2797.7956
1353.0408 3074.5276
