-2795.5435 -524.6422
-2845.8528 -503.5421
-2914.9294 -466.8662
-2983.7084 -429.7752
-3048.0170 -369.6060
-3097.0983 -288.5394
-3118.1342 -177.6704
-3123.2460 -46.3512
-3127.0431 84.9544
-3117.0518 225.1591
-3105.7245 365.2322
-3093.0448 505.1617
-3068.2407 606.3685
-3004.8499 697.8094
-2909.3711 757.4078
-2832.1710 786.0878
-2776.8586 808.3860
-2641.2399 835.9016
-2515.8155 866.7361
-2412.3017 891.4037
-2309.3227 916.8318
-2181.5040 972.8702
-2036.4447 1026.6070
-1881.6350 1091.3928
-1757.9643 1151.1234
-1686.6002 1185.5436
-1644.7028 1213.3219
-1604.8225 1230.1030
-1563.2895 1258.1235
-1503.9727 1283.7092
-1411.4287 1350.3905
-1287.1389 1458.7767
-1139.0534 1565.2641
-995.3717 1662.3903
-816.3481 1713.1427
-643.1126 1722.5170
-342.2913 1729.5571
-85.8200 1701.6620
43.1932 1645.7816
131.7447 1501.9857
222.2825 1392.3090
359.0269 1307.0567
407.2026 1230.8377
380.0689 1229.8461
357.7495 1340.4136
351.2501 1507.1938
327.3420 1673.3783
295.4922 1839.3241
289.3088 2006.0916
282.9578 2172.8535
276.4380 2339.6098
269.7482 2506.3604
