-519.7377 -446.8005
-622.2995 -409.4122
-724.3738 -371.2770
-825.9491 -332.3908
-927.0136 -292.7491
-1028.3241 -263.4872
-1129.2661 -233.4689
-1229.8309 -202.6905
-1320.8147 -183.2584
-1401.4030 -164.2301
-1481.8156 -144.7137
-1554.2677 -148.1666
-1616.6010 -152.4345
-1689.1871 -155.2182
-1793.7721 -164.9572
-1929.1741 -169.8150
-2083.6411 -159.2247
-2207.5434 -151.7750
-2311.1031 -146.6092
-2402.7103 -131.2090
-2492.3310 -103.9429
-2579.7265 -64.7842
-2656.5991 -26.9180
-2692.8061 3.4679
-2698.6708 27.9654
-2692.3154 61.7173
-2685.9113 95.4595
-2675.1295 151.6751
