-421.5481 -672.5426
-554.7603 -556.9345
-706.7268 -439.0636
-825.3431 -321.2580
-931.6853 -202.9969
-1017.3770 -107.5474
-1090.7744 -1.1202
-1109.9839 134.9938
-1068.0755 277.2975
-1018.5670 396.5654
-882.4775 509.4121
-727.3781 655.6833
-546.3977 824.4887
-313.6476 1038.5056
0.0000 1278.7434
340.7520 1551.3684
696.4464 1804.4548
995.4945 2011.0333
1387.9862 2256.3462
1801.4843 2554.6040
2184.4962 2878.4222
2532.5741 3190.1009
2698.9697 3459.5259
2914.8136 3730.8926
3057.7986 3972.3276
3251.9481 4133.0311
3378.8165 4247.7770
3492.1048 4376.4065
