-1007.0373 -253.8057
-1144.6139 -299.5205
-1291.4750 -320.8279
-1429.5441 -352.9038
-1567.1204 -372.6197
-1705.1309 -391.1315
-1842.2628 -397.2510
-1978.2314 -390.9454
-2114.2334 -383.3911
-2248.6734 -363.3566
-2369.2453 -321.2467
-2485.6745 -255.4933
-2592.7856 -201.6706
-2707.3363 -133.6183
-2818.6840 -53.0766
-2941.0209 19.5959
-3062.1218 93.7113
-3149.6339 125.8834
-3236.8406 158.7302
-3303.8652 187.2615
-3360.7522 213.6647
-3400.4014 223.8885
-3457.0225 250.8026
-3520.4530 292.0412
-3583.5017 333.7128
-3649.1863 364.4750
-3711.5316 407.0142
-3757.1712 432.8023
-3780.0129 464.2764
-3783.2758 526.9096
-3802.3840 569.8540
-3837.5374 593.2183
-3862.9744 613.6710
