4013.0053 -888.6849
3895.5864 -917.4267
3771.4239 -970.7442
3635.9660 -1025.2059
3510.6894 -1075.9904
3410.0722 -1144.1265
3290.3847 -1238.4194
3189.6811 -1315.9764
3105.4810 -1354.5430
3004.1968 -1348.8931
2900.1323 -1319.9956
2801.4716 -1243.5114
2704.6077 -1178.1685
2587.9270 -1127.2363
2471.7177 -1075.7897
2376.1390 -1009.4578
2322.4230 -925.5140
2260.9071 -865.5831
2191.6689 -829.5124
2090.8193 -797.4844
2010.2490 -751.0335
1928.7865 -693.0988
1847.7341 -634.9002
1769.4610 -598.8106
1699.6649 -538.8729
1619.8308 -479.8726
1519.7151 -422.7321
1401.5720 -389.3860
1273.6354 -356.1047
