4056.2043 -768.3491
3884.2535 -799.4133
3678.0963 -824.4301
3514.4550 -837.4810
3363.4716 -858.1043
3212.4098 -877.2767
3071.9519 -892.9766
2910.1004 -911.3068
2746.5952 -916.6796
2549.6743 -914.2677
2398.6286 -925.8696
2255.6182 -912.0800
2102.2607 -898.5504
1924.4352 -852.6268
1791.1342 -811.5005
1636.2266 -760.4823
1482.2197 -708.1872
1319.4893 -666.6602
1179.4097 -633.1439
1040.6379 -609.6018
901.7130 -573.7327
763.4361 -536.6789
603.7080 -465.9080
455.4279 -382.1118
308.0364 -263.5614
203.1667 -109.7151
161.2394 0.9515
129.8190 122.9456
108.9091 233.9631
98.2233 333.9611
87.7605 422.8464
77.5025 500.6194
86.6942 567.4010
95.7682 634.1903
132.8817 734.6302
206.6822 846.9190
278.8655 959.6954
360.1499 1028.7728
431.6046 1086.9856
547.8107 1147.8707
726.8360 1202.9961
906.0303 1238.9347
1129.0731 1282.6022
1407.4374 1315.8547
1680.7457 1378.7672
1867.1449 1502.6221
1980.3149 1651.4192
2088.7492 1837.0546
2203.5451 2039.5303
2284.6826 2296.9673
2321.9891 2474.3644
2391.4999 2663.3939
2449.0334 2864.1820
2584.2428 3071.9141
2898.1242 3274.3092
