-2046.6050 -985.3643
-2087.8299 -866.2498
-2127.9638 -746.8910
-2173.9712 -683.4458
-2219.4993 -619.7744
-2261.5228 -533.4041
-2301.2106 -435.5662
-2316.0497 -318.3391
-2319.7360 -202.7310
-2280.3176 -82.6358
-2230.6483 35.7069
-2161.0466 150.7216
-2134.0224 192.2602
-2090.0333 276.9525
-2001.6639 388.9379
-1885.0460 496.7091
-1760.2433 603.7059
-1626.0029 721.3402
-1464.1545 847.5032
-1303.9600 986.4058
-1147.1976 1126.9490
-994.0522 1269.1676
-848.7915 1368.6265
-666.3846 1411.2863
-442.8273 1432.7775
