2340.5287 -1380.7684
2226.6609 -1349.9195
2113.1127 -1318.4856
2000.9342 -1297.6911
1854.4006 -1257.3836
1720.2155 -1226.1504
1575.6254 -1195.0156
1474.8077 -1159.0662
1351.9785 -1113.2004
1251.2424 -1064.9606
1108.0024 -1019.1661
997.6098 -970.3235
833.3234 -901.4011
692.3878 -852.3253
552.2346 -802.0927
443.2029 -694.2012
345.9322 -585.4012
269.9178 -431.1982
205.9798 -309.8798
142.5539 -143.8295
140.8550 22.9681
138.8517 212.0046
185.2667 423.9012
231.3938 558.1517
314.4452 693.5339
404.3238 840.9791
493.0753 955.8276
579.6876 1071.4371
682.2568 1188.9291
764.1534 1306.1968
843.6874 1424.2045
964.4826 1547.0228
