2229.5065 -1064.2262
2157.5323 -1005.3121
2041.8302 -940.4543
1895.9279 -890.0698
1763.5894 -859.8514
1623.0957 -852.1388
1482.8264 -843.2486
1395.9581 -828.6020
1297.8228 -803.2314
1210.5866 -776.5028
1090.4701 -729.2931
992.7326 -691.0768
915.8685 -639.9345
851.0610 -610.1589
776.0024 -580.6760
701.2130 -550.8530
594.9663 -510.8338
446.9969 -449.1707
300.1945 -386.1117
124.0451 -366.4174
-10.3221 -344.7011
-102.6084 -255.3811
-234.0061 -131.4786
-324.0198 -62.9207
-402.7207 17.0703
-458.8867 141.3399
-524.6056 244.0402
-578.7978 357.7980
-591.8379 492.1815
-595.2542 614.9964
-590.0030 715.0957
-536.4304 835.1731
-464.6848 965.7736
-375.6934 1107.2180
-288.5969 1260.3928
-169.1454 1380.1883
-17.5665 1501.1487
179.4948 1736.3055
305.3915 2017.7475
350.2341 2286.6524
470.6627 2392.8093
668.6020 2540.6302
882.8514 2673.8271
1103.2413 2770.0062
1280.9423 2866.4823
1492.8597 2929.3536
1774.5993 2957.6560
2073.7061 3013.9440
2355.6976 3139.3444
2563.5166 3314.8662
2652.8968 3594.4986
2565.4524 3828.3310
2448.8337 4036.1721
2353.2163 4201.3144
2262.6012 4342.4488
2151.7474 4460.5777
2019.6000 4542.5016
1885.5227 4559.9899
1764.6131 4560.1075
1640.6156 4512.0748
1519.8707 4469.4471
1429.6721 4320.1842
