1260.3609 -1210.0566
1126.4257 -1152.2663
993.2316 -1093.5652
915.6247 -1053.3252
837.3368 -990.4956
760.8827 -960.7621
674.3858 -942.2788
609.0794 -911.4339
533.3258 -880.7035
446.9055 -838.8146
350.2732 -796.7239
285.4944 -731.2785
210.6528 -665.7329
104.7643 -577.8531
-10.4114 -478.1352
-93.5039 -444.4854
-176.2376 -410.3678
-268.5570 -353.3515
-381.0325 -306.3267
-522.0054 -212.8105
-681.9688 -127.9568
-828.5488 -19.5036
-971.8759 101.8293
-1057.4135 164.3401
-1141.0950 238.6225
-1147.6255 385.1405
