1556.1254 -1084.1725
1412.7226 -1051.9819
1270.5796 -1029.8385
1116.7768 -984.9855
953.0356 -939.4621
790.6201 -903.5536
650.2037 -865.2450
521.6928 -847.6762
392.4738 -784.6027
296.2587 -742.2031
190.0877 -710.4874
126.1419 -633.2934
41.7911 -533.6784
-41.6164 -466.9612
-113.9556 -399.8607
-206.4357 -343.2408
-308.2675 -274.6826
-420.6392 -249.5681
-533.0453 -234.6804
-634.5284 -208.2295
-756.0776 -179.9522
-887.3736 -149.9549
-1018.1723 -118.6850
-1157.6851 -74.1510
-1307.5171 -38.3078
-1414.0952 17.3228
-1539.8508 76.1804
-1633.2493 143.8229
-1692.9801 230.7155
-1699.9668 254.3219
-1747.0316 351.4886
-1807.4818 485.2108
-1827.4288 613.6043
-1823.4936 761.4356
-1758.7020 922.7460
-1664.8626 1090.9816
-1663.0484 1102.1063
-1520.2002 1297.3797
-1347.7184 1534.5113
-1150.7552 1803.4777
-1010.9055 1956.4443
-870.9427 2076.8709
-721.9653 2164.4249
-587.0624 2221.4319
-438.3945 2279.5638
-234.6846 2405.1176
53.7804 2524.3069
282.7572 2562.4664
567.7939 2633.4777
891.0416 2776.1179
