1069.2939 490.4680
1126.4054 506.7311
1183.3788 523.2715
1240.2121 540.0895
1305.3071 569.3421
1389.3000 601.1490
1471.4517 644.7248
1562.5167 690.1735
1652.8758 736.4066
1734.7914 770.8896
1806.8172 804.5521
1884.0161 862.5244
1956.2869 943.4151
2021.2561 1104.5367
2095.9139 1292.0902
2190.8368 1450.9941
2318.0113 1537.6116
2472.1007 1586.1519
2640.1347 1617.4262
2804.3289 1662.7181
2960.3379 1733.0983
3009.8576 1809.5743
2988.5154 1925.3294
2913.1424 2060.4737
2820.9112 2141.0350
2735.8822 2126.5216
2658.1271 2090.8304
2632.7575 1974.8673
2642.3247 1857.3985
2655.9333 1813.2026
2686.4566 1773.7278
2725.5976 1736.6698
2782.0456 1704.5538
2824.9944 1656.5803
2862.8406 1595.0568
2900.7117 1533.5052
2941.9808 1460.8125
3011.9720 1420.5735
3087.8029 1394.3555
3165.8711 1393.4883
3252.9731 1395.9280
3357.9708 1404.7758
