-1118.0742 158.1046
-1063.7301 209.6806
-989.9862 259.9084
-897.0882 309.1003
-814.6922 359.5030
-752.4527 411.5182
-680.9767 463.2616
-599.8354 526.0150
-539.2509 578.9507
-469.6029 631.7778
-410.5097 674.1716
-323.0018 727.1483
-245.7685 780.9287
-159.8784 835.0595
-84.2030 889.8681
27.8597 967.4314
165.8838 1046.4645
256.3136 1114.9291
364.0615 1173.6267
487.4524 1256.4612
616.8512 1352.4180
725.8065 1448.8091
856.3299 1570.8842
975.5860 1682.8782
1085.8176 1773.3418
1159.8152 1861.0286
1213.5825 1958.3018
1264.5553 2112.5532
1274.2461 2295.6268
1184.2123 2441.4018
