305.2603 -1309.4146
228.3378 -1254.9858
151.8123 -1200.2289
75.6956 -1145.1391
0.0000 -1078.5923
-75.0851 -989.4639
-149.4455 -899.9866
-223.0520 -810.1539
-295.8750 -719.9601
-379.1507 -662.5121
-472.9676 -626.5174
-566.3787 -589.9265
-648.4699 -542.0598
-728.0128 -449.1882
-815.0368 -321.8411
-900.3245 -193.8439
-994.7141 -75.6054
-1102.6253 -22.5909
-1232.8073 -0.2657
-1383.8970 14.2215
-1534.8165 30.4088
-1615.9908 119.0704
-1646.2617 281.4405
-1666.9700 499.7355
-1657.7525 702.9830
-1620.8888 822.8854
-1582.9153 885.8052
-1537.4692 936.3851
-1492.3187 987.0730
