818.3073 -1315.0793
545.0560 -1303.5298
326.5400 -1275.6496
108.6755 -1245.0402
-75.9902 -1222.9767
-216.8721 -1199.5231
-379.2982 -1185.5452
-540.2993 -1125.4919
-701.5190 -1097.2212
-829.0340 -1046.7253
-1019.0396 -968.9983
-1233.2457 -954.1840
-1451.5486 -992.3821
-1617.0939 -1033.2486
-1726.5542 -1044.7488
-1834.0953 -1033.1586
-1939.3324 -998.4152
-2044.2255 -962.9083
-2146.2237 -904.1569
-2247.5444 -844.5888
-2346.7224 -772.9403
-2445.0053 -700.4414
-2544.0007 -638.3594
-2642.2376 -575.4316
-2745.1237 -545.5374
-2826.8625 -518.7906
-2899.8953 -504.8673
-2952.0222 -494.6903
-3004.1154 -484.3195
