4215.3689 -836.7764
4080.7567 -835.1193
3912.2024 -828.8225
3756.7855 -830.0582
3635.5718 -834.1914
3537.7692 -844.2378
3416.6971 -846.8221
3318.9447 -855.5755
3229.9711 -850.1996
3128.6269 -835.1099
3029.2886 -830.8686
2907.0786 -818.6396
2785.1247 -805.6116
2686.2804 -799.4935
2587.5721 -792.8234
2489.0040 -785.6008
2379.9787 -779.4289
2284.5235 -793.5315
2187.6485 -795.7961
2060.2441 -812.8847
1952.7819 -815.1036
1834.7469 -817.8437
1716.7667 -819.7228
1598.8472 -820.7421
1470.3667 -821.8905
1310.0729 -824.6785
1149.8585 -825.8661
947.2151 -828.0470
776.5788 -826.1351
605.6937 -811.2785
445.7818 -794.3177
