658.1005 -1433.3331
480.9240 -1361.0936
315.9937 -1298.0969
151.9792 -1222.4691
-10.8258 -1167.5449
-162.1118 -1133.4073
-302.2554 -1109.2192
-441.8040 -1072.7194
-580.4926 -1023.8900
-730.0529 -995.6304
-857.2584 -955.9701
-1018.4327 -957.8528
-1146.2135 -938.1463
-1280.5537 -860.7534
-1457.0093 -789.3587
-1623.5777 -739.2175
-1779.8833 -699.5410
-1789.2847 -687.1334
-1954.0958 -633.0861
-2076.0656 -582.8358
-2218.2397 -528.3824
-2354.7329 -438.6442
-2484.4773 -382.7789
-2635.8591 -333.0796
-2749.7308 -253.6689
-2794.9447 -209.8743
-2872.5303 -170.9450
-3036.7184 -89.2568
-3151.1932 -28.1246
-3244.6614 29.4232
-3349.9955 79.0000
-3439.3227 149.7151
-3527.6501 221.3259
-3612.9583 341.9836
-3714.6266 395.6638
-3783.2044 452.9234
-3815.6250 487.4479
-3908.7170 566.1083
-4017.1298 626.3192
-4136.3845 717.1547
-4236.7329 829.0947
-4220.1323 1027.8299
-4050.3413 1181.8640
-3843.2613 1385.2487
-3632.3043 1523.4434
-3353.5716 1750.8230
-2898.2637 1835.8440
-2534.0326 2030.9516
-2152.4906 2309.9447
