1344.9217 -1169.9059
1160.8017 -1183.5317
953.3011 -1162.9382
735.1292 -1129.2296
517.8089 -1092.7947
301.7363 -1075.8537
64.6234 -1067.3469
-172.2269 -1055.4576
-408.7710 -1040.1763
-645.3418 -1032.6202
-870.5413 -1011.0946
-1094.6809 -975.2863
-1308.1749 -948.3262
-1520.2920 -907.3047
-1729.5207 -840.9555
-1939.7607 -793.9838
-2138.5454 -745.4503
-2333.4986 -671.6644
-2455.1053 -618.2522
-2565.5330 -565.4475
-2678.8456 -534.2198
-2791.8461 -502.0390
-2908.3963 -491.5299
-3026.9459 -491.4515
-3149.7577 -513.2142
-3285.5130 -543.3037
