1274.7859 994.3588
1159.8342 1015.7352
1093.5502 1110.2455
1054.5707 1128.9170
1015.7333 1147.7103
994.1215 1179.3906
1011.1568 1192.1858
1047.4713 1195.6312
1092.8457 1200.1108
1178.4619 1175.3029
1252.6093 1172.3057
1308.6530 1167.6017
1355.6737 1162.0407
1384.5399 1154.3488
1413.4552 1146.7260
1448.3206 1162.6181
1461.6050 1198.4084
1453.3249 1253.9960
1410.7140 1293.6259
1391.9248 1359.1189
1399.7161 1428.1673
1396.6215 1507.1238
1419.3000 1589.7331
1412.8922 1736.4944
1436.8982 1899.3604
1460.3458 2005.6178
1484.5425 2100.9030
1524.5382 2153.4360
1574.2123 2196.5924
