545.9793 -947.1061
438.9504 -950.3511
331.9046 -952.8900
224.8461 -954.7232
128.4859 -955.7701
32.1024 -945.1264
-64.1270 -922.7920
-160.0217 -888.7638
-191.9065 -877.2928
-255.0749 -820.7942
-317.8260 -764.0319
-328.2081 -752.6920
-338.5757 -741.3447
-420.9900 -650.2957
-502.4433 -558.7618
-572.0930 -456.0149
-640.7101 -352.8832
-719.0533 -259.9813
-787.3027 -189.4103
-843.9902 -107.9414
-870.3099 -39.2685
-876.1563 28.1664
-871.8323 94.9544
-825.4997 192.5801
-769.7817 289.7110
-703.0024 419.8345
-627.6411 549.7013
-544.0784 679.4752
-462.1392 809.7128
-452.2476 820.4652
-362.1084 973.1740
-236.3988 1181.2356
-79.3442 1468.0820
144.1367 1802.4477
420.2883 2178.3478
757.9392 2570.9717
1104.1507 2929.0410
1508.4155 3234.0262
1952.1695 3506.6093
