880.3994 -1501.8215
702.6612 -1453.9175
536.6651 -1404.0163
393.4969 -1363.2779
272.5563 -1309.9596
163.1004 -1255.7296
65.0630 -1200.7823
-32.4593 -1156.3976
-107.8912 -1100.4826
-182.8843 -1044.2218
-246.5538 -976.6551
-309.5527 -897.7038
-392.4738 -784.6027
-453.4548 -682.7720
-523.0121 -546.9273
-590.3512 -388.4399
-665.7166 -217.9526
-698.9934 -60.1830
-720.4731 108.3039
-730.9935 276.3000
-721.1803 443.1859
-672.6346 607.8713
-568.1204 769.7784
-466.6712 921.2930
-404.0694 1085.9480
-270.2479 1271.0412
-106.3136 1423.8429
52.3016 1567.9868
214.2486 1714.7614
