-1802.9286 -1432.4596
-1901.5720 -1422.1506
-2011.1187 -1410.0355
-2120.6017 -1397.2223
-2240.9550 -1382.3180
-2358.8506 -1344.0000
-2454.5849 -1307.8571
-2525.6488 -1251.6828
-2605.7162 -1182.1098
-2675.7687 -1125.0069
-2726.7938 -1093.6588
-2766.8811 -1063.8949
-2805.2648 -1022.6556
-2843.4292 -981.2658
-2879.7159 -928.3840
-2896.0550 -890.5424
-2910.5379 -841.3186
-2924.8175 -792.0545
-2930.0989 -756.0686
-2945.8508 -718.0836
-2961.4622 -680.0585
-2976.9317 -641.9935
-2983.6650 -617.2773
-2990.3449 -592.5515
-2995.0332 -556.4808
-2989.1841 -522.4809
-2985.2553 -499.8199
-2970.8919 -479.2391
-2956.5336 -458.6609
-2942.1806 -438.0852
-2915.4792 -408.2522
-2888.8115 -378.4145
-2853.8314 -361.8947
-2818.9083 -345.3248
-2740.8641 -325.2670
-2675.2171 -314.2615
-2607.8300 -291.7459
-2487.4716 -266.7404
-2340.1812 -199.3720
-2260.0391 -85.9528
-2186.9418 51.5647
-2122.9234 133.1073
-2072.6713 193.9361
-1931.8645 321.0118
-1822.1578 453.1470
-1755.6026 568.8726
-1729.3953 678.9780
-1720.9694 734.6979
-1714.1625 779.2641
-1714.9741 836.3401
-1728.4895 872.5369
-1814.6355 931.4812
-1924.9896 903.6724
-2020.0174 804.9866
-2052.9819 730.1848
-2072.4693 676.0402
-2082.3531 620.2332
-2105.6589 543.7165
-2134.6247 433.6368
-2188.6401 293.2411
-2288.5848 183.6574
-2405.5679 100.3582
-2523.5448 17.6259
-2630.3349 -55.2422
-2737.8542 -127.6831
