-1245.3259 -392.2291
-1227.8288 -303.9054
-1211.2106 -226.7422
-1193.6605 -138.4429
-1177.0171 -61.2992
-1159.4288 26.9777
-1142.7733 104.1041
-1125.1611 192.3609
-1108.5068 269.4720
-1100.6879 358.5518
-1093.7260 436.4863
-1093.2339 548.6564
-1127.2092 697.7292
-1186.4745 860.9467
-1254.9151 1003.4069
-1326.0564 1034.1440
-1392.1154 1030.8541
-1433.5794 1070.0539
-1430.4519 1092.2998
-1381.5368 1108.7151
-1338.6710 1080.8357
-1316.8299 1033.0557
-1306.7357 964.1555
-1355.1901 879.4737
-1402.6514 806.0171
-1459.9837 733.8193
-1533.9249 686.4817
-1630.6621 619.7680
-1718.6784 552.2725
-1768.5412 547.9509
-1797.4816 552.1413
-1842.2357 581.5900
-1892.7529 635.0384
-1895.0421 681.1494
-1876.3546 735.3957
-1870.9182 826.0637
-1848.3031 902.5426
-1786.6746 927.0784
-1697.4160 947.6917
-1609.2748 1025.8876
-1572.3317 1020.6520
-1540.2814 982.1587
-1492.3187 987.0730
-1484.6232 974.7263
-1428.9256 967.5731
-1366.7751 937.3264
-1256.2614 913.3803
-1201.9415 975.1163
-1137.6437 1047.2106
-1049.8472 1173.3941
-927.7285 1296.8398
-778.8026 1452.6829
-613.3157 1776.4218
-488.5363 2126.1114
-310.8325 2452.1509
-225.3458 2671.9314
