-1804.4409 -730.6971
-1847.7341 -634.9002
-1871.8190 -563.8735
-1875.9413 -506.5867
-1869.5047 -450.6077
-1873.3315 -393.3235
-1865.3304 -326.1727
-1858.5612 -270.2267
-1851.6997 -214.2924
-1820.1906 -127.4841
-1797.3900 -28.2043
-1692.8337 71.8895
-1579.4155 171.2690
-1426.5592 278.0273
-1265.4200 486.3664
-1090.9932 772.9679
-924.4993 1038.7860
-766.7093 1384.6653
-727.7198 1639.0189
-575.3719 1829.8812
-419.1289 1899.7004
-248.3499 1993.7582
-131.5098 2046.9449
105.9107 2113.3356
285.0935 2117.2669
594.2127 2132.5529
894.3646 2157.7998
1217.4332 2196.6436
