10.9537 -1412.1741
-108.9678 -1300.6394
-119.1495 -1178.2485
-129.1711 -1055.8495
-139.0250 -933.4421
-138.2562 -833.3623
-137.4656 -733.2828
-136.7448 -644.3233
-125.5450 -555.4544
-114.4442 -466.5794
-103.3713 -366.5782
-71.8802 -266.6882
-20.3968 -166.7779
30.3553 -55.5642
120.4356 56.1339
208.8119 179.5618
295.4370 303.6064
390.3438 417.4486
484.2650 509.8155
584.5220 636.7754
664.7187 741.3451
753.3827 836.0193
812.3695 929.4403
853.4735 999.5748
883.7225 1080.2827
931.5094 1162.6447
994.0522 1269.1676
1054.8400 1376.1564
1130.0304 1496.6459
1201.1283 1628.9472
1270.9846 1750.8250
