-571.2822 -433.7625
-685.4676 -428.9110
-799.6142 -423.1746
-924.0856 -415.9057
-1079.5859 -405.3328
-1214.2605 -394.8299
-1348.8379 -383.0791
-1524.6581 -365.8227
-1689.9436 -347.6162
-1813.7721 -332.7049
-1968.3785 -312.5436
-2119.6868 -268.2609
-2261.6987 -235.0661
-2372.5924 -205.5072
-2503.5680 -171.3898
-2642.3123 -122.7626
-2768.0823 -63.3106
-2895.1381 -13.7307
-3033.8703 28.1942
-3154.4303 55.7126
-3274.7385 84.3936
-3392.1303 125.5818
-3528.9304 173.2721
-3589.9446 226.1300
-3631.6966 310.7165
-3662.6856 392.7916
-3669.8854 443.8214
-3673.6554 506.1980
-3677.0420 568.5749
-3670.4620 628.0429
-3669.8034 701.6906
-3659.1739 772.3673
-3635.3244 851.2995
-3601.7844 927.1723
-3568.0131 1002.9293
-3512.0966 1083.9438
