532.1517 300.0572
476.3661 464.9545
441.2955 619.5779
455.0248 753.7413
524.2882 890.3476
648.2649 1008.2572
820.3212 1064.2323
1000.8349 1112.6746
1195.5415 1109.5727
1380.0132 1119.8365
1555.3317 1131.8965
1705.1079 1131.3487
1878.4551 1159.7122
2069.4313 1194.3626
2288.1616 1273.5351
2492.3405 1366.6734
2654.8008 1466.3157
2822.7305 1571.5867
2962.6555 1697.2804
3068.2668 1803.7063
3072.8982 1817.4914
3192.0112 1956.3629
3321.8439 2128.6360
3425.2688 2283.3733
3542.1177 2357.3377
3638.5351 2372.6553
