987.8758 -792.0271
850.4505 -811.1860
722.9694 -817.5119
574.5485 -834.7191
425.6290 -839.3975
287.4954 -853.6142
127.7011 -844.5711
-10.6352 -833.9595
-138.1694 -822.2424
-286.5942 -798.0069
-455.5209 -760.6416
-592.0370 -722.6592
-728.9171 -705.7045
-865.5641 -687.5241
-1012.4998 -667.4260
-1159.1529 -645.8949
-1326.5174 -621.1184
-1503.9910 -593.4209
-1649.6232 -567.0275
-1784.4552 -540.4059
-1917.6543 -501.3088
-2038.5037 -451.1263
-2146.7820 -390.0988
-2274.8246 -324.8650
-2410.3203 -245.2897
-2523.9688 -167.7527
-2626.2039 -90.9190
-2704.9772 -5.7961
-2770.3250 89.2251
-2817.4888 216.4339
-2843.1496 339.6676
-2813.7158 474.4825
-2745.0427 600.3933
-2654.8870 733.1226
-2546.4662 861.7179
-2534.5629 870.8287
-2383.4384 978.6919
-2186.2776 1043.3076
-1972.6138 1061.2230
-1564.4673 1133.1942
-1284.8271 1277.6887
-1114.4768 1404.8625
-874.8618 1561.2742
-615.7884 1743.0799
