2047.7889 -996.5930
1865.2730 -1018.3312
1715.7965 -1045.8685
1576.7884 -1070.9588
1448.3024 -1093.8913
1350.4524 -1090.8655
1251.9583 -1076.1208
1134.0497 -1095.7728
963.0485 -1140.0356
801.7460 -1170.8094
693.0723 -1164.4634
616.6083 -1145.1434
529.7954 -1136.9633
464.4123 -1116.6325
323.4726 -1086.5706
183.0968 -1066.4625
43.0323 -1045.1777
-42.9820 -1022.9386
-128.7165 -989.1299
-214.5241 -988.2297
-300.3264 -986.8793
-386.1215 -985.0784
-439.7388 -983.7240
-482.6297 -982.5137
-535.5989 -958.5890
-598.7620 -922.9618
-650.2037 -865.2450
-731.2736 -761.3634
-824.9875 -723.2279
-884.9058 -652.9198
-933.7644 -582.9718
-992.5524 -512.1341
-1049.2418 -418.7217
-1095.5573 -336.9360
-1141.2212 -254.9422
-1165.8106 -174.4414
-1198.2079 -70.7039
-1190.5653 18.4426
-1148.9180 149.5179
-1126.2754 293.4443
-1059.5975 489.6396
-982.3428 707.3927
-885.0313 957.2238
-760.4840 1238.8472
-623.1617 1520.2352
-435.8799 1900.4663
-267.6025 2150.1133
-201.2118 2203.9801
-119.4338 2280.3304
70.7580 2368.7531
394.8218 2344.3083
473.6933 2348.3627
801.0743 2260.9773
