-138.8438 1001.6103
-46.0299 1056.4482
45.7747 1112.0458
154.5762 1179.7655
261.8524 1248.5785
359.0269 1307.0567
447.1319 1343.8305
502.5331 1312.8903
532.5467 1258.6083
554.4071 1192.8074
549.0450 1125.6320
480.1289 1033.2685
392.0387 918.4974
282.1180 837.3777
189.0588 779.8821
113.7845 745.5528
37.9287 745.0677
-28.4466 745.0411
-95.0120 723.1469
-152.9259 657.0199
-202.6661 546.5217
-233.5838 446.9514
-244.4366 391.5353
-235.3004 357.9905
-215.8887 346.5244
-186.6194 334.9420
-147.3331 334.4309
-88.4011 333.8897
0.0000 344.7047
68.6330 356.0085
97.7799 389.5592
77.8654 445.0215
29.0636 500.4118
-48.2560 544.9503
-144.6266 556.8255
-212.9215 513.3244
-253.7478 413.9678
-275.2529 325.4116
-295.9612 281.3652
-316.5218 248.4682
-336.8872 226.7212
-357.0090 216.1246
-346.7933 226.9798
-305.8247 281.5941
-244.4366 391.5353
