2019.5668 -1147.8511
1842.3876 -1122.8306
1665.7719 -1096.1288
1489.7451 -1067.7335
1315.0918 -1048.7961
1152.9777 -1049.6761
993.2316 -1093.5652
854.4461 -1134.7388
715.1175 -1174.6940
586.1138 -1213.0720
455.8964 -1217.0531
335.7686 -1175.3371
216.0244 -1121.6780
129.1711 -1055.8495
75.0851 -989.4639
32.0636 -922.8874
-10.6485 -856.1986
-63.6502 -789.3567
-147.9436 -722.0661
-241.7652 -631.9069
-343.7904 -485.3029
-454.1024 -337.6175
-574.0280 -233.0901
-714.6936 -170.9499
-844.6513 -119.0732
-943.2958 -68.0148
-1030.2928 -5.8119
-1116.4540 57.0248
-1190.7749 130.7442
-1244.3053 203.0806
-1305.8250 287.8389
-1373.6356 396.3286
-1430.1865 504.2097
-1474.2873 622.4474
-1501.4278 784.2875
-1507.9415 943.7877
-1525.4552 1082.2920
-1528.5304 1184.9280
-1526.8147 1196.0472
-1518.1849 1251.6359
-1479.1035 1325.6413
-1406.4285 1383.7261
-1265.2492 1422.1627
-1058.3933 1500.2082
-720.9316 1616.1591
-337.6856 1840.7342
48.1476 2224.0350
378.7553 2622.1459
403.3987 2824.0440
400.4142 2868.4843
448.7632 2904.7228
632.1675 3086.2220
908.5537 3218.3893
1121.9900 3239.1418
1337.6250 3255.7203
1660.4185 3505.6525
1905.6234 3892.7630
2164.9840 4349.0292
2320.5880 4766.1592
2200.8444 5048.2552
2099.1356 5347.6056
2041.1179 5534.3171
2000.1940 5660.0413
1947.6043 5762.3763
1882.3883 5822.0953
1780.4333 5819.1606
1660.2075 5789.8321
1577.3989 5776.4562
1532.0471 5775.3203
