4121.9901 -358.9717
4046.9672 -367.6444
3992.6328 -370.3213
3915.0502 -366.8650
3847.8958 -360.3541
3796.3851 -325.3087
3775.8208 -282.1756
3732.1081 -233.0121
3691.0342 -195.2985
3654.9752 -132.1093
3636.9180 -100.5422
3623.6358 -43.5489
3575.2257 -19.9653
3496.6875 -4.0729
3398.2040 7.1119
3294.9186 41.5312
3189.5922 87.7647
3067.4729 166.0277
2918.9470 226.8678
2759.3873 297.9174
2574.9639 399.8883
2390.6647 514.6715
2218.5431 632.8474
2058.9625 696.7153
1938.9312 768.3788
1795.5843 814.2438
1810.9161 896.5959
1794.1318 939.6734
1784.7510 995.3402
1779.0756 1028.7328
1767.9548 1038.4014
1738.4201 1045.1941
1692.3253 1038.1234
1642.6642 1053.5018
1585.6813 1056.6332
1488.7185 1077.3037
1366.2163 1084.1937
1261.0102 1105.5854
1143.3564 1160.3078
1083.7725 1199.1995
1015.5816 1237.5076
1021.0716 1271.7164
1026.4764 1305.9305
1048.4295 1353.0322
1054.8400 1376.1564
1059.9191 1410.4004
1066.2062 1433.5364
1072.4390 1456.6786
1075.9591 1502.0492
1077.9956 1558.5313
1075.7064 1648.3342
1111.3357 1776.2603
1123.0593 1879.1442
1180.2638 2010.5135
1240.9249 2154.5828
1373.1279 2333.7882
1517.5997 2530.8188
1708.8709 2569.2111
1898.9302 2612.3096
2083.6442 2540.5916
2271.9954 2472.2800
2409.0690 2391.3587
2540.4239 2309.5112
