1682.7061 -99.3615
1581.1612 -111.2560
1459.1984 -124.5329
1337.1260 -136.7266
1235.3223 -146.0630
1102.8826 -157.0824
970.3468 -166.8415
826.2469 -153.6822
693.2175 -149.7131
559.8961 -133.3722
436.7532 -104.3520
334.6756 -84.9224
232.5268 -42.5152
131.1145 -10.4916
30.1837 22.2725
-30.0593 77.8701
-89.8755 122.6170
-149.2823 167.6340
-198.1836 223.8886
-237.1939 257.9087
-275.9893 292.0503
-324.1045 337.6786
-362.3972 372.0944
-436.6803 485.7790
-392.5805 640.1734
-226.4022 802.7891
0.0000 945.1582
147.6155 1035.0866
265.4657 1115.1457
417.2078 1208.9452
539.6661 1292.4162
666.3846 1411.2863
