647.5760 -519.8029
574.1000 -511.6466
489.5990 -481.2334
384.6396 -450.9180
300.4113 -397.2330
247.9007 -353.7173
205.8270 -298.7595
184.5523 -243.4376
183.7084 -176.7168
193.0091 -109.8594
202.0370 -31.8737
210.5819 68.3604
228.8928 168.7708
256.9575 258.2838
313.7195 359.6755
369.4640 461.3447
444.2780 541.7295
519.0028 600.3623
592.9331 659.4856
619.7576 694.2961
609.6255 704.9292
590.0030 715.0957
579.3331 736.8728
586.4449 781.8257
592.8464 837.9069
624.5250 939.9713
656.0854 1031.0339
722.6639 1135.6771
848.8457 1267.8564
1010.3036 1371.7583
1215.0280 1461.2874
1470.0948 1551.5978
1737.9719 1605.9314
2017.3589 1647.3342
2324.2737 1691.8460
2635.3852 1759.5771
2961.0234 1843.1111
3245.9947 1962.8000
3550.7953 2166.9989
3824.9638 2497.0517
3875.5220 3029.0687
3661.9397 3573.7603
3351.1250 3962.0928
3150.6404 4127.3234
2782.9242 4263.3923
2568.2451 4080.3837
2541.8563 4001.1319
2601.2049 3831.6806
2715.9049 3622.5958
2965.6584 3501.9241
3275.1803 3427.2659
3631.7868 3484.1464
3693.5537 3593.0293
3689.9215 3663.6396
3613.0792 3835.3792
