-555.1395 -568.0606
-648.0236 -530.9313
-739.9651 -482.0671
-831.3286 -432.5899
-922.7641 -393.6321
-1004.1422 -365.9131
-1075.7051 -349.6185
-1135.9899 -322.6220
-1184.8986 -285.0512
-1242.8639 -235.2453
-1309.6051 -173.0578
-1373.5497 -88.1699
-1447.7715 -12.9706
-1490.9531 59.3926
-1522.2553 141.9730
-1531.7862 233.5027
-1543.5418 302.7512
-1573.1431 385.5819
-1603.5338 457.3880
-1604.3556 525.5234
-1573.1113 612.1863
-1540.4375 709.9818
-1506.3111 818.8992
-1450.5533 947.6714
-1366.2163 1084.1937
-1245.9262 1295.6445
-1100.9350 1515.9784
-906.8769 1833.3859
-886.3349 1865.1053
-865.9096 1896.8562
-846.7872 1917.5326
-661.1614 2114.9276
-302.0046 2641.1137
-35.2507 3046.8328
135.0179 3281.6241
226.9973 3484.5051
280.9560 3664.9419
334.0053 3790.3594
419.4511 3851.8573
540.2607 3850.9877
672.5113 3820.2573
