2780.1243 -1339.5445
2615.0008 -1353.4797
2449.8548 -1365.8582
2282.4080 -1354.1465
2115.2727 -1340.9794
1979.1445 -1300.1950
1843.5270 -1258.5533
1718.3644 -1203.7497
1614.5376 -1134.9888
1533.6952 -1074.9918
1463.1313 -1002.6019
1402.7940 -917.9430
1394.2220 -806.2691
1429.4201 -713.1263
1455.4061 -643.1737
1481.0305 -573.1397
1506.2864 -503.0247
1519.7151 -422.7321
1519.1515 -309.9923
1518.1324 -197.2639
1547.0668 -81.1904
1576.3026 23.8530
1613.3076 141.3897
1668.8711 261.6455
1739.2732 407.2782
