1540.4423 -1310.8245
1429.1544 -1286.6277
1307.2683 -1262.6186
1197.8437 -1259.3810
1077.0420 -1244.9973
956.4477 -1229.8013
836.5236 -1224.9283
727.1494 -1207.6334
607.1455 -1190.0529
487.1039 -1160.5223
388.6021 -1107.4350
323.2866 -1075.4484
246.9930 -1010.0181
213.8814 -932.6265
191.6688 -855.0520
190.7032 -766.0891
200.1207 -665.8731
209.2376 -554.5282
207.6335 -432.2037
226.5762 -309.5719
225.3902 -231.7286
224.0076 -142.7653
222.7743 -64.9228
221.3378 24.0396
219.8724 113.0015
218.0002 224.2033
216.4699 313.1642
224.0595 435.6542
240.3395 591.6969
265.4776 747.9785
327.4109 894.2108
405.4116 1052.5892
499.9208 1190.1616
609.3728 1329.6618
706.3962 1469.8108
789.2395 1632.5446
869.3368 1785.0120
952.6750 1950.2552
978.2069 2144.1940
1063.0215 2402.3439
1169.2950 2700.3108
