-862.1361 384.9800
-846.9046 462.2128
-832.4993 528.3188
-797.3778 615.4036
-735.4878 678.5103
-609.0179 716.0512
-474.4520 743.3637
-340.6170 772.1598
-198.5108 780.0376
-47.2185 789.5799
56.4877 822.9801
141.0703 834.8167
216.3000 835.9700
272.4332 848.2737
299.3544 893.4477
307.0737 949.2935
415.9853 1019.5682
466.2242 1132.9536
542.8235 1236.8231
636.2208 1331.2464
718.7266 1425.9579
814.8069 1545.0348
985.4692 1672.6303
1119.8397 1777.2484
1267.3899 1886.2280
1423.0163 1976.9421
1569.1641 2058.0847
1723.5520 2167.1255
1849.0457 2308.9148
1984.0226 2398.0461
2069.9671 2419.0113
2151.1898 2427.9014
2228.0744 2424.5131
2293.0951 2406.4937
2346.3353 2373.5059
2377.0187 2358.2039
2403.4901 2329.7581
2397.3634 2268.1516
2366.5630 2199.9550
2382.0825 2120.7294
2402.0557 2054.6274
2408.6667 2032.5806
2344.6615 2098.8999
2277.8952 2176.4077
