1797.6853 -991.8962
1665.9885 -971.9350
1540.7174 -894.0984
1425.1822 -792.2634
1309.8121 -678.7155
1206.0782 -563.7759
1093.8132 -460.2896
993.8054 -366.6196
895.4874 -283.5648
808.3485 -199.3901
743.5662 -135.9775
689.4196 -71.8189
655.8640 -6.5389
631.5386 81.5154
606.3573 191.8389
570.5282 323.9875
506.4541 443.8533
433.3792 574.7492
341.9964 727.6789
224.0543 913.9863
100.8159 1101.2909
-17.9764 1289.8781
-131.2489 1535.3437
-230.1507 1759.6286
-300.5608 1928.5337
-261.4420 2094.2830
-181.3922 2348.1639
30.3672 2602.0229
253.4695 2895.4215
477.1300 3241.5320
660.5085 3650.1266
737.1784 3941.2431
748.1123 4191.7696
734.0219 4393.8467
