5064.8307 -558.5432
4957.1978 -581.1976
4786.5033 -622.8511
4628.7188 -671.0082
4441.3410 -737.9904
4335.4962 -767.5325
4240.0841 -793.4228
4165.7781 -813.1064
4070.1216 -837.8349
3963.6828 -864.5526
3812.2711 -889.1004
3692.7829 -904.8918
3592.6046 -903.5844
3481.8517 -904.0395
3371.2040 -903.8131
3243.0068 -930.0140
3136.0379 -951.0113
3028.9492 -971.2530
2909.3789 -981.3026
2811.2626 -986.8211
2703.9724 -1004.8561
2596.5810 -1022.1518
2489.0930 -1038.7122
2381.5129 -1054.5410
2273.8453 -1069.6419
