-3164.3607 200.7814
-3116.2054 320.1430
-3041.0755 420.9643
-2974.0808 488.0378
-2912.6094 532.7316
-2851.4047 577.5579
-2734.9186 645.2176
-2564.4768 736.7238
-2433.9431 790.9191
-2266.9550 838.7650
-1966.3718 887.7113
-1692.0762 981.0863
-1539.6396 1050.1849
-1376.9568 1142.0782
-1230.8121 1271.3217
-1115.8167 1393.7494
-917.3070 1576.2759
-695.3838 1714.9397
-428.6987 1877.8474
-215.2445 1992.9203
24.5143 2090.5010
258.7131 2172.1070
535.5734 2262.7577
794.8574 2316.4752
992.5838 2337.3040
1268.2561 2374.2933
1511.0343 2414.7188
1775.4747 2467.3864
2045.3159 2530.7725
