-2281.6028 -1457.0045
-2346.2971 -1437.1697
-2441.3491 -1389.9677
-2525.0717 -1343.6938
-2605.7532 -1274.2614
-2656.0208 -1231.9900
-2715.4374 -1176.4375
-2763.6435 -1122.3365
-2800.7206 -1069.8160
-2846.6373 -1003.9433
-2888.7380 -915.1390
-2926.5749 -803.3947
-2963.3061 -691.3973
-2976.0297 -571.9360
-3010.5213 -459.5591
-3072.8899 -387.9499
-3185.9946 -304.6425
-3289.8780 -233.7739
-3372.3666 -166.7265
-3431.2099 -92.5993
-3497.0179 -52.1229
-3522.1152 -21.6438
-3597.3983 22.1175
-3685.0803 57.7878
-3792.4468 99.7978
-3845.3701 102.6340
-3928.3041 114.4320
-4124.0428 148.8148
-4355.9598 210.7550
-4573.5337 285.2933
