3613.9519 -898.8189
3523.7542 -954.4128
3452.6026 -993.3321
3363.0373 -988.2689
3293.1753 -967.0685
3169.7602 -885.7433
3057.5424 -802.0385
2926.5189 -733.3942
2796.2080 -664.1731
2659.5918 -618.7557
2572.6104 -541.1249
2517.2657 -458.0689
2489.5895 -347.2615
2466.3934 -201.0521
2406.4206 -26.6413
2311.7512 106.9429
2225.7786 253.5124
2132.4477 387.2771
2028.3998 530.7784
1908.2480 660.3539
1825.2955 750.2905
1744.9410 829.3896
1689.8740 935.1771
1642.6642 1053.5018
1624.7745 1164.7391
1644.3981 1270.2914
1678.7636 1389.8766
1757.3925 1506.0504
1867.9601 1629.5363
2046.1009 1792.8151
2289.0672 1954.4225
2549.3827 2095.2856
2873.7035 2194.9462
3105.0748 2300.0888
3361.2101 2450.0511
3634.9590 2595.1093
