-641.4839 -631.5327
-734.5843 -593.8894
-837.7231 -555.0656
-888.8062 -529.8049
-950.8140 -514.8355
-1064.0987 -484.8382
-1176.9936 -453.9342
-1302.6119 -454.6733
-1418.9117 -466.5225
-1481.3221 -460.4398
-1544.7833 -465.2610
-1690.3514 -449.4182
-1846.1460 -430.8253
-2004.5405 -432.9604
-2155.7440 -457.4160
-2221.1539 -470.6892
-2316.3506 -467.6618
-2453.1885 -457.2390
-2557.1055 -439.7007
-2659.0804 -410.1197
-2758.8645 -368.4573
-2858.1898 -325.9736
-2887.0852 -308.5470
-2954.9532 -271.3542
-3040.8143 -218.0720
-3126.0687 -164.0886
-3210.7028 -109.3997
-3297.1587 -65.3413
-3375.5844 -34.4204
-3441.0796 5.8559
-3506.2206 46.5645
-3568.2538 99.0754
-3662.5010 148.8662
-3769.0472 190.9871
-3852.2767 239.6996
-3872.0641 245.5562
-3944.3739 254.9091
-3980.2977 241.0910
-4026.1795 230.3667
