408.8251 -194.2532
346.7120 -162.5252
295.0432 -130.3251
223.1289 -87.1635
151.6521 -43.6432
80.6866 -10.8817
20.1390 11.1344
-50.3061 22.3320
-120.6344 33.8944
-190.8434 45.8221
-260.9309 58.1156
-340.6359 82.1465
-419.7058 117.7803
-498.3485 153.8983
-566.1347 201.1954
-634.5095 226.6184
-702.6194 252.4143
-788.7973 302.0261
-856.1936 328.6793
-931.4356 378.6801
-1026.4684 419.6171
-1110.1321 471.5930
-1191.9267 535.3332
-1246.3231 574.4673
-1301.5803 602.7481
-1364.8310 643.5206
-1407.1683 693.5587
-1438.1385 753.7719
-1468.6310 814.1065
-1487.7348 884.4819
-1469.1591 950.0554
-1444.4255 992.1799
-1409.0489 1044.2863
-1384.5747 1086.4710
-1349.5717 1138.6735
-1292.2249 1222.1054
-1226.5289 1304.6686
-1160.2451 1398.6075
-1084.7406 1502.9812
-1043.0847 1554.8525
-972.0127 1637.5906
-894.6234 1708.8085
-826.8487 1781.2543
-767.4300 1865.8749
-699.6684 1961.2542
-625.0146 2056.4491
-536.5185 2140.0396
-418.3707 2211.6913
-278.6301 2284.0250
-134.2922 2336.1613
0.0000 2379.5747
101.5447 2413.5532
194.6246 2437.4622
302.5666 2462.9775
441.3409 2480.4147
619.0660 2491.9464
796.4275 2507.3595
980.9980 2527.5900
1157.2854 2550.9625
1332.8825 2578.2476
1505.1488 2620.4842
1675.8971 2666.6138
1845.0080 2716.6443
2013.1651 2818.2300
