1695.2462 -1059.2810
1506.0612 -998.7161
1350.1734 -933.6566
1172.5729 -846.6184
996.5852 -757.9310
832.8311 -666.9885
681.6865 -585.1975
564.0573 -523.1683
478.5113 -459.3229
404.2706 -405.8734
289.2127 -352.9564
185.2454 -299.0383
92.3477 -255.4510
0.0000 -211.2707
-102.0622 -177.5432
-213.6594 -131.8039
-314.3958 -85.3966
-414.4617 -38.2396
-513.8412 9.6712
-592.4487 57.4452
-650.4856 104.7223
-708.6847 141.1505
-766.5515 177.8554
-823.3688 225.9666
-870.6205 262.5634
-908.5334 287.5288
-945.4504 323.7489
-962.5254 358.6021
-958.1780 414.2533
-952.8949 481.0297
-939.6653 524.8063
-926.4766 568.5868
-921.1367 635.3482
-933.8348 714.7027
-979.8976 841.6846
-1026.5694 946.6861
-1059.2517 994.5907
-1091.5624 1042.6161
-1114.3220 1089.8348
-1135.5187 1148.2387
-1126.5564 1226.0684
-1068.8108 1332.6002
-947.6207 1455.6487
-782.5982 1609.6332
-587.0063 1785.9409
-348.1410 1985.8735
-24.1849 2190.5765
392.9613 2511.3836
