-2645.7480 -528.4709
-2690.7596 -474.0565
-2724.9856 -421.3313
-2775.6722 -341.9647
-2809.2381 -230.4248
-2811.1087 -124.8359
-2794.1827 -34.6555
-2763.2958 17.5704
-2718.0896 90.2538
-2663.0008 160.9108
-2610.2712 220.3647
-2555.5801 291.0872
-2506.5397 386.1848
-2464.1451 447.6432
-2378.8247 523.9969
-2199.3852 629.3559
-2232.3152 612.2630
-2013.0282 734.8441
-1791.9687 836.5251
-1508.0072 875.7797
-1305.6445 896.3323
-1154.7305 891.4789
-948.7505 872.7170
-798.7358 861.3994
-517.0864 845.4434
