107.9528 -1111.6024
-64.3969 -1000.6292
-234.9822 -910.0882
-393.4666 -829.0953
-488.2255 -793.0627
-530.3289 -780.5674
-614.3593 -755.2270
-624.5450 -743.6802
-737.5353 -660.6784
-840.5639 -610.7400
-922.0322 -561.3357
-1013.4188 -510.7396
-1104.9864 -470.6660
-1164.9551 -432.4589
-1234.9714 -393.1034
-1294.2938 -354.2862
-1370.8748 -279.7754
-1437.4310 -216.9414
-1464.8021 -180.3255
-1536.9294 -82.3174
-1610.3504 -6.1036
-1632.6715 64.4742
-1663.1547 147.5300
-1706.9038 277.9361
-1698.6842 413.1275
-1681.6587 535.7987
-1672.1434 670.8779
-1663.5571 794.7612
-1609.3247 900.8258
-1559.7410 1041.6152
-1519.4430 1183.6536
-1478.6875 1268.8181
-1404.7553 1394.8371
-1319.8230 1542.1527
-1246.6008 1679.7899
-1206.4308 1776.4504
-1193.1227 1808.6825
-1087.8140 2010.3112
-980.4256 2189.4704
-743.2808 2423.8682
-502.0354 2696.0009
-273.6204 2929.5436
0.0000 3113.4622
