4026.6642 -678.5526
3930.4887 -642.5261
3834.5915 -606.2108
3728.5117 -572.1710
3591.4199 -545.1946
3425.6895 -535.9056
3241.5992 -540.9567
3068.2351 -541.8075
2899.8953 -504.8673
2728.6954 -443.9056
2569.0095 -379.7724
2420.7610 -312.7310
2283.8615 -243.0274
2158.2113 -170.8899
2043.6992 -96.5295
1940.2031 -20.1394
1847.5896 58.1057
1775.6886 139.3760
1731.1022 247.0642
1729.5092 405.9402
1741.0368 600.9478
1756.1198 819.6615
1769.8443 1027.2719
1771.4124 1233.3993
1763.4141 1426.8101
1753.1235 1620.0708
1742.7879 1802.0765
1745.7731 1952.2784
1764.9845 2059.7870
1815.0403 2173.9772
