-1168.9188 -790.8565
-1325.4732 -744.7803
-1470.7119 -698.0197
-1605.7461 -662.0513
-1740.2865 -624.8050
-1842.8684 -590.1106
-1934.6066 -555.9832
-2025.9996 -521.2220
-2096.2051 -488.7596
-2155.7440 -457.4160
-2195.8137 -440.0993
-2243.0547 -398.6236
-2288.3844 -345.7037
-2324.6898 -305.4562
-2371.0172 -263.3762
-2405.0354 -211.5797
-2438.7052 -159.6410
-2484.0541 -116.9937
-2508.8173 -77.8148
-2543.4821 -36.6922
-2587.9555 6.4763
-2632.0976 49.8606
-2705.9214 99.4806
-2766.9861 158.8122
-2817.4888 216.4339
-2855.1668 283.4401
-2889.7495 361.9048
-2920.9839 451.8137
-2958.2337 555.4600
-2994.1263 659.3735
-2999.5801 875.6163
-2979.3162 1097.9235
-2904.5415 1293.7330
-2828.4586 1489.0028
-2751.1030 1683.7408
