-1243.5399 -369.9273
-1292.4172 -331.9805
-1329.7592 -283.6331
-1364.7492 -212.8441
-1388.0022 -131.7773
-1419.7659 -38.4427
-1430.7368 52.8866
-1431.2823 143.1647
-1422.8228 221.2093
-1414.2200 299.2383
-1422.4864 401.7163
-1437.1894 527.6105
-1450.9108 653.5496
-1425.8104 774.8919
-1361.7260 902.8330
-1215.2749 1021.5940
-1056.9182 1106.6770
-860.8398 1235.2226
-609.4078 1463.5906
-316.6305 1728.6859
-33.1657 1979.3323
200.5946 2226.2168
355.6530 2487.3842
472.1108 2694.1238
548.8392 2922.6869
625.8351 3141.6717
696.4666 3395.5283
