3935.7010 -835.1375
3797.1114 -808.4536
3673.8355 -801.4553
3542.2328 -807.4984
3408.7233 -801.0952
3268.7007 -818.7267
3041.7171 -840.2043
2816.4030 -869.8094
2590.8738 -896.1723
2351.7105 -898.3563
2196.9699 -874.4754
2042.7355 -849.2989
1899.6545 -821.5506
1725.2514 -796.1859
1585.2565 -788.2674
1413.6837 -782.0498
1264.3808 -783.4956
1083.3475 -785.7624
934.2307 -784.1159
764.5037 -793.2510
615.9263 -799.7404
499.1518 -803.8565
392.7231 -795.7258
307.8211 -797.6078
191.0681 -799.4501
105.7433 -733.5297
-21.0659 -667.1561
-157.2519 -588.5215
-302.5470 -508.4467
-436.2947 -438.3568
-569.2357 -378.1322
-701.6424 -327.7696
-811.4129 -255.0483
-919.3484 -170.2601
-1013.3701 -51.8617
-1096.3820 55.3823
-1196.7106 176.2016
-1287.2305 274.7238
-1374.8728 385.1864
-1457.8789 518.7306
-1490.5849 647.0687
-1536.1138 811.4407
-1489.1416 1009.3264
-1420.4664 1226.9291
-1406.5882 1259.0906
-1271.3221 1569.8518
-1133.8007 1801.4492
-1072.0974 1940.8096
-794.8574 2316.4752
-594.5369 2590.7287
-334.9552 2731.5627
-87.2506 2869.3452
179.3556 2948.8784
439.3516 3026.8952
703.5246 3081.7938
876.6008 3112.5897
1050.3711 3136.6994
1223.2896 3165.2165
1395.2089 3198.1527
1526.2786 3272.9943
1647.3235 3348.9642
1754.8121 3436.4628
1856.8419 3549.5589
1940.2051 3696.8198
1951.2976 3834.9950
