-2344.9420 -371.2075
-2268.6024 -210.9939
-2185.5564 -6.0650
-2122.9234 133.1073
-2107.7219 165.0929
-2094.2814 185.8892
-1991.8851 387.4005
-1805.6653 690.2140
-1538.6476 993.2865
-1172.6688 1298.5802
-905.5640 1519.1356
-685.9063 1725.4445
-491.0192 1958.9577
-323.3596 2174.2465
-180.5205 2381.5189
-76.4391 2557.8505
-52.0308 2735.5750
-14.4876 2891.0863
28.3123 3024.5623
69.2324 3147.1678
81.1888 3269.6289
105.6858 3392.3156
129.1419 3503.9799
158.0383 3604.7800
184.5984 3727.9521
233.5908 3952.4403
255.4374 4232.0081
