2931.5062 -1058.8709
2783.7744 -1026.2972
2679.4663 -985.7488
2566.3096 -957.7471
2445.6477 -953.3035
2337.2000 -957.7613
2239.4976 -960.0449
2120.4171 -964.5614
2044.2255 -962.9083
1946.6620 -963.4894
1870.5715 -961.0588
1803.1086 -934.7003
1734.7818 -896.9254
1664.6516 -836.5649
1581.2624 -743.5500
1487.9339 -651.3236
1405.8047 -557.7865
1337.5153 -496.5344
1290.4000 -433.2726
1241.7440 -347.6264
1213.9352 -260.1842
1227.9612 -180.3958
1196.3117 -48.4160
1163.7383 94.6846
1134.1231 204.3503
1107.5375 280.6077
1072.2360 344.9187
1045.9743 421.2180
1030.5046 487.2001
1025.6807 542.8504
1040.0141 600.1186
1062.6195 669.3835
1112.1420 752.4777
1207.0423 930.6177
1320.3024 1078.6356
1456.6469 1231.7624
1631.1319 1348.0873
1777.1037 1497.9995
1837.3618 1646.8552
1886.9806 1748.6381
1965.8023 1868.8494
