-2010.7999 -853.3520
-2016.5087 -807.1258
-2022.0999 -760.8915
-2027.5725 -714.6494
-2032.9257 -668.3997
-2038.1583 -622.1426
-2044.6237 -587.0934
-2051.0091 -552.0356
-2057.3140 -516.9692
-2063.5377 -481.8945
-2065.3720 -413.1766
-2046.3231 -347.3756
-2025.7414 -270.3958
-2003.5687 -182.2506
-1981.2658 -94.1463
-1925.5252 11.9879
-1860.7378 185.1781
-1812.2151 315.0143
-1762.1787 455.9660
-1769.8448 605.0966
-1769.0858 798.7993
-1766.2265 992.4269
-1758.4488 1094.0395
-1741.0926 1194.1484
-1645.1260 1373.0975
-1503.1405 1567.8596
-1354.4354 1773.5343
-1158.7744 1985.1569
-953.8661 2141.5377
-709.9009 2286.5752
-422.2780 2412.5201
-92.3487 2513.5340
311.1655 2608.0619
773.5960 2695.9241
1222.0693 2822.3773
1598.7802 2986.7052
1901.4118 3179.8635
2173.2785 3396.2440
2392.7083 3626.1994
2560.1811 3878.2137
2541.0949 4241.2583
