2441.9132 -677.9131
2292.8085 -689.2110
2131.7925 -689.3044
1980.2476 -675.2381
1817.3795 -649.8583
1654.0301 -611.7508
1490.4984 -560.9454
1328.9203 -519.7769
1169.0450 -488.1990
1009.8907 -455.0344
840.5108 -409.7351
671.2011 -340.3602
514.0957 -279.9290
368.5149 -217.6179
234.7344 -175.9605
101.9043 -155.3038
-40.7620 -155.6140
-193.7640 -165.4602
-347.5144 -195.8902
-502.3054 -235.7957
-647.6823 -274.5322
-794.4230 -322.9852
-931.1005 -359.5673
-1067.6917 -383.8039
-1203.0425 -384.5332
-1328.1405 -384.9683
-1369.5328 -381.1602
-1452.2857 -373.1882
-1575.1978 -349.1684
-1626.8137 -343.4943
-1709.3582 -334.0270
-1843.3786 -317.6195
-1975.8124 -288.7417
-2094.5379 -237.6556
-2199.0076 -164.5840
-2293.9612 -103.4014
-2341.1242 -72.4991
-2379.8038 -54.3619
-2442.9837 2.9553
-2497.5026 47.6042
-2549.5792 103.7901
-2601.1145 160.2853
-2649.9033 228.3222
-2710.1142 287.4960
-2789.2826 351.3512
-2870.0632 404.6563
-2969.5971 463.2420
-3068.2432 522.8507
-3160.2793 605.9864
-3238.3414 698.8219
-3289.6666 809.6615
-3320.4872 915.5604
-3323.3055 940.7116
-3336.3311 1066.4962
-3297.3018 1225.8511
-3197.8182 1415.5171
-3020.9260 1605.4275
-2715.3779 1769.8547
-2307.7462 1982.7285
-1756.1815 2208.2761
-1207.4865 2399.3738
-858.0138 2513.6319
