3033.9009 -1157.1918
2879.2967 -1160.9490
2723.3619 -1152.0428
2601.5390 -1148.1827
2479.8557 -1143.5148
2392.0401 -1144.7380
2304.2640 -1145.5223
2226.1260 -1133.1869
2157.7115 -1107.9056
2100.2330 -1081.0595
2020.2152 -1045.4866
1939.3324 -998.4152
1827.7275 -965.9205
1694.1158 -923.8506
1551.3878 -893.0730
1432.2435 -881.6164
1313.3100 -869.3238
1195.3295 -867.3475
1066.7813 -865.2316
938.3288 -862.0990
788.6801 -859.0151
638.7565 -843.4158
478.8190 -837.8869
297.7702 -831.1757
106.4179 -844.7274
-85.2932 -878.2143
-288.3827 -909.2218
-491.2743 -904.3152
-671.9255 -875.4953
-819.0981 -823.9995
