1320.4846 2439.3315
1358.8423 2365.6931
1442.9697 2311.1109
1594.4272 2257.7171
1727.1712 2260.2601
1860.2240 2264.8087
1969.6319 2265.8577
2024.4047 2220.0009
2050.2421 2155.7291
2060.1977 2052.6614
2099.9438 1933.0289
2204.3342 1769.5076
2361.7857 1653.7072
2532.9224 1601.4177
2685.5314 1653.5702
2737.4381 1788.1708
2722.8349 1892.4651
2673.0122 1962.4035
2609.1783 1992.1733
2542.2636 2033.2582
2485.2865 2101.1898
2419.3165 2142.7470
2346.2229 2123.0783
2316.6732 2044.1820
2361.8685 1949.1143
2471.0770 1882.4876
2642.3247 1857.3985
2876.0870 1902.0789
3097.2150 2035.4847
3247.5750 2264.9683
3342.3190 2532.4405
3365.7331 2842.2328
3350.9865 3140.8734
3300.5609 3413.1383
3327.8120 3593.0640
3432.1499 3708.9632
3579.3833 3857.9494
