-363.0757 -418.0756
-404.5607 -416.9962
-445.7227 -404.6765
-496.8159 -380.7671
-546.5465 -323.2948
-605.2194 -242.9462
-663.1704 -162.3152
-720.3796 -81.4004
-776.8270 -0.2006
-802.4388 79.4595
-827.6154 159.1926
-852.3474 238.9980
-867.5605 307.0803
-891.4780 387.0044
-906.0473 455.1641
-921.1946 512.2257
-943.9292 592.3112
-908.8925 668.0023
-836.2136 741.0155
-763.5717 825.5086
-671.7880 931.4924
-534.3102 1058.0170
-390.4602 1196.8115
-259.0854 1348.6517
-122.9622 1501.8758
42.9672 1690.2595
243.1588 1893.4726
474.3799 2091.8910
695.0722 2274.1671
881.4024 2392.4508
1064.7502 2492.9726
1246.9062 2575.7645
1447.3909 2667.1089
1663.5694 2803.3471
