-2420.5044 -1106.2586
-2432.5729 -1024.1609
-2444.2288 -942.0273
-2466.1156 -858.2212
-2485.9472 -763.0529
-2494.5966 -669.5057
-2501.0628 -564.6708
-2515.5527 -446.8076
-2508.4644 -332.4640
-2470.0161 -223.5367
-2431.3869 -114.7032
-2419.3914 -105.2380
-2380.6415 3.5016
-2309.8755 118.1513
-2183.6708 200.3989
-2120.5340 213.0330
-2044.1675 246.7398
-1931.8645 321.0118
-1822.2270 384.7779
-1682.8194 456.4329
-1529.4742 572.6553
-1434.3327 708.0862
-1410.6494 818.2813
-1469.0123 882.0837
-1540.6797 914.1246
-1609.3247 900.8258
-1659.4588 885.1939
-1737.8596 873.9413
-1842.7309 878.7667
-1969.6604 922.7363
-1988.3096 925.9609
-2178.9603 937.6524
-2260.3443 918.6810
-2321.0094 907.5623
-2369.2533 999.0422
-2452.8492 1098.9557
