2090.8618 -1434.8788
1901.5720 -1422.1506
1724.4600 -1417.6791
1546.7757 -1400.3176
1370.1759 -1392.4545
1192.5903 -1360.5632
1015.5984 -1327.0036
850.5691 -1302.3664
697.2392 -1286.9205
543.8918 -1259.0196
380.5462 -1252.2854
217.3473 -1244.0062
54.3085 -1234.1791
-54.1290 -1167.4616
-216.3902 -1155.0401
-378.2383 -1129.9288
-518.1047 -1103.9212
-646.8391 -1077.1409
-775.2361 -1049.3347
-903.2849 -1020.4959
-1030.9744 -990.6175
-1158.9817 -970.8458
-1286.7690 -950.0355
-1414.3273 -928.1812
-1541.6477 -905.2771
