-3306.5041 175.9457
-3261.4928 188.6800
-3204.0507 210.3966
-3169.1454 225.7603
-3124.4070 238.8070
-3077.2194 263.2384
-3007.9306 294.4280
-2936.4210 337.0950
-2857.8977 366.5253
-2769.9247 394.1455
-2694.4339 413.0685
-2597.4120 439.5170
-2512.7793 457.2916
-2440.3274 466.2331
-2358.3262 473.7062
-2225.9573 484.0895
-2235.6576 485.8253
-2053.3700 500.4635
-1873.6333 506.4038
-1725.0804 507.6680
-1607.3360 503.2292
-1517.3105 514.5545
-1417.8568 525.3797
-1307.7778 547.0700
-1168.1727 578.0147
-1054.1031 657.4162
-970.8943 728.8666
-897.1270 812.6259
-834.5133 886.2906
-773.4393 949.0969
-721.4619 1023.8809
-660.9314 1098.2974
-598.4260 1217.4595
-556.9803 1304.4618
-533.2578 1403.5977
