253.0660 -1510.4718
186.7742 -1477.9185
131.6439 -1445.0482
54.7686 -1412.0926
-21.8625 -1367.6858
-130.9686 -1333.8484
-250.6200 -1299.1675
-369.6749 -1252.5230
-499.0311 -1204.7107
-617.2982 -1167.4024
-745.9338 -1128.7528
-874.5758 -1100.2069
-992.0966 -1071.2751
-1109.2914 -1041.4680
-1214.7014 -1000.4202
-1320.4447 -969.7875
-1416.0168 -950.5207
-1521.2061 -918.4820
-1627.0460 -896.8784
-1711.3679 -876.8256
-1795.5372 -856.2951
-1887.8636 -811.6109
-1947.9451 -770.2537
-2006.4463 -717.3840
-2064.5221 -664.2078
-2110.2815 -600.9544
-2147.9715 -561.4150
-2192.9108 -497.7608
-2225.4279 -424.2209
-2257.4113 -350.5350
-2271.5701 -302.4111
-2283.8615 -243.0274
-2285.6675 -185.2664
-2275.3827 -117.9476
-2254.8188 -52.3125
-2195.6379 -4.4502
-2106.5881 38.8322
-2016.3845 93.7209
-1912.2314 249.5930
-1763.7792 444.8099
-1617.6126 572.6315
-1464.3077 700.4118
-1276.0985 825.3853
-1060.3881 983.4681
-905.0659 1048.3988
-752.5797 1104.1564
-612.3416 1140.1319
-482.8544 1167.1022
-353.7474 1206.6845
-243.7972 1248.1532
-142.7839 1357.5512
