2751.1188 -1471.2159
2645.9242 -1429.4795
2519.1608 -1390.4860
2383.0783 -1363.6047
2258.2756 -1334.4491
2124.0172 -1317.1564
2000.9342 -1297.6911
1844.4991 -1269.7673
1710.2730 -1238.4397
1620.7377 -1213.3195
1520.5893 -1188.7724
1420.6972 -1163.7058
1331.1329 -1126.0966
1220.3256 -1089.6817
1110.5719 -1063.7704
1011.8865 -1036.5365
914.0287 -1019.9026
806.5760 -1025.5179
688.3434 -1030.8811
559.0002 -1024.6337
429.7774 -1017.3814
322.3471 -1019.8376
214.7783 -1010.4710
85.8624 -1000.5309
-42.9059 -989.5800
-182.2382 -977.4997
-321.3921 -964.2271
-460.0802 -938.6339
-608.7079 -900.3053
-757.1959 -871.6929
-905.8113 -852.8025
-1032.2552 -822.7491
-1158.3094 -791.6384
-1301.8023 -713.0797
-1432.4763 -622.8184
-1521.8913 -557.8226
-1610.5283 -492.1744
-1699.5568 -437.0499
-1778.8452 -393.7181
-1878.3365 -347.2270
-1975.8124 -288.7417
-2037.2388 -200.2730
-2056.9986 -117.4300
-2050.6785 -72.6417
-2025.6802 -42.0463
-1974.2786 30.3808
-1924.7011 91.6856
-1890.0174 120.9482
-1855.4419 150.2645
-1832.4525 169.8388
-1839.3125 193.5617
-1900.4821 190.8445
-1973.2970 178.7002
-2057.9386 157.2714
-2142.8771 136.3017
-2234.4419 139.8610
-2316.0820 142.2975
-2379.7688 130.4286
-2455.5650 109.4288
-2531.6048 88.7706
-2599.9153 55.2788
-2680.6447 12.7366
-2781.9461 -25.4380
-2877.1607 -29.2565
-2972.5242 -32.4768
-3078.1346 -32.8405
-3183.8859 -32.4573
-3294.8978 -6.2318
-3387.8675 52.4961
-3460.0885 106.9214
-3524.5178 147.9181
-3575.8106 198.0057
-3619.6548 234.3174
-3643.4922 265.3002
-3682.9789 276.4444
-3751.9958 296.2700
-3827.0772 293.7417
-3908.5043 268.7771
-3987.0456 255.5359
-4065.7735 242.6297
-4144.6844 230.0570
