-2078.8049 -605.2731
-2159.8699 -571.1535
-2239.1259 -525.2906
-2307.5150 -480.5141
-2373.8658 -424.0844
-2427.6256 -357.7077
-2468.7086 -281.5294
-2486.8362 -197.4811
-2496.0966 -126.4217
-2498.6821 -79.6451
-2563.7923 25.1490
-2629.5345 119.2641
-2678.5327 187.4052
-2717.6782 300.7978
-2747.9900 401.1202
-2781.8761 526.2346
-2787.0761 680.7659
-2786.2842 810.6267
-2799.0323 920.3417
-2806.3663 969.6270
-2796.3651 1121.7013
-2772.4576 1282.3853
-2723.3530 1424.6356
-2621.1636 1552.8233
-2477.3761 1634.8091
-2287.0060 1659.5667
-2114.1547 1621.0522
-1823.0995 1540.6361
-1537.5055 1470.5549
-1364.2893 1423.4332
-1217.8865 1371.3532
-976.9830 1346.1472
-723.0846 1370.3750
-416.2747 1431.6737
-156.6979 1580.1955
153.4433 1758.1028
495.7653 2014.9748
