2726.2662 -1174.6991
2601.5390 -1148.1827
2466.3624 -1122.5280
2331.5778 -1095.9806
2231.9988 -1086.7326
2161.2269 -1039.0401
2127.3852 -929.4549
2102.7260 -807.3062
2069.8146 -709.0914
2007.9512 -637.5151
1924.1442 -557.3168
1826.6565 -444.5921
1741.5536 -341.5343
1691.6264 -268.1756
1632.9648 -207.1046
1545.2635 -160.4534
1455.8011 -91.0610
1354.7825 0.0386
1243.7738 101.8663
1132.1751 226.6250
1031.1283 363.9580
950.2263 514.4157
868.1236 698.5557
786.8879 894.1236
764.2765 1071.4247
793.8547 1274.8186
