-1976.6654 -60.5751
-1948.7542 -7.5220
-1919.3577 56.7153
-1850.7990 183.7808
-1755.2859 363.9915
-1668.8765 556.7842
-1594.3440 739.7624
-1520.4259 922.7631
-1389.1083 1053.1021
-1200.2857 1222.7635
-1007.8849 1393.9872
-810.6898 1589.4880
-617.4293 1720.8514
-423.2076 1821.8858
-208.7452 1926.0179
41.0382 2057.2022
279.5017 2261.7910
539.1282 2519.7789
750.5815 2760.9908
916.9284 2948.3946
1079.7285 3095.7454
1273.9044 3254.8031
1376.8993 3402.4894
1472.2086 3552.0718
1472.9851 3763.2708
1460.6064 3972.2620
1459.6895 4114.2968
1449.2875 4158.9068
