-907.2651 164.4043
-1080.0513 132.5343
-1224.4549 201.2183
-1374.8151 294.9863
-1522.8611 390.7720
-1625.9356 437.5907
-1728.2597 485.3626
-1810.4931 531.2449
-1863.2231 573.3467
-1877.1615 609.7543
-1883.1766 633.5461
-1858.6750 664.0401
-1837.7995 672.2580
-1807.4152 679.0661
-1738.9332 680.3553
-1641.9097 678.0752
-1520.7436 639.5026
-1389.3000 601.1490
-1259.5207 542.0456
-1128.5065 484.4658
-1006.9600 418.0466
-883.2924 364.0648
-788.0980 313.1533
-690.3010 296.3877
-602.1502 280.8338
-512.9072 288.1380
-442.7108 318.9542
-362.7254 360.9734
-283.7986 381.2281
