-3146.9724 494.8129
-3184.1268 552.2188
-3226.5505 587.3242
-3274.6008 600.1257
-3293.8058 605.3045
-3341.7799 618.3968
-3392.2429 583.9243
-3413.9096 541.4671
-3419.8923 518.8902
-3403.5057 502.2727
-3380.2862 471.7669
-3404.5411 417.9143
-3437.2781 330.0696
-3510.6252 204.6630
-3587.0910 152.5673
-3642.5648 143.3876
-3685.2944 142.9975
-3725.1594 154.1160
-3753.7872 125.5456
-3775.3097 82.7505
-3763.7976 42.9262
-3752.1076 3.1354
-3740.2408 -36.6214
-3766.7691 -102.4057
-3772.1840 -125.2668
-3785.5903 -182.4538
-3829.8072 -280.0619
