-2502.4657 -725.8640
-2575.5390 -633.1038
-2605.6815 -547.0249
-2624.7468 -462.6328
-2632.8905 -380.0254
-2599.3932 -304.8643
-2498.8931 -206.9289
-2387.1084 -99.2651
-2375.1468 -89.7761
-2264.3869 18.2802
-2132.9008 134.7007
-2096.0266 174.7015
-2014.4902 242.1252
-1899.0412 338.9535
-1757.2175 421.1346
-1596.1707 513.1272
-1418.1087 604.4660
-1223.6022 695.9489
-949.9972 749.5832
-662.0341 785.8337
-461.6641 820.8334
-338.8762 827.7603
-9.4049 833.9669
320.0550 827.2291
641.8271 807.0296
851.7364 786.8632
1025.8011 755.9063
1191.4856 726.4538
1352.8286 743.7264
1510.8753 785.4967
1666.2559 840.6522
1792.2147 893.6695
1885.6686 908.6148
1946.9786 941.8221
2006.9530 929.2170
2059.8715 904.0650
2089.1228 851.6948
2078.6382 803.7306
2056.4270 765.2916
2011.0600 745.9971
1954.1491 736.4876
1885.8442 736.8986
1844.2477 753.2270
1782.0742 777.9417
1652.4576 804.5659
1523.5973 832.4756
1394.0802 872.8008
1274.9288 915.4396
1208.6341 998.3518
1149.7456 1104.7084
1109.7250 1213.0744
1105.8950 1325.1739
1067.1766 1501.1249
1140.7408 1813.5596
1384.4551 2187.3793
1746.9844 2577.4535
