352.4595 -907.9485
213.4908 -899.2646
74.6776 -889.3871
-74.5855 -867.1478
-202.1905 -843.8002
-318.6358 -808.5194
-424.2893 -783.7787
-529.9908 -769.4413
-656.2850 -742.3814
-804.3705 -735.4660
-942.4266 -738.9227
-1101.7491 -739.6988
-1281.5031 -725.9891
-1450.5418 -711.1725
-1578.2345 -710.0152
-1684.8769 -710.1266
-1770.4637 -711.9398
-1877.2315 -710.7659
-1994.6136 -707.5258
-2112.0427 -703.4151
-2240.0645 -696.9137
-2368.1130 -689.3684
-2506.7207 -679.0731
-2645.3257 -667.5409
-2773.3928 -656.6631
-2890.9341 -646.7041
-3008.4757 -635.8534
-3127.9809 -635.4695
-3247.6131 -634.2270
-3358.9433 -645.8300
-3470.4998 -656.7730
