2617.9762 -1283.9309
2389.1765 -1316.9771
2160.0299 -1346.8839
1953.4229 -1382.4913
1756.4457 -1403.2359
1592.1589 -1418.8045
1427.0450 -1421.6414
1261.9946 -1422.9570
1097.5713 -1433.9063
932.6020 -1432.1732
777.9045 -1406.1709
612.6788 -1379.2566
469.7517 -1350.2650
337.9635 -1308.8077
217.4651 -1255.1270
86.7505 -1200.6855
-32.4228 -1134.1585
-172.4263 -1077.6981
-301.2119 -1042.4882
-450.7293 -994.5566
-557.0156 -957.8699
-662.8847 -920.4593
-779.4674 -892.9396
-885.0647 -865.1347
-969.0812 -837.9075
-1028.3506 -755.8814
-1096.0271 -650.5213
-1260.1094 -581.8273
-1434.2591 -521.3445
-1518.6424 -411.5646
-1572.9221 -326.8295
-1596.8078 -256.4231
-1664.9744 -124.1399
-1764.2932 -9.7882
-1834.5738 79.0873
-1913.6174 169.9299
-1946.7541 288.9767
-1990.1174 398.5710
-2004.9153 492.5600
-2013.3005 620.0801
-2001.5783 744.3926
-2003.7891 894.1582
-1973.8616 1003.9288
-1934.5491 1112.0177
-1877.6732 1262.9471
-1805.2353 1399.5952
-1722.5952 1545.9352
-1602.4589 1708.9329
-1370.6555 1934.8809
-1124.2420 2105.0835
-801.0743 2260.9773
-469.9019 2403.9208
-115.6278 2502.7105
221.3430 2783.1005
527.0839 3077.5545
