1631.9131 -952.8100
1418.5304 -984.0317
1239.0468 -1043.4508
1068.7175 -1088.8962
906.4235 -1087.3389
743.8125 -1073.0833
559.9780 -1058.0161
365.5353 -1030.0623
150.3467 -1011.1872
-42.9059 -989.5800
-215.0308 -1032.7124
-367.0162 -1107.9229
-539.3779 -1092.1108
-688.3434 -1030.8811
-838.3240 -1012.7700
-979.6257 -1038.4825
-1117.4351 -996.1366
-1196.7925 -889.6565
-1255.3523 -806.6564
-1342.3036 -687.1667
-1456.1320 -530.5037
-1513.5715 -468.4668
-1578.5879 -382.6792
-1721.1600 -253.3341
-1872.4637 -131.9569
-2034.1938 -29.3624
-2170.3189 25.9343
-2281.7518 101.8006
-2366.0883 208.9009
-2460.5325 307.5133
-2545.6487 393.9677
-2631.6800 470.0507
-2704.3899 556.0567
-2756.6072 638.3591
-2788.7236 716.5928
-2837.6106 763.6918
-2863.2520 781.7536
-2888.8109 799.8903
-2904.8679 815.7561
-2927.4278 845.2156
-2946.9290 885.9425
-2963.2244 937.9256
-2985.3991 1003.5975
-3000.7604 1091.7162
-3021.0678 1193.5801
-3033.4004 1317.8261
-3045.8264 1466.9419
-3043.3205 1624.4649
-3007.8484 1760.0078
-2953.5091 1865.1939
-2880.7236 1915.6973
