1428.4702 -1443.9971
1318.1022 -1441.3025
1207.8013 -1437.9390
1097.5713 -1433.9063
986.9179 -1418.0567
854.5521 -1402.6235
720.9159 -1341.6958
566.8518 -1302.8300
434.1912 -1217.6197
270.1799 -1132.0161
107.5174 -1033.7638
-85.6061 -944.9324
-255.5541 -854.1574
-424.0188 -772.6550
-570.1589 -701.1935
-725.5583 -627.7846
-869.1061 -553.2948
-1021.7186 -476.6065
-1141.7548 -400.6402
-1258.7086 -301.2479
-1354.5179 -213.8229
-1449.0297 -125.5904
-1528.4439 -4.1980
-1563.4375 135.4404
-1623.7048 301.2608
-1661.8529 464.9894
-1665.7394 579.0792
-1636.8724 779.6469
-1606.8644 980.0543
-1535.8905 1197.3294
-1479.3270 1382.4593
-1339.3139 1590.0340
-1158.2285 1872.1259
-961.9807 2142.4156
-788.5868 2371.9678
-610.7876 2580.7753
