4065.0348 -1372.4960
3846.3508 -1349.5459
3648.3273 -1308.4708
3467.0458 -1298.1535
3297.0095 -1284.1820
3107.1445 -1284.1616
2984.3352 -1282.4658
2824.6546 -1251.2990
2641.0054 -1199.7179
2494.6897 -1175.7959
2328.4093 -1165.0876
2191.2955 -1114.9473
2046.3362 -1087.7671
1918.9760 -1012.1540
1834.0977 -919.8942
1802.8679 -821.4958
1779.8833 -699.5410
1765.9246 -565.2408
1785.0931 -449.6514
1847.3611 -351.1867
1926.1655 -227.1600
1955.3142 -132.0192
1987.5009 9.4719
1993.1812 181.6855
1979.2821 339.6645
1943.1687 505.6598
1893.2106 692.3005
1852.0954 880.2648
1813.4501 1102.9248
1778.0151 1349.0485
1737.9719 1605.9314
1739.6355 1859.0161
1965.2820 2218.1222
