3887.0489 -931.5411
3677.5747 -944.2509
3466.3483 -942.9808
3264.3857 -925.7234
3032.7549 -923.7873
2819.7079 -892.4652
2622.8835 -890.9895
2437.0633 -885.6568
2227.6036 -858.8171
2054.6236 -859.1584
1903.1417 -855.1776
1761.4348 -837.4590
1642.3653 -827.5887
1511.9324 -806.7215
1394.2220 -806.2691
1286.3987 -792.9394
1179.5277 -790.0675
1061.4625 -776.0587
976.0280 -770.4032
879.5190 -753.7548
783.2192 -736.5401
696.7901 -696.0265
610.7635 -655.0745
525.1489 -613.6800
450.1207 -560.4080
385.9927 -506.5309
332.6701 -452.1737
299.9770 -374.9904
267.7677 -308.8679
225.5609 -242.8491
193.9138 -176.5803
131.9569 -99.4500
80.8172 -33.1210
0.0000 55.5975
-69.8443 133.6171
-138.9718 200.8848
-236.5671 291.2694
-264.4693 369.6862
-281.7147 470.1910
-269.6946 570.0578
-247.5097 703.0895
-197.0833 857.8755
-110.7132 1034.6612
-36.1215 1245.4457
52.9619 1456.7920
180.2127 1702.9483
367.8327 1919.8167
443.8364 2190.6544
632.9984 2425.9106
