949.6833 -324.8226
863.3566 -263.1826
786.6991 -178.2796
720.3796 -81.4004
664.8649 16.2014
621.5214 81.0491
568.0767 156.6994
516.0555 210.2772
454.9512 252.5636
441.5213 352.3197
458.2031 430.8651
493.9449 510.1969
510.3807 577.7139
595.2542 614.9964
661.7495 629.5913
728.0906 644.5596
795.0530 648.7776
854.0930 630.4392
905.4775 589.4017
957.1880 548.5462
1009.2194 507.8717
1069.2939 490.4680
1120.8787 461.3261
1077.9834 502.4355
1035.3332 543.6569
973.6950 583.4454
928.8975 658.3329
864.6678 743.0544
872.8543 877.9365
887.6062 1035.8006
939.9921 1264.2771
1019.4427 1529.9523
1060.1901 1838.0490
1120.9387 2127.2614
1191.9892 2442.5213
1343.7872 2785.9394
1443.8013 3150.4312
1671.3706 3674.7019
