326.8890 -1297.8945
196.0352 -1288.7503
76.2371 -1289.6947
-43.5408 -1278.6884
-152.3095 -1266.9496
-250.0831 -1254.6827
-336.8776 -1242.0722
-423.5697 -1229.0170
-521.0083 -1215.1872
-672.5400 -1198.7323
-845.5221 -1179.8384
-1028.4813 -1147.3420
-1189.9902 -1125.4883
-1328.8847 -1092.5985
-1455.7647 -1048.2515
-1582.0892 -1002.8246
-1717.5320 -943.9857
-1904.2967 -866.3874
-2089.5277 -786.2574
-2282.2616 -690.7664
-2429.3545 -587.8290
-2532.7949 -490.0970
-2622.5440 -381.8798
-2690.0746 -276.6191
-2747.9977 -184.0366
-2800.9394 -126.8760
-2841.0712 -60.2030
-2892.9144 -2.4524
-2934.1719 53.4363
-2974.9576 109.5475
-3015.2644 165.8805
-3055.0851 222.4344
-3108.9670 306.4895
-3164.4723 379.6966
-3212.1318 439.5644
-3278.5460 504.8443
-3359.6971 550.7607
-3433.7490 583.3862
-3510.6250 605.2702
-3568.1844 622.0365
-3625.6581 639.1069
-3663.9254 650.6569
-3673.4861 653.5656
-3734.1371 659.8847
-3788.6272 652.1667
-3846.6108 633.3001
-3930.7810 598.0759
