2359.5766 -874.2698
2206.3028 -861.7689
2052.1305 -836.7087
1907.9248 -797.8580
1732.6058 -761.4480
1518.7319 -761.0045
1262.7811 -761.1810
1029.0064 -767.0257
805.9191 -768.8697
582.9688 -767.5662
327.3585 -708.2041
104.8356 -588.9729
-103.8931 -444.4163
-237.0495 -320.5275
-367.3864 -173.1302
-484.4143 -13.6800
-579.0176 134.8809
-690.3010 296.3877
-840.2741 417.0510
-914.0753 478.1270
-965.9178 560.4279
-957.5631 660.5749
-909.3236 779.9793
-851.4419 909.9045
-727.5034 1068.9590
-534.4022 1225.2519
-329.7403 1372.8935
-131.5797 1513.1050
85.9335 1690.5425
405.5390 1999.3738
706.5705 2319.8855
998.1286 2619.9865
