-891.1540 252.7708
-917.5823 299.3546
-932.2763 367.5504
-943.1909 480.2926
-943.9292 592.3112
-936.6119 681.3251
-901.6912 757.0045
-849.1315 820.2338
-797.0734 883.6441
-723.8098 990.5191
-662.3983 1076.0579
-556.3028 1159.4500
-452.4189 1232.6426
-350.8811 1284.5186
-250.4525 1337.3162
-160.4373 1368.9286
-88.3780 1445.9150
-17.5665 1501.1487
69.5570 1590.3316
172.3122 1669.4363
343.2023 1707.3213
467.3958 1790.5137
614.2155 1876.9876
802.7390 1936.0417
1010.5557 2023.9487
1276.4218 2091.5499
1575.4275 2150.9095
1965.2820 2218.1222
