157.9916 -666.3619
10.5260 -656.0474
-136.7448 -644.3233
-273.2969 -631.3774
-398.8752 -606.3648
-513.2577 -569.5360
-647.5760 -519.8029
-833.0923 -465.9913
-1038.1297 -408.3140
-1211.6455 -361.3822
-1342.9960 -316.1441
-1482.7866 -257.3894
-1619.0653 -174.7705
-1751.0061 -68.2363
-1880.7212 39.8990
-2006.4618 160.8262
-2032.9356 187.7488
-2041.1606 200.4673
-2081.9451 264.1842
-2128.2687 352.0991
-2140.5206 457.6460
-2111.3942 567.7064
-2070.4794 687.1993
-2013.9642 838.4316
-1963.5540 956.1546
-1950.1849 976.8285
-1881.6350 1091.3928
-1824.7759 1196.4631
-1746.3302 1320.8398
-1651.1179 1442.5655
-1490.6876 1588.7603
-1282.9224 1786.3777
-1032.9216 1981.4068
-731.1527 2153.9864
-400.4402 2244.2786
-47.7002 2290.7516
408.6318 2378.4011
853.1425 2490.6409
1060.4592 2616.7956
