4137.7186 -954.6095
4009.1582 -986.6203
3858.8980 -1022.5372
3695.6251 -1047.8154
3487.2781 -1069.0461
3266.3954 -1078.3975
3054.8618 -1071.6440
2845.3569 -1073.8434
2645.4567 -1060.5575
2489.0930 -1038.7122
2343.9239 -1014.0807
2199.1994 -988.3667
2062.0071 -926.5195
1914.9505 -865.1167
1778.3035 -790.3039
1664.8209 -723.5832
1552.0760 -656.2647
1452.5199 -609.6718
1353.4806 -562.5537
1265.4083 -514.0279
1209.8700 -473.7300
1164.1302 -421.3114
1128.1440 -356.8597
1092.3447 -292.3645
1055.9406 -216.6838
977.5118 -121.5894
913.6338 -81.1863
840.6594 -52.2835
759.1110 -45.8473
657.9781 -51.0451
566.4749 -43.9619
484.0218 -2.5568
401.7298 50.4364
330.0670 104.1389
297.7765 203.5205
295.1739 314.7270
291.9698 448.1728
288.6771 581.6165
323.3257 716.0281
385.5257 840.3415
455.3966 965.3974
577.1161 1115.9156
753.1801 1215.9751
935.6110 1308.7445
1114.4768 1404.8625
1291.2166 1493.2125
1467.7309 1619.4822
1647.4292 1750.8003
1849.7949 1914.7317
2002.0925 2109.6294
2063.3631 2264.4087
2145.4820 2390.9117
2249.4835 2489.9166
2388.1285 2553.6834
2551.5446 2616.5566
2710.3478 2731.8101
2871.2672 2853.9216
2997.2951 3058.3005
3110.2824 3345.1780
3205.9702 3706.5966
3216.2489 4081.2287
3170.6643 4406.4635
