2359.5766 -874.2698
2260.9071 -865.5831
2162.3875 -856.3469
2064.0218 -846.5603
1953.9816 -826.3173
1845.3717 -816.6118
1735.8633 -795.0241
1617.0759 -785.0387
1506.2273 -739.6784
1395.9291 -693.6729
1294.1421 -612.6585
1235.7939 -538.9378
1163.3030 -410.1641
1093.1511 -303.5071
1033.1121 -184.7712
975.2162 -88.1812
918.6166 -2.5794
860.3864 116.5695
812.7567 236.4760
796.5153 336.0135
800.5137 425.6428
793.0852 536.9030
795.0530 648.7776
784.0013 804.5093
783.5215 1061.5833
806.1410 1342.8758
897.6037 1596.9206
1020.7414 1811.2151
1185.2974 1977.2398
1380.4951 2118.4071
1550.0452 2192.2742
1777.6247 2293.7239
