-55.3833 -1667.8433
-265.5869 -1643.7722
-474.9212 -1595.0338
-704.7457 -1520.7196
-930.7110 -1387.5974
-1137.8749 -1162.6936
-1283.5472 -1062.4923
-1419.3628 -995.2025
-1556.9636 -960.1539
-1641.6441 -940.5443
-1727.2059 -931.6551
-1800.9628 -912.2969
-1860.5456 -860.1917
-1887.8636 -811.6109
-1925.5457 -761.6531
-1960.4295 -689.1317
-1958.1418 -575.7056
-2023.2539 -498.8009
-2132.0061 -437.9790
-2180.8851 -407.9663
-2255.8106 -339.3083
-2312.7336 -295.8773
-2377.8208 -239.2060
-2421.9142 -185.6281
-2467.4332 -143.0688
-2473.8906 -118.7977
-2492.3310 -103.9429
-2569.6007 -66.6692
-2646.4893 -87.0691
-2678.9330 -92.4936
-2715.3795 -62.0863
-2808.5666 -55.1392
-2891.6611 -49.6978
-2969.1539 -68.5312
-3016.4294 -93.6751
-3033.3218 -125.3848
-3062.6324 -166.2060
-3073.7155 -222.7952
-3048.8535 -204.5644
-3034.2362 -184.1303
-3043.4898 -123.1754
-3047.8217 -39.5903
-3048.6178 7.8514
-3017.3168 107.2153
-2988.2469 242.5255
-3007.2169 389.1188
-3003.1653 495.0214
-2961.3338 627.4940
-2917.1036 806.9019
-2854.1598 898.2989
-2781.3273 1141.6852
-2685.1072 1212.5549
-2403.7747 1381.2234
-1980.7261 1767.4594
-1650.3503 1911.8106
