2413.2282 -475.2907
2249.2816 -443.5399
2118.6784 -417.0366
1945.7940 -383.8965
1771.2319 -326.6120
1607.0688 -255.2756
1473.8869 -168.1035
1342.0679 -79.9943
1212.6502 -2.0693
1072.7578 98.3193
1014.9952 194.6257
1026.7977 296.3750
1047.8805 398.9540
1117.7650 494.7244
1193.0475 524.1996
1249.8669 541.0637
1336.7220 550.1766
1413.8675 558.7988
1478.5173 589.0282
1533.2570 618.4277
1576.6341 657.9984
1608.5739 707.6218
1622.5268 811.7491
1616.1386 981.3745
1608.3455 1150.9212
1606.5210 1275.9213
1607.5885 1378.6629
1611.8630 1459.1740
1615.6436 1539.6821
1625.5306 1632.6972
1649.5808 1739.7131
1663.8137 1845.3467
1682.8472 1963.5977
1694.4800 2069.3040
1718.8992 2223.9447
