-2326.0940 -1348.3910
-2304.2525 -1351.2829
-2292.1731 -1341.4473
-2280.1000 -1331.6080
-2268.0334 -1321.7651
-2265.7108 -1299.2328
-2253.6537 -1289.3902
-2252.4873 -1278.1268
-2239.2694 -1257.0214
-2236.9184 -1234.5011
-2233.3596 -1200.7248
-2229.7621 -1166.9534
-2236.9318 -1131.7523
-2242.7789 -1085.2855
-2259.2593 -1037.3431
-2284.9732 -976.6094
-2310.3751 -915.7861
-2335.4597 -854.8737
-2378.5117 -768.1689
-2408.7586 -671.6081
-2426.1672 -565.3154
-2401.1870 -465.7224
-2389.6357 -387.0032
-2377.8535 -308.3208
-2353.8703 -220.1407
-2326.1854 -109.5715
-2246.0278 3.7400
-2116.4052 109.1376
-1968.3335 212.2355
-1779.5824 333.2205
-1518.7463 424.2136
-1261.8884 519.7748
-991.0256 607.2477
-714.2810 710.7273
-442.3741 831.2252
-204.0723 980.3548
27.4341 1123.1045
253.4121 1226.1234
477.3158 1278.2922
700.5049 1312.9756
895.4800 1350.1036
1071.3650 1389.0832
1201.7507 1425.8816
1288.7040 1447.6670
1348.8830 1466.7060
1377.0018 1459.1119
1411.9542 1407.1507
1395.9647 1269.0256
1329.4872 1079.7318
1220.1886 898.2280
1093.1892 750.7135
960.3665 627.1940
822.8342 527.6720
680.9767 463.2616
565.3741 435.2195
486.5347 454.2061
435.0371 530.2644
