1335.0576 -226.9111
1229.8309 -202.6905
1124.9905 -177.7539
1010.3575 -152.8349
896.1667 -127.0403
782.4297 -100.3673
668.6264 -61.6858
565.1076 -10.5877
451.9283 52.0196
329.5120 126.3811
227.9083 224.3719
137.5113 334.3219
58.3993 444.9160
-9.6512 544.8597
-28.7026 644.9655
-18.9260 767.2612
28.0679 889.5948
138.6928 1012.7298
237.7418 1125.6383
352.9325 1228.9229
483.4511 1334.2917
687.9165 1479.7274
935.0007 1656.4732
1186.6771 1853.0729
1415.1074 2112.4466
1601.5741 2374.1188
1718.0184 2687.4124
