-2247.5444 -844.5888
-2287.3214 -816.0310
-2337.5638 -785.7709
-2387.6276 -755.3031
-2449.6077 -734.2394
-2523.6016 -722.4614
-2617.0194 -695.4899
-2720.7486 -666.0326
-2813.7012 -637.7176
-2873.0892 -603.3906
-2919.8731 -559.4511
-2935.0420 -521.4284
-2952.0222 -494.6903
-2972.8635 -490.5653
-2985.2553 -499.8199
-2957.8576 -528.6668
-2909.4084 -561.4638
-2858.9147 -582.7269
-2797.8184 -605.7100
-2724.3329 -618.9736
-2650.7892 -631.8640
-2573.8839 -621.8257
-2497.1037 -611.4561
-2408.3875 -591.1589
-2321.4346 -581.6869
-2215.1427 -586.0732
