-1040.4472 701.0964
-1079.5865 693.3413
-1128.3203 686.6000
-1169.8749 656.8567
-1211.6205 627.2296
-1221.2025 628.1902
-1229.5933 640.2909
-1257.0825 654.3751
-1272.4633 689.7792
-1307.9932 716.1516
-1337.8301 708.1811
-1318.8009 706.0655
-1311.8601 682.7535
-1306.1375 648.3151
-1313.6887 581.5063
-1295.6759 568.3214
-1269.1738 543.0352
-1241.3789 528.9547
-1203.8428 514.0012
-1080.4986 581.1954
-933.4189 602.6995
-717.1148 666.2345
-572.8532 859.2072
-387.4175 1040.8159
-162.7292 1235.4957
44.2438 1434.5113
223.7025 1681.5972
416.1838 1955.2808
556.9005 2297.6089
