29.9334 133.4677
-79.6184 167.0319
-198.1836 223.8886
-306.3638 259.3527
-413.9434 295.7301
-578.2753 368.9214
-740.6484 444.3179
-853.4336 507.3818
-966.8359 549.2996
-1067.7977 613.7392
-1128.3203 686.6000
-1171.3218 735.6969
-1208.0687 750.6299
-1243.4720 776.8164
-1259.8313 801.0855
-1227.7714 831.4658
-1203.9895 874.0087
-1157.9892 948.0447
-1083.5198 1030.5984
-932.5592 1151.5256
-748.8349 1271.5660
-530.0067 1459.1859
-258.4489 1671.3241
41.6350 1946.0075
401.0591 2233.1640
757.9069 2503.6783
1122.0038 2750.0507
