-1944.4307 -1406.1594
-2020.6148 -1272.6903
-2095.2494 -1138.6034
-2179.0003 -1002.4772
-2262.2616 -876.8325
-2324.0874 -764.8310
-2339.4214 -716.6693
-2337.9476 -705.4171
-2336.4691 -694.1655
-2334.9862 -682.9146
-2330.5099 -649.1660
-2325.9927 -615.4234
-2319.9061 -570.4428
-2312.1957 -514.2322
-2292.4023 -448.4110
-2251.8374 -385.8115
-2205.0153 -278.3243
-2148.0094 -172.4472
-2094.4263 -88.9787
-2024.0940 -30.8540
-1955.7270 16.2890
-1857.6237 59.4813
-1847.5896 58.1057
-1762.9799 80.8880
-1671.4180 80.5518
-1632.6715 64.4742
-1603.8816 49.7082
-1575.0305 35.0134
-1536.0555 19.2504
-1465.5910 11.4879
-1434.8640 109.7123
-1411.7003 231.2851
-1357.7389 360.8015
-1246.0197 484.4128
-1126.4320 607.7982
-987.9046 752.6836
