-1412.1948 -1198.1317
-1519.7580 -1177.5906
-1626.2460 -1145.1372
-1721.6242 -1113.0532
-1827.4935 -1079.1786
-1942.6805 -1032.0690
-2046.6050 -985.3643
-2129.8846 -951.9275
-2211.5792 -906.7436
-2280.8402 -851.3088
-2346.7224 -772.9403
-2372.5973 -723.1359
-2386.1632 -663.6198
-2408.3875 -591.1589
-2421.3507 -531.5505
-2437.3376 -494.4135
-2441.1246 -447.6986
-2444.7741 -400.9794
-2448.2849 -354.2563
-2463.7064 -317.0277
-2466.9321 -270.2836
-2470.0161 -223.5367
-2472.9573 -176.7872
-2482.1769 -105.7557
-2491.3879 23.2968
-2499.4304 152.3684
-2494.3016 290.7596
-2452.2304 456.9352
-2392.9510 654.5187
-2358.3534 775.5239
-2332.7167 851.7771
-2241.5507 1054.2702
-2061.8873 1320.1554
-1883.6591 1597.8988
-1714.3761 1854.3899
-1540.1237 2075.9743
-1334.0628 2236.4593
-1146.6609 2379.4712
-968.8498 2503.5779
-648.8608 2583.7791
-297.0160 2585.2505
-7.6180 2579.7295
311.7022 2596.9468
643.3028 2639.2817
1040.3706 2738.5376
1484.8471 3020.1848
1873.5242 3386.6821
2134.1556 3739.9403
