-1696.0301 503.6669
-1781.5008 527.0334
-1870.1790 528.7205
-1916.7066 547.2863
-1928.7708 594.9384
-1940.6154 642.6173
-1963.6605 680.7246
-1946.5602 723.7792
-1910.5400 763.7510
-1867.1043 791.1275
-1810.7709 839.4340
-1764.1530 889.3385
-1721.7059 974.1491
-1670.2831 1057.6042
-1633.7648 1109.1273
-1604.5278 1116.2177
-1586.2241 1113.5679
-1578.7997 1101.1314
-1608.0442 1093.9704
-1652.0765 1111.8549
-1661.2305 1113.2304
-1686.8322 1128.5274
-1699.4659 1164.7162
-1693.7898 1198.0783
-1640.9893 1235.5582
-1554.2710 1256.8105
-1449.9898 1276.2279
-1296.7679 1324.3322
-1130.8653 1417.8952
-903.3004 1541.3609
-509.8411 1792.6800
-155.9366 2058.4558
173.7839 2336.8797
