-213.3598 -888.1440
-105.1186 -633.4519
0.0000 -444.7803
102.9160 -299.8599
203.4858 -131.9555
282.6137 -19.3273
319.7981 115.0173
437.0718 196.2782
545.3386 222.6034
703.2325 241.2883
861.4937 250.7768
1098.6336 268.6334
1286.1065 285.8653
1396.6533 184.5745
1499.7954 162.0134
1616.4706 198.3963
1667.4306 272.8037
1622.0354 391.7320
1265.4200 486.3664
1065.4775 422.8493
883.2924 364.0648
753.8254 389.2664
742.6923 410.9414
731.5884 432.6229
701.7103 442.0842
782.6842 547.4118
796.6046 626.5284
867.2624 709.6806
908.4011 791.1036
1006.0068 866.3417
1068.2775 905.6039
1164.8167 971.2421
1249.5082 1047.8998
1303.9091 1133.1536
