3767.8070 -1211.1920
3501.8712 -1231.9508
3335.5120 -1241.4767
3145.8976 -1242.0500
2944.1549 -1231.2092
2733.4346 -1231.3542
2542.0516 -1203.2618
2321.3155 -1200.3806
2090.1028 -1196.1397
1849.4573 -1201.3133
1630.7050 -1201.0925
1413.7287 -1220.4788
1196.5577 -1237.0640
979.2231 -1250.8627
772.2155 -1250.2661
554.1663 -1236.4162
379.9255 -1218.9152
184.2406 -1188.7867
-10.8198 -1156.4254
-205.2237 -1121.8137
-409.7184 -1084.6714
-613.8015 -1056.1090
-817.3227 -1024.9881
-1020.2473 -991.2896
-1201.8402 -967.7434
-1371.5602 -931.8601
-1539.7842 -882.9201
-1674.2557 -824.2612
-1805.5849 -741.8943
-1904.0034 -662.0922
-1977.7706 -561.7818
-2041.3108 -473.5468
-2081.7169 -376.6215
-2122.7687 -290.6823
-2142.5951 -207.6227
-2151.7029 -126.0577
-2162.0506 -55.6752
-2168.5919 37.1351
-2146.3884 113.9135
-2139.3483 158.6872
-2124.0890 190.6558
-2113.3719 257.7790
-2106.1406 302.5138
-2100.6716 336.0575
-2085.3694 367.9887
-2068.2411 411.0927
-2060.8398 455.7838
-2020.8841 575.4349
-2001.7977 687.0267
-1976.3504 831.9891
-1868.5773 951.6347
-1743.8774 1068.8872
-1555.7852 1188.7978
-1379.5322 1255.5706
-1169.9268 1320.8106
-927.8610 1386.5550
-708.1362 1447.5788
-476.4636 1467.7093
-246.2111 1492.9838
26.5789 1423.3311
