2535.7480 -732.0268
2463.2396 -755.1175
2379.9787 -779.4289
2297.9449 -814.4962
2191.6689 -829.5124
2106.5844 -840.9951
2010.7999 -853.3520
1904.2967 -866.3874
1782.7074 -835.0917
1654.0147 -837.6732
1544.7462 -814.8248
1412.7926 -770.8828
1292.0722 -725.1175
1168.8980 -633.9482
1078.9675 -550.9582
989.7923 -467.5732
889.1219 -351.0093
799.9469 -233.3630
711.3637 -104.1794
613.5275 36.0891
516.0555 210.2772
421.1436 373.9008
367.0389 539.1905
305.5239 671.0473
264.9401 770.2183
243.7465 869.8871
223.3403 947.3453
202.5197 1058.1918
