-2068.3259 -275.7463
-2179.6911 -247.8123
-2280.5127 -220.5795
-2387.7230 -168.3757
-2484.0541 -116.9937
-2589.8510 -62.8915
-2660.5052 8.7921
-2772.5218 77.9689
-2848.0941 117.2555
-2928.4901 181.8135
-2973.3263 215.4774
-3027.8082 251.6503
-3069.5772 297.0612
-3110.9776 342.6907
-3129.7744 394.9685
-3145.5049 458.5811
-3128.9956 526.1337
-3115.0606 582.3829
-3075.0419 620.0302
-3060.9600 676.1957
-3046.7187 732.3207
-3054.1140 782.0822
-3024.7024 894.1533
-2969.5670 951.5371
-2902.0355 981.8437
-2778.5064 962.7682
-2641.5924 918.4036
-2485.2023 871.8235
-2328.0487 874.0942
-2136.0487 860.2408
