-538.7022 -111.9219
-547.5628 -78.1520
-556.3648 -44.3739
-565.5645 -21.7124
-563.2685 33.9105
-581.4492 79.2585
-599.4759 124.6383
-607.9144 158.4649
-606.8776 180.7143
-625.1443 215.0175
-643.8558 238.2271
-652.6120 260.9687
-671.1892 284.2254
-679.8461 306.9907
-687.2287 352.0143
-662.7652 439.9716
-590.7261 514.4274
-519.5042 589.2405
-440.4348 641.8200
-350.4312 761.3164
-223.3403 947.3453
-128.1665 1112.6953
-45.0993 1256.5993
44.0805 1467.8698
154.2660 1713.6261
306.7154 1984.3952
486.3427 2159.4510
718.9735 2276.1348
