4079.6683 -1538.1393
3888.9580 -1555.8821
3696.0948 -1477.0002
3496.3627 -1422.3741
3324.0670 -1396.6136
3156.7967 -1403.8363
3012.9648 -1417.2369
2886.8457 -1391.8085
2775.9450 -1305.5089
2684.3653 -1192.9314
2603.8254 -1078.6672
2543.4251 -949.8159
2482.9266 -821.0926
2410.2907 -682.8674
2358.6544 -541.4847
2305.1862 -389.0077
2254.7445 -259.1298
2185.5168 -143.7495
2108.1611 -41.1029
2019.6594 71.3476
1928.6548 206.3508
1810.6322 326.1780
1666.3935 431.5340
1539.5129 494.6484
1446.8544 528.7375
1393.2693 567.7356
1339.9851 606.9103
1288.2533 635.1293
1243.8713 686.7793
1198.5910 749.6674
1133.6593 821.9461
1060.0433 893.6151
980.0352 942.5925
921.2243 971.2995
891.4583 991.3159
871.0453 1012.1120
858.9918 1044.7627
846.9813 1077.4195
842.2869 1133.0185
855.7110 1190.0299
896.9936 1238.1770
955.7868 1288.1105
1013.9140 1338.4130
1078.9604 1401.1147
1113.8255 1483.6019
1118.7861 1585.5184
1080.1344 1682.5978
1027.6093 1755.6939
982.3436 1773.4593
1015.1676 1923.1444
1063.9979 2120.2638
1159.3225 2301.9341
1286.6807 2490.9263
1400.1408 2704.3600
1500.0527 2930.8269
