806.5498 -1293.3153
621.3380 -1300.9601
436.0665 -1306.6167
272.7004 -1321.0812
120.0547 -1333.9270
-21.8511 -1356.5663
-153.1149 -1378.1511
-273.5541 -1387.8106
-393.4969 -1363.2779
-523.8122 -1326.4562
-643.1311 -1300.1639
-761.7553 -1261.8872
-891.2871 -1233.3228
-1021.0409 -1214.8822
-1162.0746 -1205.8430
-1281.3580 -1197.2732
-1399.8199 -1176.6844
-1538.0155 -1130.9007
-1664.8334 -1084.9360
-1770.5896 -1051.4002
-1853.4615 -1008.3361
-1935.9507 -964.7652
-2026.3205 -896.8985
-2157.1332 -811.4024
-2349.9843 -715.0801
-2440.3601 -666.6500
-2533.4857 -640.0961
-2552.8737 -625.3395
-2753.7671 -532.3367
-2923.3733 -453.5094
-2962.9472 -433.9458
-3161.6548 -345.4414
-3309.4157 -276.8505
-3445.8162 -208.8230
-3553.1448 -158.2507
-3662.5113 -118.0390
-3774.1934 -88.2267
-3900.1771 -28.8049
-4032.3989 46.5598
-4166.5308 112.2272
