-2517.8382 -838.6376
-2554.1807 -786.7161
-2579.6334 -736.3909
-2594.2850 -687.7462
-2608.7388 -639.0630
-2622.9927 -590.3417
-2638.7808 -552.8648
-2654.4304 -515.3498
-2680.3504 -475.9305
-2706.0784 -436.4274
-2724.9856 -421.3313
-2747.6029 -428.7776
-2770.2397 -436.1992
-2784.3856 -456.8445
-2788.1268 -479.4398
-2779.5691 -492.6781
-2758.7251 -496.5335
-2736.0506 -489.0657
-2711.5742 -470.2855
-2681.6482 -417.6439
-2639.5579 -355.6196
-2595.6889 -282.3404
-2548.1338 -186.5822
-2496.7737 -68.4078
-2437.2236 36.6324
-2367.8567 139.8634
-2302.6959 220.7271
-2247.4481 245.7106
-2182.5149 269.1998
-2172.6412 267.5449
-2091.8215 265.7696
-2001.1805 262.9585
-1877.7228 278.7869
-1722.1343 314.0285
-1538.1151 347.3530
-1323.5682 402.2724
-1111.1586 460.4603
-900.9895 521.9312
-693.1676 586.6993
-477.3019 676.6375
