4548.7287 -980.7277
4428.4115 -1001.2221
4299.5310 -1035.2831
4170.4234 -1068.1999
4053.9681 -1108.9899
3991.2361 -1136.0885
3915.5619 -1153.8027
3837.8695 -1159.5791
3760.1913 -1165.0173
3687.6545 -1133.1972
3602.5711 -1092.0706
3517.6929 -1050.7677
3422.2929 -1011.5162
3307.5693 -987.7490
3194.9312 -974.8029
3082.5082 -961.2263
2968.6104 -935.6590
2887.0651 -903.7980
2804.0928 -860.3525
2723.0334 -827.9819
2631.6029 -797.1111
2487.4780 -774.3265
2352.9323 -737.5890
2209.8060 -712.6828
2065.8513 -675.4279
1959.1704 -677.9217
1864.2823 -689.6323
1759.9027 -713.1371
1655.3071 -735.8915
1582.2656 -754.7289
1518.7319 -761.0045
1454.2544 -755.8488
1390.7174 -761.6060
1305.1410 -757.7168
1230.2226 -752.5482
1156.1101 -758.1849
1070.6985 -753.0477
942.4266 -738.9227
834.4704 -700.3943
728.0128 -449.1882
633.5583 -185.9759
526.0327 -45.5654
430.7765 84.7310
317.0744 226.2266
254.2127 391.7273
384.8733 584.2632
570.9865 714.1706
783.1991 815.6321
983.1413 909.2232
