1301.6109 -1173.2942
1160.8017 -1183.5317
1019.9239 -1192.5874
889.3401 -1188.7599
779.6566 -1160.6867
702.3168 -1119.4858
625.2868 -1077.9655
515.7102 -1014.9105
428.7601 -972.8849
298.6961 -886.7839
148.6098 -799.9062
0.0000 -711.6485
-105.0481 -622.3321
-208.9497 -532.2874
-331.7222 -407.6867
-410.3824 -249.8660
-457.7786 -125.9466
-485.5859 -47.0500
-422.1576 39.9251
-339.7813 115.5101
-208.9909 168.4417
-39.7753 177.9720
99.2665 200.5255
218.0002 224.2033
375.8541 250.0432
511.9982 310.3836
623.2373 449.1037
637.2881 550.1966
601.8952 671.0814
568.1204 769.7784
451.3139 842.7062
374.1671 895.6346
316.3763 949.5480
259.1570 1003.7335
239.5994 1047.8016
238.5411 1092.2798
292.9208 1115.8410
411.8670 1119.6448
503.3284 1123.4459
613.0303 1129.0125
732.6175 1125.1627
869.6901 1135.1545
1033.9751 1149.4178
1207.1037 1167.1718
1376.7773 1209.9439
1565.0749 1247.0070
1766.2834 1312.7034
1947.5476 1333.0850
2124.5534 1332.5882
2293.1595 1333.0049
2458.1489 1276.2362
2577.4303 1257.2236
2712.4584 1290.7316
2792.3222 1383.2161
2821.8748 1511.2086
2823.1943 1631.9465
2814.4061 1750.1074
2853.5666 1858.6959
2857.4219 1957.2165
2909.2228 2071.4716
2938.1669 2191.7872
2997.4434 2274.0752
