-359.8743 1284.8187
-223.6232 1336.7128
-88.9195 1390.3178
44.4602 1390.0333
177.8315 1391.4556
285.1943 1371.5844
339.0563 1362.0592
401.4820 1364.2644
463.8915 1366.8420
507.8466 1380.0293
552.3491 1382.2884
579.0452 1383.7351
596.8402 1384.7377
615.3740 1374.6532
631.6605 1397.9514
647.0628 1432.3960
671.1356 1467.4424
703.7738 1503.1579
789.5765 1531.8379
964.4826 1547.0228
1169.4769 1602.6006
1322.1470 1757.7015
1482.4284 1838.0625
1633.6236 1908.8636
1695.8311 1942.9798
1933.9558 2001.5632
2046.9072 2002.8931
2131.7586 2045.8360
2217.7173 2113.7688
2287.6661 2143.3715
2315.2683 2138.6942
2326.6708 2129.8093
2328.3390 2094.6287
2305.2651 2053.1067
2199.1683 1991.3863
2080.2549 1975.3484
1953.1868 1994.0282
1849.5464 2065.1870
1806.9616 2172.3113
1769.6795 2292.0743
1755.5352 2416.6637
1724.9397 2537.8228
