-2346.5854 -382.4451
-2391.5554 -329.1033
-2413.8197 -267.7670
-2447.7437 -215.8320
-2479.4684 -152.5140
-2500.5854 -90.8832
-2531.4205 -27.3182
-2549.7141 45.7283
-2567.5087 118.8436
-2582.6667 203.2531
-2599.3836 276.4950
-2627.6431 340.5875
-2665.1502 406.8625
-2711.7358 475.4485
-2757.5693 544.3340
-2834.0112 608.9730
-2950.4239 672.3823
-3075.1864 739.6627
-3157.9258 809.5729
-3195.8622 892.3061
-3195.6244 964.7718
-3195.3200 1000.9953
-3172.0608 1115.5110
-3114.0935 1244.2485
-3030.0615 1328.9638
