4139.3932 -905.4216
3991.6703 -893.9818
3878.4189 -885.3562
3754.6943 -878.5958
3643.8984 -880.1251
3545.8796 -890.0885
3437.1892 -901.7420
3328.4922 -912.6689
3241.1634 -918.6083
3141.3703 -914.7829
3029.2654 -901.0559
2940.4294 -894.1528
2859.0171 -862.2625
2788.4679 -828.2500
2732.0235 -814.8476
2686.2804 -799.4935
2616.1954 -764.9957
2516.1616 -746.7178
2417.8806 -739.1749
2310.6194 -743.8912
2213.9778 -746.3973
2117.3813 -748.3242
2031.4166 -748.3050
1956.0863 -746.5140
1870.2275 -745.6440
1772.7209 -734.3276
1672.1644 -688.8960
1523.4643 -692.9311
1346.6340 -742.9745
1142.0488 -871.2358
920.9418 -941.3161
803.2380 -947.5676
685.4967 -952.9617
