448.5651 -905.5606
214.1397 -954.8678
-32.1024 -945.1264
-288.7337 -931.4648
-533.9804 -902.9563
-789.1674 -870.1496
-1055.4763 -854.7917
-1300.2495 -836.7118
-1512.8730 -817.8964
-1704.0256 -798.4878
-1903.1668 -753.0276
-2102.8209 -716.0707
-2279.3523 -668.2784
-2455.1053 -618.2522
-2610.8092 -580.8621
-2732.8714 -536.1380
-2819.3572 -473.5718
-2929.8170 -428.8269
-3019.0579 -387.3569
-3064.4694 -342.6217
-3101.4313 -311.2023
-3146.2820 -266.0575
-3160.0857 -227.5309
-3188.5226 -209.3457
-3196.4565 -195.7078
-3212.2524 -168.4039
-3207.5884 -145.7318
-3192.7308 -125.3907
-3188.0321 -102.7327
-3170.8075 -71.0803
-3153.5736 -39.4404
-3123.8640 1.1890
-3111.8572 57.7130
-3089.7009 111.8896
-3069.9848 202.1885
-3037.4822 301.3437
-3009.2089 425.2012
-2980.1891 548.8817
-2962.7129 663.5089
-2975.6170 773.9262
-3002.5139 864.4165
-3059.2854 951.3393
-3090.1771 1019.9073
-3172.7040 1079.3329
-3242.7516 1111.8179
-3303.3425 1142.0823
-3345.4562 1167.1485
-3405.5430 1198.1233
-3438.2020 1220.8023
