3733.3708 -883.5593
3567.2112 -885.3763
3401.2808 -885.6556
3235.5956 -884.3984
3070.1716 -881.6055
2903.3218 -865.9356
2736.9286 -848.7837
2571.0125 -830.1427
2405.5946 -810.0049
2240.6962 -788.3626
2076.3395 -765.2077
1913.7523 -751.7396
1783.2950 -733.1248
1675.3884 -722.4518
1577.2191 -698.8375
1479.3429 -674.6762
1381.7668 -649.9647
1284.4976 -624.7001
1187.5423 -598.8791
1090.1681 -561.3534
991.8653 -500.9937
892.9733 -417.8219
794.4230 -322.9852
696.9473 -227.6107
590.8788 -143.2441
485.9745 -58.1735
392.0123 39.0203
299.3085 136.7960
227.5111 246.6123
166.6760 356.9111
165.1527 468.1091
192.4619 579.7263
256.5139 725.5302
382.7083 918.1822
512.4725 1123.8679
678.3472 1244.5222
822.0508 1366.4930
952.9242 1489.8056
1078.4756 1626.1199
1199.5213 1764.2860
1326.0858 1894.3559
1474.7790 2019.3534
1656.3830 2165.7502
1824.2814 2373.3284
2002.7916 2590.8119
2320.3381 2859.3634
2693.1183 3138.3333
3013.5557 3445.1431
3241.8226 3754.4752
