-79.7543 144.7927
-119.3245 178.4508
-138.6106 234.2441
-137.8803 300.9626
-127.3444 367.5795
-107.3610 411.8775
-58.3993 444.9160
9.6787 511.5011
115.0336 623.2372
245.5176 792.0485
352.4468 984.0013
463.0583 1199.6692
558.5303 1427.2335
631.7659 1643.5972
701.0813 1849.5227
806.6058 2059.6601
915.5672 2249.9098
1031.7221 2398.4119
1168.8165 2529.9381
1323.9367 2622.4279
1517.2116 2703.4298
1740.4390 2750.6928
1961.8080 2804.6661
2200.0200 2810.9197
2476.2295 2836.4600
2776.3387 2817.9923
3117.4433 2825.3631
3462.2074 2846.9110
3780.0460 2936.3004
4024.7295 2999.5093
4165.4375 3081.4713
