-2222.6831 -562.0774
-2225.6847 -504.3779
-2230.0334 -457.9050
-2234.2516 -411.4267
-2226.4284 -355.2979
-2196.3269 -291.1136
-2123.7103 -221.9022
-2086.7753 -181.6305
-2039.7735 -142.8036
-1914.4216 -57.9405
-1820.4139 31.6759
-1775.8845 59.8626
-1717.2522 120.3664
-1681.6808 161.2021
-1657.5780 192.1736
-1539.4766 336.2031
-1475.7044 453.0142
-1438.5316 516.4696
-1402.9010 568.8328
-1366.1500 632.3850
-1318.8009 706.0655
-1262.3795 778.8266
-1210.1907 818.3726
-1141.9049 833.9902
-1026.8791 845.7365
-900.0097 891.2161
-782.7419 949.7321
-656.8006 1019.9137
-522.7841 1102.0585
-352.9325 1228.9229
-133.8604 1357.4336
87.9411 1490.3928
353.6353 1663.1554
716.9492 1861.8987
1067.1315 2098.0797
1357.3250 2331.2407
1701.9380 2532.9357
2026.1264 2726.8280
2383.5224 2928.2089
