3951.6906 -1302.0047
3804.4725 -1298.8581
3677.4175 -1278.5164
3563.2682 -1266.7642
3449.2977 -1254.4190
3335.5120 -1241.4767
3211.0605 -1229.9723
3086.8197 -1217.7202
2961.2525 -1193.3452
2848.3363 -1177.7932
2735.6384 -1161.6233
2644.7877 -1141.4510
2564.9261 -1119.2488
2497.3924 -1106.4426
2428.6135 -1082.1331
2337.1448 -1049.4023
2223.2004 -1007.9697
2088.2791 -968.7084
1943.2271 -929.8401
1808.3791 -877.4967
1662.5976 -814.1907
1526.4067 -726.4527
1421.9712 -623.7972
1329.8308 -530.9346
1239.3562 -448.8588
1173.6690 -409.3419
1149.6347 -366.3934
1190.1162 -351.9343
1252.0678 -346.7426
1306.5036 -375.6737
1329.0898 -396.1238
1331.9219 -429.5919
1334.7304 -463.0621
1369.7278 -504.8667
1423.8191 -522.3366
1496.8852 -515.2371
1545.8558 -476.4314
1561.2080 -418.4025
1555.6641 -362.5544
1551.1735 -317.8818
1536.3604 -274.3163
1521.5594 -230.7535
1486.3443 -189.3540
1450.1484 -136.7478
1403.9727 -85.1268
1349.0061 -45.5569
1295.3419 -16.9689
1242.8849 0.6473
1201.6010 8.1834
1142.0798 -8.1448
1085.0289 -57.6159
