-3672.0626 236.7643
-3653.3671 268.0737
-3634.6565 299.3655
-3606.1056 327.8758
-3555.9049 398.9646
-3492.2462 441.9333
-3437.6723 451.1136
-3337.4333 436.1545
-3171.5575 393.4110
-3024.1712 405.0243
-2867.5771 415.8946
-2687.5272 493.6776
-2531.2744 612.7149
-2362.5716 706.6179
-2289.8874 773.6359
-2119.4126 845.6484
-1750.7739 1138.5387
-1443.2799 1320.6860
-1190.0442 1514.7632
-933.4789 1824.7370
-665.4749 1969.9030
-444.5113 2179.5405
-195.8976 2392.9899
151.5628 2614.5340
372.1378 2733.2714
729.7152 2871.1599
1152.9290 2982.1101
1577.7578 3063.4416
1995.3223 3170.8087
2403.4476 3304.4836
2734.6740 3436.2037
2928.8995 3524.1936
2994.3657 3622.8326
2994.3477 3758.1179
2962.7353 3809.6933
2930.9054 3861.1503
2898.8580 3912.4883
2801.4085 4065.7791
2641.5908 4253.7680
2371.5092 4450.4240
2205.9754 4500.1604
2044.2838 4553.9853
1915.9233 4560.4411
1789.1812 4570.1577
1690.4409 4530.8440
1615.5935 4502.9124
1565.3370 4485.0322
