-2843.8841 -305.4085
-2842.0093 -235.6247
-2866.5113 -195.5954
-2890.8058 -155.4837
-2953.3207 -95.4453
-2857.6535 -91.9539
-2727.2461 -13.0504
-2708.7270 29.9662
-2665.8953 91.4701
-2608.9394 173.4753
-2540.1518 264.7729
-2471.6961 356.1184
-2391.7300 456.8566
-2324.0837 548.3515
-2266.4118 641.7145
-2238.7462 682.8207
-2209.0088 735.1009
-2117.2829 856.7987
-2015.0922 988.2031
-1870.4331 1100.9653
-1731.3137 1249.7422
-1620.6861 1460.5630
-1400.1436 1598.3806
-1202.7031 1742.0855
-1011.0205 1888.9330
-795.5178 1924.2164
-599.0451 1965.3425
-413.2122 2010.8599
-246.1937 2060.4668
