2590.7124 -815.4020
2464.7615 -766.3877
2359.0584 -702.2288
2222.3821 -642.2449
2097.0223 -579.9600
1941.1421 -521.0304
1797.9745 -470.7756
1577.4610 -371.5086
1421.2013 -263.6269
1265.8704 -143.3407
1113.6105 -32.9160
1034.4479 72.9077
896.5475 174.8575
808.4910 303.2443
712.1013 431.5063
598.1270 559.3835
468.6840 654.0202
350.0757 772.4366
298.7229 915.6873
285.3515 1060.0040
298.3065 1238.4012
372.9224 1407.7486
443.8297 1588.8100
528.9526 1760.2536
657.8422 2058.7818
709.5635 2208.1876
901.3743 2360.8438
1091.4725 2473.8809
1112.8643 2488.0804
