-2587.5721 -792.8234
-2555.7379 -798.0000
-2545.1244 -799.7106
-2534.5099 -801.4137
-2522.3576 -791.8295
-2510.2130 -782.2414
-2487.4780 -774.3265
-2419.3845 -750.4385
-2340.8908 -727.9222
-2230.9260 -709.6711
-2118.5294 -668.2981
-2035.4842 -599.7122
-1997.3631 -547.8249
-1960.6882 -507.1157
-1909.7423 -434.1148
-1897.6203 -333.3562
-1884.5857 -312.3155
-1879.5736 -187.8852
-1936.1687 -66.3060
-1974.2786 30.3808
-1993.1091 113.0986
-2016.2002 230.9457
-2022.6610 254.8351
-2070.0807 399.9182
-2090.1812 575.5740
-2147.8564 746.9722
-2227.5325 889.0793
-2306.7959 974.4708
-2371.0780 1034.4335
-2425.3429 1092.8868
-2460.6196 1147.6028
