-2692.2980 565.1481
-2706.6098 591.8060
-2727.8810 631.8528
-2780.1371 667.3507
-2807.7319 721.0584
-2825.4371 772.6191
-2830.6261 833.1441
-2823.3062 902.5573
-2824.9292 974.2404
-2837.0760 965.3839
-2854.9616 934.1740
-2894.3982 896.4592
-2924.5730 856.4119
-2985.9264 812.3442
-3025.7563 774.7581
-3068.5796 725.9842
-3118.1651 690.9354
-3158.3610 653.4634
-3198.6616 616.0216
-3226.5505 587.3242
-3261.2172 572.4569
-3293.0241 568.9160
-3318.9453 587.9834
-3338.7696 629.6629
-3355.2739 682.6753
-3361.9255 733.0578
-3374.5696 797.4116
-3405.4757 867.3157
-3471.0361 886.8526
-3524.5472 878.5662
-3572.1846 856.3141
-3619.9524 834.1618
-3655.0079 820.4313
-3699.5543 809.7381
-3744.1862 799.1602
-3781.9012 811.2911
-3823.1175 812.2610
-3873.7819 816.4818
-3930.2449 835.3945
