-2743.3199 -534.2412
-2773.9878 -458.7878
-2802.1462 -371.8892
-2821.3002 -298.1511
-2850.1995 -222.2908
-2948.8951 -72.8612
-2954.2447 57.8071
-2995.5963 208.7164
-3046.9079 351.0616
-3028.7029 429.8718
-3007.5245 519.8516
-2988.6678 598.5052
-2966.7454 688.3041
-2995.3268 695.4207
-3033.4068 705.0244
-3071.4535 714.7596
-3109.4665 724.6266
-3204.3483 749.8726
-3299.0077 775.9491
-3393.4365 802.8610
-3487.6260 830.6136
-3442.9537 878.4290
-3407.6983 929.0260
-3363.1793 976.8305
-3327.9960 1027.3836
