381.3808 -762.6173
179.6446 -721.7331
-21.0798 -678.2756
-210.2326 -632.3715
-397.7930 -561.8731
-573.3006 -489.3938
-726.4619 -415.7973
-846.5757 -331.2031
-966.7173 -267.7701
-1096.8708 -213.5847
-1245.5056 -145.1630
-1401.7683 -62.8193
-1554.9252 32.6959
-1683.0870 150.0396
-1786.6219 209.0604
-1887.5878 280.2194
-1985.6102 363.5289
-2003.4365 377.7663
-2117.2456 476.6890
-2173.1889 555.4496
-2201.4570 618.1866
-2212.2433 666.3527
-2227.0773 692.2123
-2242.5824 764.5498
-2240.9757 822.1506
-2213.2783 863.1733
-2166.9680 900.6703
-2120.8746 938.2726
-2112.1026 982.8432
-2105.4754 1016.2621
-2098.8068 1049.6731
-2092.0968 1083.0762
-2083.0858 1127.6014
