994.2795 204.2440
775.8310 189.5638
598.4635 146.8877
461.2028 74.6042
403.0494 5.9483
433.9723 -15.3708
485.5859 -47.0500
547.1278 -67.0275
609.3297 -97.8678
660.5909 -106.6794
711.3637 -104.1794
752.5658 -113.1749
783.6574 -122.6275
873.0818 -83.7977
1028.6265 16.4615
1229.6561 145.5116
1419.0536 344.9028
1594.1995 671.6536
1749.5404 978.4132
1856.1227 1178.8394
1947.4260 1379.1854
2052.3798 1573.2620
2150.4669 1769.0025
2242.1504 1931.1327
2328.3390 2094.6287
2417.7223 2285.8487
2503.1390 2467.5746
2581.7940 2626.4077
2660.0934 2751.3230
2765.1346 2863.9202
2875.7968 2957.0365
2944.1035 3010.2520
3030.3658 3007.8238
3171.9644 2965.3064
3320.6757 2913.9437
3423.9230 2868.9013
3526.2836 2810.4311
3633.1583 2727.4736
3742.1600 2605.2090
