0.0000 -1011.8752
-75.1296 -1000.5836
-139.3597 -977.9220
-160.7030 -966.6048
-278.3767 -953.8948
-374.0453 -918.5903
-426.4229 -872.7691
-511.3670 -859.1465
-573.8280 -812.4644
-635.9409 -765.5122
-656.7071 -753.5109
-750.0304 -704.7000
-823.3787 -689.8228
-876.1095 -686.9314
-897.1993 -685.7243
-948.6691 -660.3004
-988.1497 -613.0857
-1039.2401 -587.3151
-1120.7992 -547.9136
-1212.3910 -507.1820
-1252.3716 -481.4444
-1302.6119 -454.6733
-1326.2340 -362.6579
-1269.9327 -311.4982
-1254.9863 -256.6478
-1259.5422 -188.8487
-1273.0869 -108.9730
-1245.8773 -32.7884
-1219.7635 32.2600
-1202.7616 109.3566
-1161.8910 229.2282
-1126.2754 293.4443
-1065.2588 310.7000
-1004.4212 328.2218
-935.6199 323.0300
-907.7325 298.6588
-879.7275 274.3579
-862.9920 228.5179
-845.3639 193.8393
-877.4002 162.3935
-901.0987 108.0697
-932.6401 87.8565
-962.6745 89.9745
-1000.2043 126.3073
-1038.3822 151.6313
-1117.1278 169.2422
-1215.5653 189.1579
-1302.7223 219.9933
-1421.6026 232.3573
-1548.9175 258.1433
-1675.8478 285.2335
-1713.7907 301.5580
-1799.2256 335.9599
-1913.6107 375.3812
-1990.1174 398.5710
-2027.3815 415.9413
-2117.2456 476.6890
-2173.1889 555.4496
-2191.0518 674.0247
-2230.9314 773.9175
-2264.9430 896.3769
-2204.7087 1046.9300
-2151.6830 1117.6628
-2058.0715 1203.7574
-1902.7980 1324.9165
-1632.3762 1496.6771
-1438.4927 1581.1169
-1282.2484 1616.4927
-1095.4455 1560.4167
