1978.5769 -1685.8178
1818.4378 -1634.3552
1658.9444 -1581.7774
1500.1302 -1528.0587
1331.6997 -1485.1665
1209.0046 -1460.2615
1086.6068 -1434.5815
953.5642 -1408.7155
821.2855 -1393.0464
678.6461 -1387.9756
557.9913 -1381.0798
437.4380 -1373.3652
316.9914 -1364.8305
185.9243 -1377.8341
65.6888 -1400.9356
0.0000 -1423.2970
-87.7629 -1445.3192
-164.4711 -1433.6536
-197.3643 -1433.3178
-307.0038 -1431.7577
-416.8440 -1440.6433
-537.7528 -1448.5269
-669.0646 -1432.9227
-789.6551 -1427.9587
-899.7102 -1433.8730
-1008.8301 -1416.8199
-1118.3714 -1410.2254
-1227.8773 -1402.9455
-1327.0706 -1406.9758
-1426.3283 -1410.4639
-1535.8283 -1401.2745
-1646.1085 -1402.5909
-1735.4154 -1416.6077
-1813.8913 -1431.3420
-1891.5496 -1434.5469
-1956.3531 -1416.1801
-2010.1176 -1398.7991
-2076.8164 -1402.4315
-2120.6017 -1397.2223
-2177.4778 -1413.0672
-2144.6161 -1417.0815
-2186.2594 -1389.1981
-2227.7840 -1361.1818
-2271.4847 -1355.5677
-2324.9191 -1337.1157
-2387.9577 -1305.6939
-2462.9593 -1283.7250
-2539.1440 -1272.6879
-2593.5362 -1264.5888
-2615.2870 -1261.2988
-2733.4346 -1231.3542
-2829.6460 -1204.1105
-2925.6638 -1176.2441
