-2402.2037 -867.9391
-2441.8839 -838.9468
-2481.4219 -809.8175
-2520.8159 -780.5505
-2560.0644 -751.1454
-2597.5437 -710.3158
-2634.7924 -669.3404
-2694.5444 -635.8382
-2755.8339 -613.3350
-2794.2123 -583.0958
-2832.4333 -552.7155
-2870.4953 -522.1936
-2910.3234 -502.8474
-2948.1029 -472.0449
-2998.1160 -450.3313
-3052.1058 -451.0796
-3106.1292 -451.6487
-3160.1856 -452.0386
-3201.7495 -443.1329
-3232.9068 -436.3710
-3243.2896 -434.1013
-3253.6709 -431.8237
-3264.0506 -429.5382
-3280.4055 -402.2006
-3302.5112 -349.7513
-3324.3132 -297.2159
-3353.6940 -230.8246
-3402.9538 -159.3700
-3459.0919 -73.6813
-3494.0587 7.2932
-3502.7816 105.9668
-3482.4069 233.3965
-3400.5365 392.6823
-3298.8700 546.3770
-3171.6402 680.9696
-3041.7610 790.8467
-2906.6157 887.6266
-2775.6923 973.9403
-2646.1404 1061.0286
-2553.5588 1121.8282
-2479.9050 1187.2023
-2418.4914 1243.7053
-2348.4904 1298.3730
-2258.5466 1360.5401
-2158.0394 1432.4251
-2052.3215 1492.0370
-1930.2657 1549.0578
