-2083.0088 -730.1305
-2129.0623 -666.8499
-2166.9735 -627.2923
-2174.6376 -603.3442
-2201.7493 -565.1328
-2219.7252 -539.6134
-2236.1127 -502.8262
-2261.2226 -453.1921
-2287.6625 -414.7084
-2300.3333 -355.3094
-2323.0217 -294.2247
-2314.6124 -238.0781
-2302.6463 -159.5037
-2271.9181 -95.5139
-2219.2780 -23.6113
-2118.1290 97.9445
-1973.2246 247.2576
-1900.4429 396.2456
-1828.1154 545.2468
-1717.5733 756.9820
-1621.9667 1004.9603
-1563.1104 1201.2224
-1538.1587 1299.9665
-1494.7312 1669.0567
-1295.5630 1924.0976
-1125.8549 2037.5152
-941.8639 2039.0616
-731.8633 1974.9448
-556.9407 1851.1006
-425.5150 1777.4192
-266.3594 1693.7916
-112.7379 1612.9674
17.4561 1556.7463
