4319.9591 -747.1482
4126.8598 -786.6245
3927.2917 -849.3073
3739.6592 -918.0890
3551.0472 -984.1868
3352.5568 -1061.2608
3158.5874 -1099.1422
2953.4431 -1136.5038
2747.9208 -1171.2007
2540.7056 -1191.9608
2378.0424 -1215.4506
2181.4530 -1230.2541
1984.8328 -1242.7964
1800.0267 -1263.1617
1646.8313 -1267.2111
1493.6886 -1269.9149
1329.0202 -1260.9509
1185.0541 -1226.6624
1031.8919 -1214.2287
878.9861 -1200.4647
726.3492 -1185.3663
584.1668 -1146.3007
421.4581 -1128.8990
291.2952 -1098.2892
172.3268 -1066.5779
64.4729 -1022.8685
-42.9059 -989.5800
-139.2764 -966.8020
-160.6066 -955.4846
-267.3478 -931.8321
-373.5887 -896.3445
-436.8107 -861.3577
-509.7688 -803.5180
-582.2214 -745.3115
-592.4204 -733.7868
-673.4629 -641.3109
-712.6440 -572.6251
-759.7244 -458.7570
-827.1560 -354.6566
-882.5618 -239.6636
-947.7484 -134.8246
-1021.8522 -28.8409
-1105.5092 67.3384
-1214.5286 200.2984
-1323.2144 312.1277
-1460.2304 417.3092
-1562.7588 542.8612
-1678.4239 694.4954
-1775.3274 879.6371
-1847.5864 1016.9157
-1879.5969 1102.5206
-1954.0382 1391.9587
-1901.5709 1682.1435
-1678.0911 2066.2324
-1141.1880 2412.6948
-675.0955 2697.9431
-362.0051 2899.9492
-142.1070 3003.6739
-35.1807 3057.9522
34.8291 3113.5493
103.4195 3169.8388
204.6650 3227.7562
521.7842 3468.5532
868.1957 3733.4812
