-2183.7530 -1252.7597
-2147.7356 -1223.1279
-2110.6455 -1182.2177
-2084.4398 -1139.9459
-2058.2653 -1097.6729
-2041.7289 -1042.8445
-2035.8812 -986.7020
-2019.2430 -931.9073
-1981.2491 -879.7748
-1920.9078 -818.9938
-1837.3188 -738.2006
-1775.2858 -654.7680
-1735.6777 -580.0530
-1706.6261 -504.1411
-1689.1723 -438.2380
-1674.0669 -394.7046
-1658.9678 -351.1755
-1655.3763 -317.6505
-1641.4743 -285.3043
-1628.7930 -264.1291
-1594.4356 -234.0858
-1506.7716 -187.1930
-1345.2169 -113.4480
-1133.8130 -31.2643
-955.0284 55.8604
-800.4343 112.8470
-648.2969 149.2249
-567.1080 178.9475
-505.2595 232.1372
-443.1055 307.8323
-361.4080 405.4573
-242.1810 502.7366
-143.9308 612.4239
-104.5129 723.2264
-93.9507 845.4620
-92.7645 978.8965
-91.5486 1112.3307
-89.9867 1279.1231
