3779.8974 -1148.6543
3507.3872 -1195.2752
3234.4210 -1237.3133
3015.4577 -1265.4107
2828.9871 -1285.3516
2631.5429 -1304.9167
2434.0227 -1322.2154
2225.5336 -1338.6576
2016.9973 -1352.6018
1808.4389 -1364.0606
1632.6804 -1370.0227
1421.2354 -1332.2273
1233.0807 -1301.7201
1045.5598 -1269.3133
836.5236 -1224.9283
639.3044 -1177.7278
486.0077 -1116.0195
301.3873 -1053.6100
128.5630 -966.8901
21.3757 -922.9050
-85.2932 -878.2143
-191.4296 -832.8113
-297.2077 -797.8109
-402.8222 -773.2119
-508.4724 -759.0158
-614.3593 -755.2270
-720.2206 -750.7215
-826.5818 -756.6338
-924.7919 -807.0201
-978.4959 -814.9716
-1018.4115 -767.7156
-1045.4663 -687.6097
-1123.0833 -581.3546
-1234.1010 -516.6330
-1358.3610 -494.6568
-1513.5715 -468.4668
-1646.4734 -431.7391
-1767.2370 -383.7835
-1866.6732 -337.3634
-1936.0738 -305.5158
-1994.9238 -274.7073
-2043.2835 -245.0777
-2113.4725 -223.4255
-2163.0474 -204.5208
-2212.5116 -185.4169
-2261.8639 -166.1133
-2311.1031 -146.6092
-2354.8578 -93.2288
-2379.8038 -54.3619
-2408.2880 -37.8669
-2424.7237 -11.8599
-2439.1486 25.4076
-2469.5318 88.8198
-2497.3879 163.5908
-2524.6265 238.4923
-2568.7139 328.6522
-2609.4472 430.3208
-2646.5086 543.4766
-2689.0974 670.2193
-2684.0945 822.1377
-2701.3898 956.0061
-2680.8114 1116.6774
-2566.0011 1301.7303
-2442.5984 1413.8001
-2173.4262 1563.8528
-1809.2193 1779.8693
-1326.7976 2042.0640
-610.7876 2580.7753
