932.1319 -1421.0291
909.2923 -1399.8846
875.1021 -1368.1255
841.4350 -1347.4542
807.4032 -1315.5900
773.8705 -1294.8090
729.1256 -1263.3022
684.5050 -1231.6957
639.6584 -1188.8581
594.9808 -1145.9219
539.6861 -1103.2378
473.5750 -1049.5777
353.7386 -974.6839
256.1860 -898.6417
159.5257 -833.1632
42.2976 -733.8303
-63.0292 -622.5627
-146.2670 -533.0264
-238.9462 -442.8544
-382.1560 -350.8160
-564.2090 -244.6241
-710.8036 -93.0512
-851.8175 93.6696
-885.6702 330.6779
-816.5615 616.6765
-673.2103 909.2502
-457.6021 1121.4502
-344.6804 1206.3919
-224.9509 1281.1163
-115.8739 1368.3406
0.0000 1456.6556
113.1733 1579.6093
257.7695 1693.5614
373.4724 1797.5288
494.4950 1903.3841
693.6784 2027.9090
944.3422 2151.7637
1248.4800 2303.1788
1573.6911 2460.9124
