-1794.1180 574.4470
-1656.2437 645.9527
-1530.9249 708.7585
-1428.6635 752.6248
-1327.1870 797.2355
-1226.5143 842.5935
-1126.6644 888.7018
-1046.2851 937.2539
-975.8633 987.0822
-898.7807 1014.2934
-857.1109 1067.0036
-827.6921 1087.1539
-823.0909 1142.7521
-821.2374 1164.9904
-836.5910 1199.7323
-910.8289 1284.1696
-974.6594 1368.3777
-977.6693 1424.7836
-989.3149 1482.0383
-969.5418 1581.1950
-932.5725 1678.6918
-870.5056 1773.9036
-801.0695 1868.6769
-703.9447 2006.3245
-603.1155 2222.5306
-515.5584 2317.3349
-430.7881 2401.8077
-350.8092 2431.4779
-233.1542 2449.5873
