-127.2994 -788.9716
-276.1552 -809.3171
-393.2195 -817.9721
-510.4110 -825.7693
-627.7237 -832.7098
-744.6860 -827.6617
-861.6120 -821.7495
-978.4959 -814.9716
-1095.3317 -807.3263
-1201.4995 -799.6216
-1307.6184 -791.1967
-1403.0797 -782.9971
-1498.4944 -774.2112
-1583.2656 -765.9081
-1667.9950 -757.1395
-1763.2626 -746.7168
-1847.8952 -736.9547
-1932.4784 -726.7230
-2027.5725 -714.6494
-2121.2456 -690.7505
-2204.1833 -667.7386
-2297.4615 -642.6653
-2371.0575 -631.4828
-2434.0997 -621.6050
-2495.4838 -600.1893
-2568.8885 -587.9963
-2650.9784 -562.3211
-2732.8714 -536.1380
-2826.8625 -518.7906
-2929.2335 -487.4640
-3043.7415 -464.5465
-3166.3452 -427.1157
-3290.7655 -399.8881
-3435.6388 -366.6802
-3546.8332 -328.0771
