-862.9920 228.5179
-852.3474 238.9980
-841.7177 249.4852
-850.8628 261.2563
-869.8582 273.6928
-888.0314 297.2899
-915.9573 321.6148
-954.4297 335.6062
-986.5147 304.4371
-1000.7377 249.5309
-1024.0476 206.5287
-1046.5700 174.6848
-1078.2331 154.8076
-1129.9359 136.6712
-1183.7512 96.4347
-1228.8153 44.3104
-1264.0544 -8.6498
-1309.5919 -60.6052
-1354.3218 -101.3127
-1399.2540 -141.9197
-1451.2641 -147.9054
-1472.7612 -156.9442
-1502.1794 -142.5483
-1507.6879 -96.8125
-1505.3335 -74.4935
-1492.8507 -53.2742
-1469.1167 -21.9787
-1446.6127 -1.8161
-1370.4921 46.6532
-1263.7758 103.7373
-1095.3600 189.8513
-937.2801 300.7689
-808.0242 459.6450
-691.1607 620.0700
-616.6655 749.9063
-563.4703 858.7477
-520.4063 968.1904
-479.0765 1055.5081
-410.4775 1153.0031
-325.0384 1250.3067
-205.7360 1336.3484
-35.3951 1434.4772
174.9941 1536.0061
441.5491 1633.2794
728.6843 1728.5614
1060.1901 1838.0490
1403.9959 1939.8723
1742.8340 2043.9434
2063.4523 2170.5375
2363.9503 2318.6314
2635.0334 2460.3003
2863.8154 2587.6216
3020.7623 2671.5314
3165.0408 2742.2275
3295.7447 2784.9124
3443.9120 2811.9308
3568.4518 2817.0687
3665.8263 2823.9031
3756.1418 2828.1714
3839.4033 2829.6068
3908.3028 2824.1266
3968.7846 2800.6339
4026.7286 2748.0665
4096.6325 2673.9606
4169.7991 2629.3066
4232.9558 2621.2613
4279.5962 2590.3785
4301.7360 2532.1866
4321.6167 2458.8870
4354.4126 2378.6033
4402.3970 2306.2895
4444.4221 2244.7200
4496.7024 2202.3079
4543.4266 2170.8878
4581.3500 2176.7729
4594.0617 2211.5367
