2455.2733 -1215.9792
2286.3385 -1182.2556
2118.0254 -1147.1382
1941.7156 -1134.3054
1763.8132 -1097.3532
1587.5602 -1069.9328
1420.1925 -1006.3736
1243.2090 -942.2104
1111.4324 -895.7822
1009.7309 -801.8289
888.3877 -719.7440
811.2291 -656.9762
703.5974 -606.5041
605.8189 -521.5438
529.7519 -435.3075
505.3144 -324.7901
490.9367 -202.7809
486.7487 -80.4204
512.5806 43.0421
568.0767 156.6994
622.9716 259.5162
727.7603 331.9308
852.3544 384.3204
969.6985 392.7363
1105.4842 415.0699
1259.2006 451.9758
1448.2057 517.5962
1659.2348 555.4798
1849.1232 662.5702
2003.1444 790.6018
2142.1417 976.9308
2256.4411 1161.9555
2353.0416 1357.9468
2451.9126 1557.5506
2555.3951 1749.9622
2627.9610 1961.4643
2676.5340 2169.0337
2698.3485 2309.6414
2650.5295 2465.3001
2560.7443 2351.9292
2622.7698 2273.9033
2674.3652 2277.7138
2725.9999 2281.8237
2785.6198 2288.8238
2837.3213 2293.5849
