-2177.9715 -1196.4996
-2238.1543 -1143.0085
-2306.1545 -1065.1878
-2392.1122 -961.2554
-2467.5876 -869.4965
-2508.6733 -770.9644
-2550.4859 -683.4642
-2593.2152 -607.0016
-2638.7808 -552.8648
-2652.6640 -504.0678
-2654.1446 -445.8166
-2669.4459 -408.2458
-2686.4659 -381.9159
-2717.5016 -376.1943
-2729.7310 -385.5557
-2710.8952 -400.6733
-2700.5348 -402.5780
-2686.4659 -381.9159
-2603.0769 -327.3919
-2573.2835 -274.7731
-2543.5132 -222.1679
-2520.2111 -145.2629
-2464.4956 -62.6213
-2400.7891 7.0305
-2315.4884 84.5238
-2205.3613 192.5139
-2043.5006 315.3706
-1862.7415 447.6994
-1669.0078 624.9774
-1578.4774 714.9525
-1518.9352 865.8738
-1504.4056 1034.0408
-1497.8925 1203.3662
-1488.0564 1326.8995
-1479.3270 1382.4593
