-1764.2343 -1504.1202
-1792.8508 -1444.7829
-1840.2839 -1349.4293
-1876.1457 -1255.0230
-1921.1566 -1148.0071
-1966.4178 -1051.9657
-1999.0337 -945.7794
-2050.8780 -825.4846
-2104.1506 -727.2966
-2171.1848 -660.9826
-2227.0873 -595.7781
-2283.9403 -541.4924
-2361.1675 -483.6165
-2429.0698 -438.1535
-2486.2049 -394.0330
-2520.5553 -341.9349
-2532.1771 -282.0669
-2531.4239 -212.7431
-2518.3247 -134.0193
-2462.6017 -51.3886
-2331.0984 52.6149
-2112.9448 131.5218
-1882.5611 245.2771
-1652.8371 384.3611
-1437.1894 527.6105
-1209.2748 649.4933
-948.0852 771.8337
-701.9620 899.8051
-462.6818 1010.2535
-265.7629 1104.0262
