-1463.9866 -1160.0082
-1658.6828 -1141.9721
-1842.3876 -1122.8306
-2003.2053 -1093.0037
-2130.1659 -1054.4671
-2233.9363 -1006.5135
-2314.4380 -949.5606
-2380.8920 -871.1192
-2443.5718 -769.6927
-2501.9342 -645.2611
-2555.3461 -497.8212
-2586.0865 -353.6004
-2594.6842 -212.9268
-2569.6007 -66.6692
-2479.5427 90.6636
-2405.7571 216.1098
-2326.4676 317.3595
-2224.3270 380.0001
-2204.7536 376.5934
-2023.0083 380.8635
-1691.9565 389.5107
-1327.2723 458.9954
-966.8359 549.2996
-594.6758 626.1188
-248.2479 669.7297
47.7435 667.2651
238.7013 669.5366
333.8287 682.9288
409.2885 707.5337
446.4487 731.1396
473.9735 754.4846
492.4220 766.3793
566.9653 792.0211
708.5394 799.7085
