4502.8285 -1092.3012
4263.1335 -1142.4832
4044.6497 -1183.8621
3804.1409 -1227.0955
3572.3673 -1253.0116
3362.3029 -1271.6045
3150.6795 -1276.2816
2950.1827 -1276.6957
2740.4712 -1288.0295
2507.7864 -1288.7606
2274.2533 -1275.2715
2019.5557 -1261.4566
1798.1194 -1240.7435
1576.4809 -1206.2025
1355.7482 -1169.0412
1135.9721 -1129.2326
917.2049 -1086.7486
796.2934 -1037.1763
665.2751 -987.2420
545.6501 -935.9792
426.6859 -883.8930
319.6341 -864.1290
212.6985 -832.5411
106.1505 -800.2483
0.0000 -778.3656
-95.2920 -755.8371
-190.2115 -721.6077
-274.2048 -686.9833
-368.6207 -662.7674
-493.6504 -614.7295
-628.4229 -565.1996
-762.9104 -525.5470
-885.7258 -474.1241
-968.3023 -457.8029
-1061.1170 -440.2659
-1205.6207 -417.9805
-1348.8379 -383.0791
