1580.7128 -1262.1411
1446.2883 -1217.7498
1334.0947 -1170.7635
1211.5945 -1123.9414
1078.8834 -1077.0513
936.0617 -1029.8366
804.1994 -969.8387
662.0776 -898.1989
531.6712 -825.0720
391.9728 -762.3565
242.7275 -698.6318
84.0951 -633.5815
-73.2351 -555.7981
-218.6330 -476.5363
-352.4511 -407.2051
-474.7365 -336.9583
-565.0580 -266.8750
-633.5583 -185.9759
-680.3651 -94.5742
-715.7714 7.6236
-750.4617 109.9513
-763.9196 222.3658
-766.3651 345.3451
-758.0024 478.8569
-719.2240 632.8639
-661.3593 796.9557
-510.5711 978.8887
-345.8654 1173.0340
-151.1591 1391.0346
43.3616 1612.4232
251.5412 1893.6940
