4719.2479 -530.1624
4606.9885 -577.2772
4496.9679 -634.9946
4383.7942 -679.9401
4259.6602 -726.7144
4090.3398 -771.7171
3922.8323 -826.2085
3754.6943 -878.5958
3575.2644 -931.2675
3453.7129 -933.8071
3321.5714 -937.7061
3146.7403 -948.9456
2971.9974 -958.3735
2876.3888 -905.7045
2770.4982 -854.5967
2665.0506 -803.0811
2558.4804 -739.8632
2440.3601 -666.6500
2321.4346 -581.6869
2203.3345 -496.2307
2086.1065 -410.2569
2019.8668 -305.4459
1953.9713 -200.5855
1888.4498 -95.6654
1823.3318 9.3249
1807.1015 132.2313
1790.4259 255.0774
1773.3053 377.8624
1754.1208 511.7387
1799.6129 666.4865
1853.9529 811.9189
1903.7791 968.9399
1855.7764 1558.1128
