610.5302 1575.2809
830.1855 1568.6879
1041.7724 1565.9624
1255.4641 1556.5530
1365.2153 1536.8595
1379.0657 1504.7280
1338.4321 1476.6584
1297.5388 1448.7768
1249.0284 1408.9005
1182.2398 1367.2655
1105.8950 1325.1739
1048.0836 1274.3342
1036.0293 1216.9947
1095.3257 1177.8738
1190.2295 1154.0529
1247.6922 1137.9048
1285.6369 1130.9998
1268.7669 1117.7562
1265.1725 1072.2209
1265.5234 993.3170
1282.9160 927.6072
1340.2355 922.8902
1425.6216 921.8973
1528.1546 935.1351
1654.9708 975.6033
1833.7637 1094.8224
2037.3323 1303.8310
2247.9848 1521.7984
2452.8756 1723.4107
2590.1108 1878.8250
2683.6236 1929.3161
2775.2141 1956.3810
2867.1462 2009.0559
2933.7705 2079.4746
2962.3163 2199.9609
2976.1493 2328.7663
