-1541.7103 -126.9645
-1598.9900 -86.6072
-1644.5091 -36.0052
-1665.4606 45.8184
-1693.0516 151.3059
-1763.7817 228.7080
-1831.5231 249.4063
-1889.2132 269.0495
-1948.4320 277.8037
-2001.1805 262.9585
-2022.6610 254.8351
-2130.4501 214.6387
-2205.3613 192.5139
-2268.7033 180.2267
-2344.0653 158.7493
-2417.7042 148.8323
-2487.4324 161.7185
-2545.0532 184.2961
-2598.2012 229.6225
-2668.4167 290.5322
-2755.1232 367.4329
-2828.4057 454.2163
-2863.6239 568.5819
-2875.5228 689.8198
-2845.5565 813.0480
-2840.0300 835.4341
-2820.4979 913.7393
-2794.9529 1014.3103
-2705.8263 1170.2469
-2616.8797 1326.0369
-2519.3729 1479.5323
-2390.7931 1613.5362
-2198.6470 1756.4888
-1954.7787 1878.1612
