-1396.6533 184.5745
-1408.0483 264.7259
-1420.3119 333.7577
-1411.4420 411.7666
-1392.7309 488.6716
-1364.3688 564.4900
-1288.2533 635.1293
-1203.3652 705.1482
-1112.1420 752.4777
-1011.1949 810.7178
-931.9370 848.9480
-862.5869 888.3557
-823.4256 907.8620
-764.9489 937.3480
-716.0811 967.6880
-658.2265 997.6730
-572.3797 1037.6022
-488.8199 1044.7875
-339.8101 1083.7933
-174.1312 1102.2026
18.3099 1111.9660
200.7179 1147.1479
391.7986 1163.4536
591.3974 1183.6047
846.6284 1189.3180
1083.7725 1199.1995
1340.3535 1273.2179
1591.6558 1364.8267
1827.6290 1472.4580
2073.3866 1600.8303
