4125.0077 -1128.1027
4021.9446 -1056.1757
3884.8390 -980.2993
3790.9354 -894.1330
3697.2092 -808.0099
3557.1404 -708.6907
3396.7658 -613.7659
3239.5050 -529.5821
3083.2793 -444.6379
2907.4933 -363.0126
2722.8374 -282.0948
2551.8830 -209.0833
2371.5107 -67.3263
2186.3490 120.3899
2022.9988 186.2214
1823.1907 236.8538
1637.8153 269.0351
1467.2927 271.2805
1287.2305 274.7238
1117.4013 281.4542
979.2494 270.2928
840.2471 271.7428
747.4069 333.0595
682.8674 429.8882
628.8339 527.4549
583.9505 647.8976
566.9653 792.0211
568.6505 937.0525
606.5905 1084.0285
678.3472 1244.5222
808.2476 1421.3768
995.3717 1662.3903
1235.0334 1983.7964
1482.5778 2317.9242
1722.2877 2816.5436
1971.5388 3319.7336
2245.6954 3807.5708
