1851.6997 -214.2924
1773.3760 -167.5390
1706.9516 -130.4083
1649.6841 -80.6730
1568.7604 0.3701
1529.8293 75.0387
1513.5452 129.6816
1517.1438 186.5887
1529.1522 255.8072
1588.5664 342.1918
1661.8529 464.9894
1761.9103 592.5560
1880.0267 713.0985
1999.1608 812.8997
2127.4053 904.8356
2267.1191 1024.5644
2395.4653 1179.9779
2474.9018 1397.8915
2522.2214 1503.9068
2552.7313 1630.2470
2594.7300 1772.4286
2643.2654 1941.7829
2789.0302 1996.9906
2923.1783 1953.4374
3054.2003 1897.5141
3161.2852 1834.2505
3269.3337 1771.5864
3361.1725 1703.5622
3431.7053 1615.6855
3501.5311 1502.4610
3552.1535 1357.5496
