2926.5749 -803.3947
2786.7990 -816.9303
2636.3720 -830.9996
2495.0597 -830.7054
2352.4811 -817.9691
2211.5819 -815.3265
2092.1068 -808.7119
1974.0274 -812.4737
1853.6994 -792.9653
1742.0971 -749.0841
1633.1143 -726.9335
1536.9761 -725.4153
1439.0529 -700.9853
1340.5532 -664.8452
1241.6430 -617.0110
1145.5795 -602.0884
1060.2037 -585.8687
985.4885 -568.5221
930.5838 -527.2803
876.5396 -497.0102
844.6777 -487.6741
821.5293 -444.3030
796.1676 -356.3809
747.5816 -213.8838
677.1208 -27.8110
566.6220 190.0714
430.5425 385.3499
279.8601 548.0328
76.2380 689.6518
-178.8710 824.2130
-140.3358 890.4146
