4274.3273 -796.5026
4187.0169 -807.5228
4099.7016 -818.0708
3984.2955 -798.7971
3856.3131 -770.0162
3718.1416 -743.0821
3590.9706 -712.8821
3478.9928 -702.4998
3377.7784 -689.1735
3287.3081 -673.0943
3209.5514 -665.8092
3129.9443 -646.8331
3036.1536 -606.9511
2936.9666 -532.7521
2832.5171 -424.4079
2697.7204 -321.7161
2504.3758 -240.6688
2294.1677 -172.3894
2045.2691 -107.7261
1836.2798 -91.2790
1628.1364 -71.9030
1441.1181 -47.4972
1272.0862 14.5777
1131.8296 114.3940
1010.6259 250.2935
910.2098 399.5209
830.1325 561.6968
779.2900 737.1436
749.4760 891.6295
796.1928 1017.7522
900.0944 1104.0004
988.3647 1145.2066
1097.7958 1155.6358
1200.6871 1143.9292
1284.2072 1142.1200
1369.3489 1129.8149
1460.6762 1141.5895
1559.2685 1166.5579
1659.3360 1181.3466
1754.0749 1173.3679
1853.1565 1143.9214
1959.8705 1128.0000
2041.7789 1096.7766
2064.5471 1077.9146
2080.3807 1046.2247
2077.7428 1011.1026
2012.1063 953.1383
1891.4695 875.1948
1746.7020 818.2502
1610.1158 764.6033
1500.9045 716.2720
