4232.0833 -500.3726
4078.2918 -506.0806
3927.1745 -521.9014
3776.0977 -536.2577
3612.3260 -540.2119
3446.5839 -531.1462
3283.3957 -531.9210
3097.5697 -524.0527
2941.5995 -496.7412
2784.3856 -456.8445
2646.8929 -400.7107
2520.5553 -341.9349
2405.2846 -280.7284
2306.0881 -181.9498
2248.1705 -76.3865
2200.4890 30.7858
2131.1471 145.8931
2083.7202 253.0012
2045.2706 304.1928
2018.5426 345.7905
1941.6963 322.4923
1844.9288 296.8699
1718.2537 268.0780
1601.0703 241.8071
1493.4530 217.7743
1375.6057 193.6334
1267.3838 171.5459
1126.1207 181.2234
1063.7301 209.6806
1021.4002 239.9302
967.6760 291.8157
915.1419 332.7446
893.8936 353.6177
862.1361 384.9800
831.2770 405.2787
789.3105 447.2805
758.7081 467.7314
717.1595 509.9348
645.6995 572.9461
564.2657 658.1105
483.4473 754.8677
394.5152 851.7768
316.3763 949.5480
257.7426 1059.3315
218.2171 1180.8557
197.4946 1302.8196
194.8990 1425.1320
192.2479 1547.4433
267.0615 1671.5545
417.5738 1765.9293
591.4574 1842.0340
779.9076 1911.6947
1016.3424 1979.5566
1257.3566 2054.8374
1496.4969 2125.7662
1753.5805 2219.3184
2015.0634 2346.7801
2271.9954 2472.2800
2525.2578 2595.9273
2771.1040 2666.4477
3026.6968 2737.3161
3292.6256 2809.6347
3534.8308 2881.3020
3752.0938 3018.1647
3976.0886 3156.7694
4186.1018 3329.5070
4387.6017 3496.5930
4572.3457 3682.6797
