-1542.7080 -1051.6307
-1670.8410 -1027.8910
-1778.2880 -1016.6392
-1907.1362 -1002.1896
-2046.6050 -985.3643
-2143.0843 -972.9992
-2195.3773 -954.6304
-2279.6609 -931.5885
-2339.6496 -888.6504
-2420.6067 -842.1915
-2498.0762 -772.6492
-2589.8511 -584.4444
-2660.9035 -421.3969
-2720.2440 -329.1454
-2754.0182 -217.8612
-2764.3431 -157.5027
-2772.2759 -85.8469
-2779.8079 -14.1727
-2744.6218 60.5607
-2709.3946 135.2439
-2636.6113 190.6318
-2504.1570 292.6640
-2394.6787 387.8342
-2241.7059 452.2807
-2222.2491 448.8202
-2084.3284 494.1293
-1920.9654 582.2668
-1705.7008 641.4572
-1447.6124 754.9266
-986.2280 875.8523
-555.1423 1014.4346
0.0000 1223.1459
523.4106 1570.3574
946.0532 1713.6686
1217.4332 2196.6436
1292.3839 2662.8379
1270.3429 3116.4329
1119.6489 3147.5767
990.7369 3071.2782
