-2737.5014 -244.3581
-2719.3480 -201.2255
-2701.1703 -158.1105
-2682.9692 -115.0127
-2672.8385 -58.7225
-2652.4939 -4.4172
-2612.0133 45.9715
-2543.4105 137.4789
-2441.3121 245.8692
-2312.6365 337.9774
-2194.9648 374.9018
-2185.1747 373.2180
-2109.1478 406.3645
-1860.5139 527.2626
-1557.5193 655.5154
-1290.7340 781.8996
-1069.3951 894.4795
-908.0245 1015.0358
-740.9287 1136.8947
-496.4720 1256.8754
-230.3290 1425.8600
26.0841 1590.1237
297.9189 1772.6157
578.2698 2019.8390
867.1192 2379.7192
1084.9170 2744.7081
1233.5826 3052.6312
1245.0743 3226.4476
1239.4284 3340.1467
1248.2752 3445.3207
1276.8247 3520.2172
1325.9108 3588.4470
1404.4037 3664.4202
1510.6758 3749.4613
1642.8351 3845.3378
1702.4007 3947.3976
1722.6675 4087.1572
1696.9276 4261.4898
1680.4650 4390.8107
1711.4729 4476.6154
