2161.8796 1794.9647
2192.4493 1673.1574
2173.4262 1563.8528
2142.7131 1499.0343
2086.1390 1545.3712
2015.0476 1577.2816
1942.9494 1574.6098
1858.0588 1547.0163
1772.7808 1520.2009
1669.5440 1491.2681
1558.8958 1451.0034
1420.8284 1408.3616
1280.2290 1378.8031
1160.2451 1398.6075
1095.3996 1414.0864
1043.3943 1476.1745
1006.8912 1562.4067
968.2455 1670.9173
947.0364 1781.1477
941.2829 1904.1432
966.5397 2041.6606
996.5479 2191.2905
1036.6640 2365.1631
1052.4207 2570.4924
1038.4794 2794.8639
1000.4393 3016.0178
961.1641 3236.9904
951.0701 3473.6291
1017.4074 3632.1491
1140.0009 3665.7230
1264.3309 3690.9647
1449.4035 3733.8344
1810.9052 3776.3333
2160.1008 3836.9707
