366.1742 -1063.4310
290.4554 -1042.6808
214.7783 -1010.4710
171.3133 -955.3754
138.7711 -900.0821
106.4179 -844.7274
84.8668 -789.2569
73.9726 -722.5925
63.1556 -655.9215
52.3824 -578.1241
31.2781 -500.3452
-10.3746 -422.5377
-41.2884 -344.6462
-72.0415 -300.0470
-102.6856 -266.5008
-133.1886 -232.8878
-163.4232 -188.0877
-254.1531 -120.0031
-353.8232 -39.9322
-462.7281 30.1130
-570.4780 101.0783
-667.0914 172.4640
-772.4863 245.2021
-887.2462 308.4194
-1000.8297 372.7486
-1114.2239 427.0608
-1226.6163 482.4897
-1296.9033 557.1857
-1344.3888 652.5115
-1379.8970 758.1383
-1404.8962 862.8043
-1411.8416 954.1236
-1409.0489 1044.2863
-1405.8930 1134.4318
-1402.3694 1224.5589
-1352.0602 1319.9541
-1293.3814 1414.3358
-1156.3879 1499.6034
-1003.0730 1595.7368
-827.0909 1691.6435
-607.4928 1854.2163
-387.3136 2032.0037
-217.3048 2204.3658
-78.2395 2402.1808
7.6310 2568.6100
82.2015 2702.4763
146.2259 2836.9010
215.2145 2949.8503
282.4709 3041.2364
354.3394 3133.6278
424.4761 3215.6858
535.8674 3335.4485
680.6970 3461.2548
841.0118 3604.9791
990.7535 3753.0987
1135.3120 3883.4141
1270.3592 4017.7122
1395.5440 4155.6765
1504.2054 4282.9522
1572.1851 4377.5249
