3375.5206 -1210.0648
3212.6966 -1241.3942
3060.5064 -1269.1346
2929.8973 -1291.7692
2804.3524 -1266.2034
2699.4496 -1225.1944
2610.9440 -1135.2016
2490.4883 -1049.9989
2374.7840 -998.1886
2282.3259 -954.0978
2178.2489 -899.8609
2057.1007 -881.6101
1970.5866 -881.0872
1881.8451 -857.6992
1770.9824 -825.0824
1652.9961 -826.4868
1576.6139 -811.6880
1486.9565 -764.0442
1428.4987 -701.9593
1370.3416 -639.7435
1330.7387 -542.0926
1267.8393 -412.7630
1202.7729 -249.9026
1139.2098 -98.1134
1068.0147 30.6998
1046.5700 174.6848
1113.4659 325.9960
1195.2815 501.9315
1309.2850 705.0192
1462.9214 926.6026
1559.2685 1166.5579
1615.7467 1436.9615
1621.8319 1746.4667
1611.4091 2099.9793
1542.2508 2420.4616
1477.2942 2707.2211
1531.7353 2983.7393
1617.3498 3306.2751
1791.0805 3721.9286
1979.1078 4205.4411
2285.8727 4677.1133
2567.9547 5075.8204
2756.2461 5311.4945
2915.5552 5466.3952
3008.5963 5670.6551
3054.5573 5840.8965
3060.3057 5920.2881
3074.8216 5992.6387
