3538.3762 -975.0343
3300.4885 -1012.7544
3073.0409 -1044.9077
2856.1292 -1071.9978
2649.8335 -1094.4924
2443.4251 -1114.4046
2258.5409 -1128.8613
2073.6295 -1141.2814
1887.6721 -1140.4583
1710.8284 -1114.1598
1533.6952 -1074.9918
1356.5573 -1022.9841
1179.7106 -958.1543
1005.3035 -913.9410
831.2780 -856.8558
658.7982 -809.1590
497.8825 -759.3552
337.4745 -685.7341
199.3188 -599.1508
62.5997 -511.3668
-72.6218 -422.3627
-144.2949 -321.7476
-174.1680 -232.4462
-224.5295 -176.1265
-265.1436 -164.2973
-284.8707 -130.5358
-263.6934 -86.4523
-252.9472 -53.2795
-252.3373 -19.9179
-262.0040 2.5128
-281.6949 25.1558
-281.2320 47.3973
-280.7669 69.6387
-270.2901 91.6749
-259.8445 113.7182
-249.4302 135.7687
-239.2511 146.7060
-229.0883 157.6506
-218.9419 168.6025
-218.7545 179.7227
-218.3782 201.9630
-217.8105 235.3234
-227.1121 268.8526
-236.1468 313.5098
-244.8816 369.2950
-243.3152 447.1361
-251.3912 525.1693
-249.4676 614.1298
-237.5157 725.1361
-216.0757 847.0897
-185.5222 980.0358
-146.3105 1124.0428
-72.0742 1267.8669
17.5665 1501.1487
118.8641 1790.9785
219.9476 2115.4203
308.9943 2318.4679
391.6425 2533.6097
579.2807 2980.9622
757.3543 3436.1911
