842.2083 -1101.8709
754.1512 -1061.4633
688.3434 -1030.8811
601.6307 -1011.9896
439.7388 -983.7240
214.1397 -954.8678
10.6943 -934.0351
-181.8005 -933.0184
-385.4294 -951.7088
-598.3982 -911.8335
-757.1959 -871.6929
-927.1034 -851.5801
-1128.5971 -827.3903
-1328.8358 -789.4252
-1528.3535 -748.8018
-1721.5287 -649.5515
-1924.1442 -557.3168
-2053.1235 -483.3299
-2191.2493 -406.4281
-2343.5944 -290.8966
-2497.9720 -137.6624
-2585.9342 17.7175
-2637.3947 132.4723
-2665.2661 254.8137
-2677.2444 397.7028
-2663.3630 511.9288
-2641.3464 659.6473
-2613.7982 782.7173
-2532.0349 881.9964
-2392.7132 980.6491
-2186.1675 1089.6623
-2005.5488 1136.2493
-1833.8509 1197.9952
-1633.5178 1280.0238
-1445.4320 1366.3636
-1307.9564 1438.7845
-1102.3009 1504.8681
-877.9780 1617.5963
-584.7210 1696.5066
-185.5037 1847.6572
366.4994 2120.2456
881.4024 2392.4508
