4443.3245 -799.3909
4337.1100 -828.7142
4228.3668 -845.5941
4140.8822 -856.2363
4064.0465 -863.7149
3987.2201 -870.8405
3899.7440 -880.2027
3814.4070 -900.6281
3728.9751 -920.5522
3600.6553 -949.5048
3474.0539 -988.8036
3368.5906 -1022.5793
3282.6022 -1039.8861
3205.5507 -1043.2254
3117.7670 -1048.2530
3028.3419 -1041.4588
2939.0265 -1034.2496
2868.1022 -1000.2093
2797.3601 -965.9974
2732.7236 -895.8582
2692.7438 -844.7124
2672.4166 -778.6896
2635.7569 -750.1631
2567.4616 -726.8481
2539.9426 -685.1958
2452.4520 -676.2466
2348.5152 -623.4655
2267.5370 -578.3518
2147.9715 -561.4150
2040.5491 -553.4503
1892.7516 -561.2731
1741.4628 -534.1037
1600.1073 -493.2927
1470.9221 -461.4721
1361.1266 -404.4381
1239.9382 -325.3262
1149.7557 -231.8318
1061.2933 -149.0795
989.9605 -8.7898
920.3209 120.5624
907.7325 298.6588
915.7718 455.8703
961.2968 616.0667
1021.6604 800.4101
1120.7675 944.3249
1183.7036 1051.9973
1246.3010 1149.0247
1277.3020 1265.4923
1271.3260 1377.7157
1254.5013 1499.9306
1201.1283 1628.9472
1159.9911 1736.8720
1149.8236 1871.0945
1180.2638 2010.5135
1232.8240 2153.4477
1351.8983 2273.3972
1498.4557 2435.3883
1619.0484 2608.3647
1805.9321 2930.1310
1987.6062 3192.5124
2069.6602 3557.0252
