-1071.8001 232.7582
-1159.8818 251.5040
-1236.7967 281.0647
-1293.6927 309.1311
-1340.5192 336.4486
-1385.8970 375.1055
-1421.2015 412.8598
-1454.9165 461.8848
-1484.1135 544.4641
-1493.4581 624.7902
-1502.3808 705.1350
-1506.3111 818.8992
-1490.8850 930.2129
-1455.1190 1050.1917
-1404.3323 1145.5525
-1323.8687 1259.8559
-1219.3339 1360.2399
-1130.8653 1417.8952
-1000.5726 1460.6686
-799.3292 1521.4106
-548.8518 1582.8712
-277.1150 1627.3180
-43.0805 1668.0206
205.6802 1714.5766
444.3100 1744.8381
672.8342 1780.4087
933.4789 1824.7370
1110.8134 1843.8529
1279.2757 1865.1811
1472.4042 1893.4896
1648.0923 1922.8854
1864.6328 1963.9999
