802.7095 392.2627
834.0683 506.0662
806.1874 627.1612
801.4557 693.9081
824.2315 773.7225
855.8973 854.2913
889.7226 901.6123
941.7949 950.5780
977.9536 964.8377
1016.1845 956.9750
993.5203 898.9029
988.2751 853.6041
982.9163 808.3106
949.9972 749.5832
915.7259 702.1042
890.6679 655.4504
854.9223 619.3136
761.2019 579.5757
608.9246 537.6104
543.3603 489.9727
457.3566 453.1085
332.1119 404.6551
245.1033 358.1748
167.1261 323.5516
98.3992 311.7218
49.3311 278.0815
0.0000 233.5097
-39.6382 222.4501
-79.4135 200.3907
-139.3305 167.5255
-229.2834 146.5303
-288.5954 169.9377
-317.8984 192.8640
-366.2858 238.6407
-435.1784 251.8884
-462.7905 308.5236
-461.1359 353.0119
-448.8714 419.3929
-456.9318 464.2302
-535.1586 456.1864
-658.9837 328.2180
-666.4089 373.2250
-664.5933 406.5986
-703.6463 408.7095
-732.9315 410.3720
-753.1398 400.3924
-762.2125 412.1027
-740.6484 444.3179
-671.2583 462.7369
-651.2143 472.8342
-642.1005 461.2084
-700.4123 464.3336
-746.8987 500.5218
-775.2310 513.4270
-812.3997 538.1587
-914.2116 601.2445
-976.6703 662.1077
-1038.3844 723.3509
-1099.3395 784.9735
-1063.3527 860.2410
-1010.0905 922.7793
-941.7949 950.5780
-900.7229 992.0507
-903.6212 958.6854
-908.4117 903.0733
-910.3139 880.8273
-975.8428 886.1807
-1013.2726 889.4083
-1021.5598 901.3583
-1031.9831 891.0680
-1056.1457 837.1342
-1073.1557 760.1070
-1137.8520 687.5004
-1195.8974 591.9349
-1292.1077 511.6283
-1363.6347 485.4547
-1443.8698 471.9024
-1542.3520 472.3570
-1660.3325 476.1402
-1765.4267 501.9573
-1892.0999 577.7716
-1942.7090 688.7740
-1982.2865 798.5471
-1951.0054 919.5431
-1815.9876 1034.6546
-1793.6906 1053.9369
-1697.8335 1118.8105
-1655.7545 1146.5994
-1444.3025 1252.7762
-1262.4220 1376.6360
