-2441.1848 -1286.8140
-2461.6901 -1272.4324
-2490.4385 -1233.8528
-2509.5162 -1208.0849
-2527.1731 -1170.9805
-2543.3278 -1122.5366
-2537.7529 -1077.3506
-2532.0995 -1032.1760
-2506.3451 -1001.5942
-2448.4713 -975.8579
-2409.3171 -924.2825
-2390.1183 -858.2675
-2370.8320 -792.2849
-2288.0270 -735.7502
-2209.8060 -712.6828
-2143.7044 -699.0800
-2100.1490 -693.6204
-2038.1343 -713.2710
-1898.3497 -708.2042
-1778.7391 -688.3472
-1689.9602 -653.0486
-1567.7590 -485.4308
-1556.2657 -475.3487
-1591.2215 -302.2394
-1676.3759 -224.6850
-1791.0444 -142.5985
-1865.2602 -76.0411
-1943.2566 -42.5110
-2020.9092 -8.4712
-2106.5881 38.8322
-2176.3607 118.7591
-2184.5616 131.5871
-2218.9768 171.7865
-2249.3450 234.5146
-2233.7659 266.3989
-2181.0917 337.9891
-2169.3827 347.5072
-2109.1478 406.3645
-1956.4287 484.8519
-1794.1180 574.4470
-1605.2983 661.7808
-1402.6514 806.0171
-1323.9059 977.4336
-1364.4239 1027.4504
-1453.5429 1061.3158
-1479.8926 1008.1068
-1453.5980 925.4147
-1420.0674 819.4216
-1408.3048 761.4873
-1437.1489 685.8146
-1474.2873 622.4474
-1573.8820 532.9432
-1678.2034 489.8876
-1817.1815 486.6209
-1933.4847 504.1485
-2005.3594 549.9502
-2078.4128 642.5583
-2064.0731 881.7740
-1821.7574 1161.5730
