1048.9327 -1123.7099
950.6288 -1107.2216
884.8597 -1088.4983
786.9048 -1071.0976
689.1448 -1053.1443
580.4926 -1023.8900
472.1875 -993.9520
374.4989 -940.8362
266.8596 -898.4683
181.1333 -866.2966
85.0813 -833.7356
-53.1091 -811.6351
-159.1234 -788.6828
-286.2298 -775.7641
-424.0188 -772.6550
-561.7783 -768.3377
-699.9452 -773.9418
-828.1617 -790.0404
-956.6470 -805.1272
-1052.8519 -810.2069
-1129.2989 -838.5405
-1205.2426 -855.3934
-1281.3393 -871.9130
-1346.9189 -888.9980
-1402.7940 -917.9430
-1477.5734 -911.2737
-1554.1892 -926.6122
-1608.5906 -932.5741
-1651.3583 -928.2699
-1727.2059 -931.6551
-1771.0225 -938.2364
-1826.6538 -954.7155
