3093.2165 -959.1984
2952.2523 -973.6190
2828.3285 -1030.3220
2723.8035 -1071.0106
2625.3750 -1075.2825
2544.2759 -1041.8177
2451.2760 -998.4150
2311.7338 -927.0437
2175.6505 -877.3808
2038.9981 -815.6298
1914.9542 -762.9475
1792.7276 -720.7187
1680.5307 -665.3844
1557.4523 -599.3271
1437.1917 -554.8381
1327.0915 -497.4621
1218.5709 -450.5801
1101.0956 -414.9423
995.9535 -400.0378
892.3358 -406.6862
798.4716 -400.9097
704.7098 -394.5452
621.4051 -387.1576
538.2002 -379.3054
444.7578 -371.3062
351.4327 -362.7173
268.9484 -375.5934
186.0650 -365.7593
92.9665 -355.5280
-10.3221 -344.7011
-103.0686 -322.0994
-215.7954 -276.3683
-338.0681 -229.5019
-470.1283 -192.3504
-591.3378 -154.3697
-711.3637 -104.1794
-800.1918 -54.6896
-889.8083 -26.8427
-948.0847 10.6204
-984.3234 69.1553
-1021.0246 116.6839
-1045.6788 185.8199
-1080.7648 244.7087
-1104.6157 314.0135
-1127.0424 394.5239
-1157.6059 487.1334
-1206.6610 581.7467
-1243.8713 686.7793
-1279.9913 791.9975
-1341.6373 911.7629
-1407.5236 1055.4101
-1479.7511 1200.8718
-1494.5067 1225.6023
-1582.2464 1420.3742
-1649.3831 1648.0879
-1717.1935 1923.9077
-1692.6796 2264.9579
-1591.8111 2718.4411
