1702.2829 -1566.4989
1491.9568 -1573.7102
1268.2153 -1534.6131
1056.8456 -1503.4745
856.2800 -1447.1842
592.0124 -1424.5235
350.6792 -1419.8207
142.3246 -1400.4832
-43.7701 -1389.8840
-229.5504 -1366.1952
-404.2155 -1351.9047
-534.7221 -1326.1241
-654.0273 -1299.7556
-750.8790 -1262.3658
-815.2525 -1237.1156
-889.8294 -1199.9005
-964.6592 -1173.4678
-1060.3299 -1134.1797
-1187.2991 -1080.8624
-1313.5724 -1026.4681
-1397.0834 -985.8779
-1449.8425 -970.0360
-1501.6284 -942.8313
-1563.9413 -914.4012
-1600.8207 -843.1061
-1604.4520 -763.7596
-1656.3583 -747.0761
-1628.9201 -682.2063
-1656.2142 -634.1146
-1694.8901 -595.9640
-1768.2856 -587.6203
-1811.4129 -593.8836
-1853.3520 -588.8382
-1901.9407 -548.7611
-1963.3462 -529.5257
-2050.3097 -460.9065
-2069.6799 -446.8116
-2117.2009 -405.8208
-2192.3216 -337.5511
-2297.4592 -263.8379
-2374.3399 -216.7394
-2389.5006 -179.6074
-2461.8648 -109.3580
-2496.7737 -68.4078
-2616.1216 23.4865
-2753.7146 120.9238
-2844.8784 234.1106
-2938.7260 373.1023
-2965.0505 438.4518
-2982.8581 537.6454
-3049.5797 721.0989
-3083.4691 861.7322
-3083.7977 897.8515
-3071.6969 1014.8343
-3000.1828 1163.7043
-2885.9828 1324.6798
-2688.6106 1546.7665
