4039.2084 -1027.7478
3869.6403 -1020.0224
3711.1463 -1008.4558
3563.7231 -993.3375
3395.2040 -981.6352
3237.7879 -966.3664
3116.3877 -966.5042
2995.1078 -965.8156
2892.0671 -937.8237
2780.2526 -922.5260
2690.0305 -903.0395
2601.5447 -894.4521
2488.8972 -866.2007
2378.0408 -848.5918
2285.9247 -804.7809
2184.9470 -773.3215
2083.0088 -730.1305
1993.3412 -696.3118
1905.2350 -673.2965
1805.6781 -639.9019
1697.1375 -618.3334
1576.3211 -574.8196
1466.5773 -529.4902
1354.5838 -450.0228
1234.9714 -393.1034
1082.8569 -304.2822
963.0870 -212.0855
813.5192 -109.7528
715.1888 18.7513
576.5563 190.5021
481.1821 342.6120
396.3818 528.9649
362.0739 694.8787
383.9208 884.8221
442.2468 1053.9878
544.7030 1203.4664
732.8724 1359.8777
896.7984 1518.3570
1044.3615 1689.9729
1213.5959 1845.1875
1367.4456 2002.6205
1670.7320 2214.5520
1882.1160 2374.4682
2115.1016 2572.5227
2366.3428 2800.9986
2588.8970 3061.1534
2848.3483 3291.5309
3054.6527 3518.5087
3238.5388 3822.8849
3196.1560 4229.3997
3114.1029 4626.7394
2861.2186 5067.1020
