220.0589 -1510.9062
65.9539 -1489.8926
-120.7947 -1467.3660
-307.1588 -1442.8799
-482.1607 -1416.7235
-657.0991 -1399.9381
-842.3071 -1369.7326
-994.2962 -1339.4108
-1189.4900 -1304.7686
-1341.3199 -1282.4442
-1502.9674 -1246.6044
-1662.3291 -1186.7473
-1866.0500 -1142.8695
-2036.6903 -1100.3176
-2217.4918 -1054.4176
-2365.4015 -1011.0061
-2499.1598 -945.1677
-2589.3481 -884.8785
-2669.8653 -836.9853
-2758.8732 -775.3869
-2864.7617 -686.5613
-2944.6076 -578.0576
-2991.7130 -475.0801
-3064.6204 -401.4460
-3122.0264 -306.7736
-3172.5833 -236.5933
-3243.5542 -113.6840
-3304.9792 -3.7991
-3365.2021 58.8238
-3400.0665 91.5687
-3484.6348 137.4091
-3557.3717 229.3673
-3650.4203 279.4321
-3723.2106 324.6628
-3788.8558 356.1815
-3799.0466 396.1238
-3792.7328 418.8505
-3763.7472 447.0687
-3709.0481 492.1699
-3651.3200 548.6275
-3565.0004 633.3311
-3453.6504 735.0644
-3342.9890 836.9564
-3167.8341 920.7571
-2997.6846 994.8732
-2802.2537 1099.3888
-2705.3779 1134.5495
-2579.0259 1174.9543
-2495.3476 1202.5041
-2375.9362 1222.4989
-2268.7279 1234.4078
