31.5779 -656.0186
-105.1888 -644.5716
-252.2759 -631.7376
-399.4117 -628.6109
-546.1467 -612.9443
-693.1027 -606.9841
-839.9991 -599.6050
-1018.2746 -588.7324
-1164.9931 -578.1994
-1331.6440 -553.2508
-1498.9302 -537.5739
-1675.3374 -507.6694
-1820.0399 -479.4404
-1951.2639 -428.6965
-2061.0275 -379.5466
-2168.5842 -318.2117
-2265.0071 -257.5117
-2340.1812 -199.3720
-2408.1196 -164.9050
-2473.8906 -118.7977
-2531.0116 -85.3718
-2585.8820 -40.4005
-2644.4592 -17.6177
-2698.6708 27.9654
-2744.6218 60.5607
-2790.3443 93.3692
-2815.8661 122.1638
-2851.2120 153.1728
-2876.4314 182.1506
-2901.5087 211.2069
-2946.2305 244.7931
-2970.9746 274.0585
-2993.0626 314.6641
-3014.9193 355.3464
-3031.3222 418.6176
-3051.6010 506.8240
-3058.6401 603.9529
-3051.4185 673.7679
-3015.3936 736.2711
-2960.4913 793.9568
-2926.5304 809.2555
-2877.6252 844.6758
-2773.8044 902.3570
-2652.1963 956.2283
-2460.1236 983.4209
-2257.8841 1022.7020
-2092.0968 1083.0762
-1824.7759 1196.4631
-1547.1361 1301.2715
-1239.9729 1475.5637
-1038.4672 1666.8456
-753.7597 1920.7389
-406.6537 2411.7415
