-2355.3330 -840.4874
-2454.1672 -768.0440
-2470.7540 -730.9117
-2471.9521 -661.6243
-2463.1265 -524.7763
-2462.0620 -375.0187
-2446.3878 -273.7960
-2441.0757 -240.0696
-2364.1057 -218.4439
-2293.9612 -103.4014
-2298.8233 -68.0702
-2301.7990 -21.5177
-2248.9547 50.2332
-2198.1276 110.8297
-2174.5817 129.9557
-2135.8021 181.0699
-2112.3876 200.2475
-2048.7980 281.8351
-1993.6487 376.2294
-1969.7076 464.0475
-1936.0022 550.3042
-1911.9018 638.0465
-1897.1896 727.2605
-1869.0343 837.2064
-1784.8202 938.2135
-1615.0340 1049.4695
-1390.5383 1177.7461
-1308.8322 1235.4073
-1038.2660 1363.2595
-645.3635 1577.4628
-84.4412 1835.0947
682.2929 2239.5762
914.7957 2609.9194
1081.5643 2971.0700
