339.9867 471.6394
389.2645 450.8120
438.7136 430.1715
498.0934 410.0984
557.6729 390.2942
615.7678 404.1301
682.8674 429.8882
748.2967 478.2715
812.3997 538.1587
868.6770 564.3615
896.7222 577.5667
925.5916 579.7141
944.8348 581.1837
964.0756 582.6839
992.9319 584.9913
1021.7824 587.3673
1050.6269 589.8121
1088.0312 604.3086
1095.5166 627.4293
1091.2566 671.9463
1067.9445 714.7425
1046.8405 735.3100
998.3806 742.3518
921.5597 747.3382
835.3738 752.1395
759.5479 747.0372
684.3751 731.3001
619.7576 694.2961
564.8196 646.9886
508.9044 611.0791
527.5828 623.0183
421.2939 641.1386
391.0364 684.6560
379.9828 728.8311
407.2353 763.1365
462.6132 798.5921
545.2692 846.7306
654.5324 908.1708
770.9609 982.4605
893.8902 1069.8974
1013.4496 1169.9485
1129.0731 1282.6022
1311.1150 1416.5638
1579.5546 1591.0201
1869.0422 1907.0039
2054.4540 2356.2965
2092.6527 2959.5464
2060.7140 3578.4642
