-1224.7298 594.7919
-1079.4651 592.3255
-935.2135 580.4451
-808.5299 593.7861
-700.7489 620.6191
-628.0312 717.0372
-558.0921 780.4482
-479.0066 854.9542
-410.2631 930.2707
-379.0251 1018.2610
-366.1240 1118.0297
-452.4189 1232.6426
-530.7596 1124.7347
-461.6742 1032.4932
-330.9959 1072.3964
-246.3278 1148.0786
-171.5694 1246.7557
-107.2180 1346.0068
-79.3442 1468.0820
-70.1775 1512.4954
-69.8239 1556.9733
8.6835 1601.2129
86.2728 1657.1843
137.3088 1702.2504
170.4906 1758.3891
220.4311 1803.9040
269.8007 1849.6867
344.2107 1885.5083
419.1289 1899.7004
492.4133 1936.7284
547.6328 1984.4644
620.3963 2011.4414
676.6456 1937.1759
740.1418 1886.0724
831.9671 1815.3172
926.2805 1812.8042
1027.8165 1823.2290
1110.8134 1843.8529
1191.8372 1876.3277
1246.8252 1962.7370
1260.9728 2032.6666
1322.9895 2064.2271
1390.2634 2017.4479
1441.7787 2014.0672
1497.3866 2034.4724
1536.3311 2052.4352
1568.3245 2103.7805
