-1767.3939 -1402.1426
-1873.9995 -1357.1668
-1960.3782 -1336.3547
-1964.3604 -1381.2726
-1929.5968 -1362.4554
-1925.6538 -1317.5554
-1944.4305 -1281.4463
-1962.0598 -1234.0719
-1945.9677 -1179.1937
-1929.8421 -1124.3303
-1934.1307 -1055.7669
-1950.0630 -997.1426
-1976.4663 -937.1787
-2023.8910 -874.4524
-2095.9450 -842.3974
-2167.7539 -809.9538
-2242.0746 -799.6066
-2326.9576 -787.3378
-2408.7999 -752.0675
-2457.1040 -710.0440
-2526.1938 -664.3710
-2587.7068 -642.6170
-2654.1735 -654.4431
-2699.6827 -669.7272
-2725.8816 -699.9382
-2730.9668 -733.8519
-2741.5400 -732.0018
-2753.8105 -741.4535
-2755.5034 -752.7637
-2748.2734 -777.2387
-2739.3357 -790.3928
-2753.2673 -811.1758
-2777.8363 -830.1092
-2802.4335 -849.0285
-2850.0405 -875.4927
-2906.7224 -888.6192
-2984.8330 -897.6573
-3070.1716 -881.6055
-3142.9462 -855.7800
-3228.0837 -838.8024
-3311.1903 -809.9240
-3381.4830 -771.3779
-3443.1334 -686.6885
-3478.5181 -583.4542
-3502.4310 -482.4150
-3515.0508 -383.7159
-3526.8436 -284.9646
-3483.8568 -235.5068
-3409.6950 -241.4338
-3345.8079 -244.5950
-3269.3837 -238.4816
-3178.2934 -211.6374
-3165.7928 -202.5871
-3058.1565 -143.5794
-2893.8534 -60.9798
-2690.1862 72.9657
-2489.1673 208.4710
-2304.8186 267.2736
-2175.0376 313.9514
-2108.6508 348.8501
-1799.4473 404.3090
-1442.7445 641.2669
-1126.6644 888.7018
-731.7966 1136.2821
-268.3378 1337.7565
174.5513 1558.2446
594.6952 1797.5789
1038.2500 2004.5378
1447.4104 2288.9950
1823.0614 2594.5038
2161.9342 2919.8212
2518.3319 3222.2755
2628.2242 3713.3648
2857.7055 4096.6187
2892.7197 4473.4358
2685.4540 4779.4408
2687.9501 5169.3840
