325.6565 -1220.0378
238.9509 -1232.5956
163.0121 -1244.6094
76.1143 -1256.3357
0.0000 -1267.6239
-21.7587 -1267.6102
-54.3674 -1256.4183
-76.0731 -1245.2160
-86.8933 -1234.0446
-119.4127 -1222.7281
-162.6557 -1200.1285
-205.8009 -1177.4168
-238.1613 -1165.8695
-313.5814 -1142.3868
-399.3949 -1107.1805
-474.1237 -1071.8282
-547.9320 -1013.8679
-653.3797 -954.2842
-715.4408 -895.9149
-808.9740 -835.6792
-871.6927 -810.0316
-956.0444 -793.9860
-1050.8621 -776.7697
-1146.2492 -770.1117
-1220.4129 -764.5296
-1337.7540 -766.2044
-1411.8988 -759.7159
-1497.5489 -763.0382
-1605.4626 -774.9408
-1730.5796 -852.1487
-1797.7179 -878.6947
-1853.2493 -895.0428
-1908.8799 -911.2311
-1940.9183 -907.4094
-1982.4392 -890.9933
-2034.5495 -873.1036
-2084.0361 -832.5645
-2141.2174 -767.9126
-2229.5129 -698.4318
-2288.4167 -655.4764
-2366.4410 -597.7283
-2452.6842 -526.4812
-2491.1093 -497.0934
-2555.3576 -428.4355
-2620.7228 -370.6099
-2666.7956 -327.4327
-2722.8374 -282.0948
-2817.4428 -217.1179
-2941.7388 -144.9122
-3028.8298 -102.7736
-3143.4661 -41.7520
-3262.1711 -2.1514
-3347.6976 42.5057
-3440.0889 101.7710
-3481.9051 148.7566
-3530.4675 209.9799
-3599.2254 313.7767
-3616.7868 367.4409
-3627.2843 407.0350
-3657.6607 525.9856
-3670.4620 628.0429
-3701.6979 699.2030
-3708.9779 812.7252
-3723.2326 866.8636
-3751.3442 875.9624
-3816.0213 834.8563
-3862.0467 787.6312
-3888.0446 771.2332
-3930.6592 735.3387
-3969.8068 710.8002
