2256.8410 639.9252
2157.8738 529.7139
2048.7177 407.9155
1974.6133 304.6341
1925.3949 228.7001
1882.1893 176.8226
1833.9831 158.6678
1791.1440 175.5584
1746.9342 203.7263
1691.5326 241.8759
1634.9766 291.3475
1609.6157 333.4879
1595.5488 365.7165
1589.8439 410.3195
1613.2562 458.6356
1646.0695 508.3024
1688.1568 559.4162
1739.3848 612.0966
1788.3360 676.2110
1819.3904 726.5425
1832.9607 762.9002
1827.5026 796.3325
1805.0055 815.6939
1782.5657 835.0824
1749.0143 864.2163
1723.1684 905.9442
1697.4160 947.6917
1669.9878 1000.5890
1644.4332 1042.3750
1611.5462 1071.7210
1582.2475 1078.8833
1527.1161 1071.1680
1473.5394 1052.6081
1402.8528 1020.8796
1316.8299 1033.0557
1211.3288 1054.9618
1117.2746 1146.3622
1096.9404 1324.2401
1090.8089 1526.1414
1148.4010 1758.0561
1244.5039 2030.3933
1388.9250 2336.3659
