-2194.3279 -851.9928
-2199.6110 -805.5635
-2204.7707 -759.1268
-2211.2009 -723.9204
-2217.5498 -688.7051
-2214.7158 -666.2319
-2201.3462 -645.2701
-2189.4089 -635.5392
-2177.4805 -625.8037
-2176.0612 -614.5736
-2164.1448 -604.8350
-2162.7240 -593.6072
-2191.2809 -566.6492
-2240.6260 -536.5238
-2277.8144 -496.5438
-2316.3506 -467.6618
-2344.3472 -440.2910
-2373.8658 -424.0844
-2392.9597 -409.4906
-2391.3000 -398.2465
-2386.2929 -364.5187
-2376.1515 -297.0835
-2362.3661 -207.2127
-2348.2799 -117.3912
-2342.1631 -14.6808
-2315.4884 84.5238
-2304.2206 151.7715
-2271.0523 226.7385
-2230.1759 404.0868
-2214.4981 435.9201
-2151.9087 563.2288
-2085.5083 712.8241
-2028.6663 863.9939
-1966.6746 991.1756
-1893.7905 1127.9085
-1723.4203 1294.2056
-1504.0645 1454.2197
-1316.5309 1564.3634
-1151.8967 1668.2189
-920.2959 1789.7716
-613.9009 1988.6607
-281.2357 2217.3224
38.5440 2501.9805
255.8529 2839.8434
409.0861 3237.0543
509.8465 3579.4562
598.4393 3868.1248
735.3831 4110.6227
890.5353 4306.6795
1075.7608 4519.4569
1256.7399 4746.7814
