1253.5477 -1277.8286
1185.0541 -1226.6624
1106.0160 -1176.0021
1038.1309 -1124.3822
971.1067 -1083.6920
893.5813 -1043.3617
815.3991 -980.4429
737.6827 -917.2172
660.4482 -853.6785
573.1031 -790.2099
476.7021 -760.0127
391.2156 -728.9874
295.4891 -697.7171
210.6528 -665.7329
147.1650 -633.1061
94.4161 -600.1612
62.8160 -566.9648
41.7911 -533.6784
10.4188 -489.2547
-10.3820 -433.6572
-31.0116 -366.9109
-51.4200 -289.0155
-71.6086 -211.0902
-101.8250 -144.1842
-151.8951 -65.8830
-201.5466 1.4868
-241.2592 35.5023
-290.7927 69.8511
-340.0669 104.3889
-399.0515 139.4115
-486.2974 209.1421
-581.3922 302.1801
-674.9727 395.9904
-777.4124 480.0504
-868.6770 564.3615
-975.7129 673.2346
-1080.4429 783.2238
-1174.6583 882.2430
-1248.3274 980.1323
-1300.5043 1087.5885
-1323.8737 1192.0398
-1337.2528 1295.4486
-1318.3916 1428.7998
-1211.8119 1551.2049
-1042.9967 1701.0791
-762.1508 1831.8641
-451.3603 1923.4936
-115.7430 2002.2442
237.6400 2071.3648
577.0970 2142.5906
838.1320 2219.6099
1036.9161 2308.7724
1266.2521 2385.3594
1452.5217 2461.5614
1586.6764 2509.5177
1699.1672 2543.9471
1847.3164 2623.5038
1944.1549 2705.7183
1987.2783 2799.5004
2013.8361 2913.4610
2019.4913 3058.1425
2028.7133 3204.6667
2065.6389 3288.2675
2113.3923 3339.8123
2140.2836 3385.1801
2177.5199 3422.1978
2212.2432 3446.4886
2260.6243 3438.8934
2302.6612 3429.2376
2340.1177 3430.4963
2372.7998 3442.6377
