2298.3916 -1294.9264
2177.9715 -1196.4996
2034.4149 -1077.8568
1837.3594 -953.5099
1622.1003 -840.9547
1441.8294 -734.4893
1273.9912 -625.5773
1095.3439 -482.5789
912.4087 -394.2790
701.1263 -316.6405
504.9417 -313.6656
330.5225 -352.0783
206.7376 -365.4815
103.2959 -355.4585
0.0000 -311.3462
-123.4988 -299.6985
-205.3661 -265.3986
-203.9614 -165.3162
-111.4795 -77.3882
-50.3884 0.0929
10.0198 77.8403
79.6864 155.9123
168.1644 245.7125
265.8978 302.9642
382.3262 361.5452
507.8545 410.4865
643.8828 427.8367
777.4124 480.0504
922.0587 501.0977
1050.6269 589.8121
1195.0261 693.0637
1362.3113 744.8118
1452.7144 789.4908
1517.2628 808.9828
1561.2126 837.4549
1606.5681 854.9882
1614.3018 867.4258
1599.9784 899.5220
1591.6629 955.1781
1565.5734 1065.1557
1548.4345 1176.3804
1543.5475 1323.4989
1604.0508 1503.5920
1677.3805 1733.0308
1817.2585 1942.9823
1970.4035 2230.9665
2130.3412 2576.5757
2309.0599 2867.9635
2575.6642 3218.8855
2836.0840 3546.6492
