-219.9507 -1499.7854
-384.3250 -1463.6328
-548.4486 -1437.0635
-711.1035 -1375.5443
-1002.5710 -1283.0484
-1162.7077 -1216.9989
-1321.0680 -1138.1159
-1542.7080 -1051.6307
-1700.1226 -991.0076
-1793.4752 -947.0875
-1885.2593 -891.3239
-1989.5055 -856.0175
-2072.1358 -822.7269
-2194.1807 -760.6096
-2337.9476 -705.4171
-2461.4225 -663.3071
-2622.5948 -659.8455
-2711.9255 -679.1833
-2789.1780 -688.6979
-2845.4423 -701.7628
-2942.2086 -695.4091
-2973.8529 -689.3799
-3007.3522 -694.6281
-3049.5399 -686.3963
-3072.5287 -693.5915
-3114.7135 -685.1820
-3165.4483 -663.1244
