627.3306 -821.5809
510.0904 -814.6437
392.9717 -806.8490
286.5942 -798.0069
180.3391 -788.4546
63.6097 -778.2371
-52.9742 -767.1568
-179.8775 -743.9735
-295.8750 -719.9601
-400.7390 -684.2262
-505.8323 -670.0127
-589.7123 -655.8948
-704.5415 -628.7650
-787.5437 -602.4035
-881.3617 -586.0990
-964.5471 -569.8684
-1068.5083 -551.7011
-1173.0774 -543.9435
-1276.7196 -524.2994
-1390.5844 -502.9462
-1515.6693 -490.8039
-1640.6543 -477.5974
-1774.7001 -450.8976
-1899.3596 -435.4507
-1994.1586 -434.3629
-2066.8120 -424.3877
-2192.7751 -417.6512
-2317.1538 -398.6137
-2441.3746 -378.4811
-2563.6295 -345.9855
-2654.6121 -318.0517
-2743.3929 -278.1912
-2803.1318 -196.5762
-2861.9326 -114.5170
-2910.8240 13.1093
-2923.2672 157.0797
-2943.8538 303.3311
-2928.6237 418.0886
-2901.0219 494.4968
-2793.6291 564.2551
-2650.9002 661.7456
-2511.4199 842.3649
-2385.0218 1142.5841
-2194.8286 1393.5869
-2098.7707 1489.8867
-1998.6701 1527.6807
-1899.3837 1566.2632
