-1931.0024 -1509.6075
-1978.2612 -1413.7432
-2025.8519 -1328.8654
-2060.8739 -1233.8166
-2063.9468 -1153.8450
-2058.2653 -1097.6729
-2054.8088 -1063.9754
-2050.1447 -1019.0519
-2046.6050 -985.3643
-2040.6266 -929.2279
-2036.9922 -895.5519
-2032.0911 -850.6573
-2028.3739 -816.9914
-2022.0999 -760.8915
-2109.4288 -772.2058
-2190.3330 -818.2731
-2228.9425 -870.0623
-2260.9135 -957.0860
-2262.2264 -968.3389
-2264.8390 -990.8466
-2266.1388 -1002.1013
-2267.4341 -1013.3566
-2271.2940 -1047.1260
-2265.5952 -1093.6275
-2247.7368 -1130.3104
-2193.7040 -1137.4477
-2114.5361 -1113.4151
-2006.5450 -1126.6863
-1926.6212 -1090.6731
-1879.2377 -1050.7458
-1843.7869 -1020.7518
-1809.4625 -1001.9194
-1785.9167 -981.8683
-1772.0707 -949.4357
-1748.5897 -929.3607
-1715.4906 -921.5976
-1651.3583 -928.2699
-1608.5906 -932.5741
-1575.5674 -924.5447
-1555.1170 -937.7925
-1556.9636 -960.1539
-1590.0266 -968.2333
-1716.5130 -932.7915
-1822.3239 -909.8994
-1927.9290 -886.2638
-2023.8910 -874.4524
-2153.1485 -777.6998
-2279.3523 -668.2784
-2382.7150 -560.7035
-2461.9047 -444.2649
-2505.1705 -379.2575
-2539.4000 -327.0879
-2529.0894 -328.8876
-2589.6986 -376.1305
