-767.0744 -614.6045
-750.3789 -481.5472
-733.6461 -348.5010
-706.6519 -215.9773
-680.3651 -94.5742
-646.3037 -18.1448
-612.5181 58.3398
-569.0407 134.4511
-526.4284 199.5473
-483.7578 275.8777
-451.7350 341.5401
-410.2301 406.9452
-339.6691 482.7601
-270.9823 514.4569
-192.8318 557.4867
-105.5504 612.0306
-28.5894 689.4436
84.7312 823.1508
175.8658 1002.1268
263.6699 1181.8624
331.7172 1317.2986
382.7241 1385.8338
398.0827 1442.0942
440.1031 1488.3679
482.8704 1512.5932
580.7826 1495.4047
663.9499 1444.6364
756.8989 1395.1317
848.7915 1368.6265
964.5919 1378.6668
