519.8472 979.3105
480.1289 1033.2685
440.7824 1087.3467
400.9057 1163.7842
370.1636 1251.7691
359.4510 1295.9377
386.3968 1296.8833
475.6327 1311.6482
688.2600 1356.8561
879.1159 1427.1544
1016.9677 1473.5156
1119.8574 1506.7857
1146.1849 1509.7197
1181.2743 1513.7391
1222.0703 1541.1519
1273.5802 1615.3780
1296.5159 1697.5925
1311.9731 1710.9866
1310.2590 1722.0853
1340.9608 1748.9590
1379.9509 1777.1674
1475.9703 1825.6577
1581.2416 1911.2864
1682.8686 2044.1083
1815.0980 2208.7706
1984.0226 2398.0461
2107.5082 2724.9541
2264.0305 3072.2405
2362.3775 3563.8852
2280.7291 4206.7578
