-394.4715 -428.3997
-403.3955 -372.5052
-434.1017 -360.4937
-496.8159 -380.7671
-550.1254 -423.4239
-624.5142 -465.0494
-667.5249 -496.6310
-759.7244 -458.7570
-913.0629 -405.4153
-1035.1495 -363.7493
-1219.3193 -327.0736
-1373.9008 -313.2445
-1555.7560 -260.9383
-1727.5614 -218.5649
-1891.2050 -197.7123
-2065.5794 -104.7303
-2229.3724 -21.9749
-2377.4655 83.7943
-2463.4685 180.4346
-2530.2745 262.8469
-2581.6875 366.2484
-2612.2517 465.9772
-2605.5210 546.4533
-2576.8254 633.9926
-2517.0107 726.5752
-2431.5592 802.0883
-2398.5300 818.5875
-2218.4745 933.6797
-2010.8621 1010.4769
-1774.8547 1108.0958
-1483.0817 1178.6336
-1241.3145 1114.6296
-1108.7884 1055.5524
-975.8633 987.0822
