-71.8262 -255.5686
-81.9629 -233.2742
-92.0679 -210.9723
-102.1408 -188.6629
-112.1815 -166.3460
-122.1896 -144.0216
-142.2193 -110.4699
-162.0210 -65.7681
-181.6878 -21.0358
-201.2177 23.7271
-260.9309 58.1156
-360.6686 82.6685
-469.6511 119.4421
-568.0767 156.6994
-646.0870 193.7266
-713.1271 241.8248
-740.2085 287.9862
-746.7381 344.1858
-742.0126 422.0670
-706.8129 520.5037
-633.6219 616.9347
-563.1541 680.3543
-523.4385 711.9908
-477.3019 676.6375
-561.6955 513.0787
-667.6123 350.9755
-814.1652 214.2191
-962.6745 89.9745
-994.7141 -75.6054
-1026.7848 -241.2083
-1051.9712 -306.5631
-1076.4856 -360.7611
-1101.0956 -414.9423
-1126.5846 -480.2537
-1152.1677 -545.5535
-1197.2271 -586.9073
-1273.9912 -625.5773
-1372.1447 -662.0681
-1472.6072 -720.3597
-1584.2626 -777.0876
-1695.5126 -822.0065
-1807.2838 -866.2957
