1026.7494 -1113.9003
842.6865 -1113.0089
679.1659 -1075.8515
538.1348 -1047.6030
418.2924 -984.2869
299.0625 -909.0272
201.8101 -810.4388
147.9436 -722.0661
63.1556 -655.9215
-52.4890 -611.4828
-188.1855 -543.6829
-342.5769 -429.6933
-542.0528 -200.9192
-677.6649 -38.9380
-774.2959 44.3155
-819.7319 125.1872
-910.9248 254.1379
-999.9266 383.8798
-1081.5299 570.0652
-1127.2092 697.7292
-1138.3818 867.3687
-1046.5962 1027.0920
-920.4529 1083.2684
-852.3749 1122.6033
-749.2169 1148.6342
-610.2674 1173.4895
-482.8544 1167.1022
-409.5465 1175.2417
-327.2949 1183.5910
-245.2087 1192.5563
-171.3696 1257.8751
-107.3462 1334.8874
-8.7612 1523.3764
147.2334 1624.5402
354.0974 1652.0374
590.1686 1741.4833
819.0124 1859.0152
1004.0012 1944.4374
