-1526.8397 -388.1570
-1457.3481 -316.3465
-1388.3315 -244.3317
-1319.8076 -172.1069
-1262.9295 -109.8968
-1205.4648 -36.3906
-1147.4974 48.4048
-1099.0821 145.3038
-1041.1909 241.4928
-984.7666 326.7005
-931.7457 501.8199
-878.5140 688.1251
-816.6463 873.8297
-735.8848 1080.6839
-627.7471 1185.6429
-525.3526 1224.8072
-423.8096 1264.8939
-323.1375 1305.9024
-259.0854 1348.6517
-240.9321 1359.3459
-231.7315 1370.2640
-221.4718 1425.6666
-218.4591 1547.9769
-206.7692 1670.1008
-186.5242 1803.1815
-159.1001 1902.7901
-82.6749 2001.8853
0.0000 2001.5114
-16.6540 1945.9289
-67.5533 1834.9594
-42.1047 1857.0518
83.2689 1946.2885
328.2201 2063.0789
724.5384 2220.6153
1198.9889 2307.4200
