-1967.3573 6.5522
-2019.6594 71.3476
-2049.6724 144.5446
-2047.6354 224.3766
-1978.0258 282.2853
-1879.4027 336.0603
-1763.5176 376.5025
-1564.6340 452.4746
-1395.9008 545.4583
-1229.5933 640.2909
-1057.2298 826.0088
-963.4729 1019.6514
-985.0290 1178.5637
-1039.0804 1273.4539
-1114.8488 1326.1153
-1210.4130 1359.2063
-1280.3532 1311.0343
-1314.8519 1258.7444
-1296.6284 1188.7512
-1272.2327 1163.2940
-1199.4974 1076.2095
-1134.5381 990.6639
-1112.6344 932.2901
-1113.6869 831.2606
-1151.1904 744.9698
-1252.1709 698.9032
-1353.9493 653.5799
-1450.9108 653.5496
-1556.0119 666.6558
-1640.3137 689.2174
-1717.5733 756.9820
-1787.9540 801.6601
-1876.5456 792.6317
-1961.4577 806.5220
-1993.1534 846.3410
-1981.0225 913.2035
-1939.6744 929.0980
-1873.9564 975.4363
-1819.8560 1012.3927
