4075.7346 -1043.0546
3961.4705 -1094.8313
3909.5546 -1119.0716
3846.7227 -1145.5612
3723.9058 -1149.1239
3556.0683 -1149.5442
3390.2138 -1159.9354
3224.4376 -1168.7742
3066.3515 -1151.3322
2928.6875 -1117.5584
2805.3141 -1103.8272
2683.6501 -1100.6438
2583.6932 -1093.3250
2493.2644 -1072.5743
2392.2749 -1052.9910
2291.5142 -1032.8989
2190.9879 -1012.2947
2078.7719 -981.3079
1966.9282 -949.6970
1866.1516 -916.2249
1755.0662 -883.4143
1634.7401 -862.2384
1514.7453 -840.2468
1395.9581 -828.6020
1277.3866 -816.1170
1149.1411 -814.7149
1010.9976 -824.1166
872.2397 -821.1692
734.5130 -839.2887
606.8328 -844.6632
469.0548 -871.5775
341.3616 -885.9337
213.3598 -888.1440
96.0139 -889.2738
-10.6617 -878.4376
-106.4842 -855.8472
-180.7950 -832.9357
-254.4292 -776.3101
-317.2122 -730.6664
-379.4015 -673.6349
-441.1487 -616.3341
-512.2031 -536.1606
-562.0923 -467.5376
-621.8529 -398.2849
-680.5197 -317.6233
-737.9096 -225.5478
-810.3093 -54.0993
-880.3666 117.8704
-925.5931 188.0459
-944.6545 200.5872
-969.3768 269.5523
-922.9209 489.9696
-868.1236 698.5557
-806.4342 884.2942
-662.3983 1076.0579
-485.7443 1289.8174
-325.3233 1495.2001
-76.6212 1768.3068
187.6483 2103.5571
449.8185 2469.7240
822.8829 2993.4435
930.8879 3402.5969
952.2769 3632.8592
990.7535 3753.0987
1085.0271 3884.8703
1172.0245 4018.3676
