87.8947 -1478.6784
54.8243 -1434.3318
21.8851 -1389.9249
-21.8397 -1345.4468
-65.4156 -1311.9786
-108.8515 -1278.3997
-163.1004 -1255.7296
-217.2292 -1232.8854
-271.0866 -1198.7447
-324.7574 -1164.4263
-356.2230 -1108.1564
-387.4857 -1051.8181
-418.5407 -995.4108
-449.3831 -938.9339
-468.4734 -849.3280
-475.7810 -726.6385
-482.1720 -581.6911
-488.5644 -447.8601
-485.0532 -336.6177
-481.4457 -225.3785
-467.5811 -114.4868
-454.1498 -14.7168
-421.1120 73.2918
-378.7830 149.9502
-326.6963 237.5911
-245.7654 324.8141
-116.9053 434.2034
77.1355 556.2172
276.3384 692.5945
470.1078 843.4503
663.8592 1053.8180
841.8850 1345.6752
1011.2980 1675.2571
1162.0872 2019.4824
1307.5098 2380.3255
1422.5503 2742.8916
