496.5227 -1104.5766
399.3949 -1107.1805
302.2554 -1109.2192
194.4229 -1121.9425
75.6101 -1122.8998
-54.0379 -1134.1029
-183.7260 -1133.1847
-324.3934 -1142.1817
-486.8313 -1149.3965
-649.4117 -1155.0539
-780.0905 -1171.8223
-889.3401 -1188.7599
-977.0999 -1206.2816
-1032.4534 -1225.3769
-1087.9090 -1244.3108
-1142.8528 -1251.9294
-1197.8437 -1259.3810
-1252.2121 -1255.5037
-1316.7333 -1239.4544
-1402.8745 -1221.3744
-1488.0763 -1191.6540
-1563.0770 -1173.6463
-1628.0390 -1167.5184
-1714.6228 -1158.9522
-1821.7930 -1136.3977
-1928.7722 -1113.1108
-2003.2053 -1093.0037
-2045.1903 -1076.5357
-2076.3432 -1061.2948
-2107.4475 -1045.9822
-2137.2840 -1019.3577
-2165.7700 -981.4132
-2194.0948 -943.3860
-2222.2565 -905.2762
-2239.5982 -868.5766
-2255.4454 -820.5912
-2248.5197 -764.3650
-2229.5129 -698.4318
-2197.0583 -611.5718
-2161.6338 -502.3062
-2065.3720 -413.1766
-1960.8972 -336.3367
-1827.7443 -274.1800
-1696.8527 -222.2596
-1563.2521 -135.8714
-1422.0142 -60.7510
-1262.0190 13.6417
-1133.7141 92.1160
-1025.8021 184.2601
-918.3919 288.2244
-802.7095 392.2627
-679.0732 496.6342
-547.8162 601.6223
-409.2885 707.5337
-216.0757 847.0897
0.0000 1056.3533
286.2221 1338.2271
582.1622 1607.0722
858.0520 1727.9403
1112.8190 1765.1582
1412.0742 1793.2112
1712.8036 1819.6278
2055.2475 1864.6959
