-1152.7730 104.9606
-1125.5632 68.9967
-1107.3252 45.0609
-1089.0093 21.1574
-1060.5362 -3.4998
-1042.0489 -27.3234
-1002.4547 -41.4647
-938.7748 -1.2097
-884.7621 51.0822
-852.5259 82.5391
-819.7319 125.1872
-797.0607 168.4909
-785.0913 201.2801
-763.9196 222.3658
-752.7016 244.0462
-730.9935 276.3000
-689.6894 307.5132
-649.7361 316.5931
-600.5519 314.2059
-541.5191 311.5899
-492.3160 309.6170
-413.2076 317.9733
-324.3952 326.5578
-235.0875 369.1106
-155.8719 434.6254
-67.7509 511.6823
9.6142 589.3377
95.3917 678.6686
170.6732 746.2349
263.8582 814.6979
365.9649 861.9745
477.0056 899.4360
624.5250 939.9713
678.2042 976.5270
918.2599 1004.6646
1089.3646 974.9860
1083.5326 940.7280
1056.7129 926.9873
1020.4893 912.4820
993.5203 898.9029
974.8237 897.3043
956.1243 895.7363
928.0700 893.4418
890.6550 890.4896
843.8718 886.9713
797.0734 883.6441
759.6243 881.1197
732.2951 868.1848
714.2866 855.8924
696.9549 832.5089
679.5372 809.1560
681.6195 775.7897
703.3621 732.4079
744.2905 690.2216
791.9295 693.2747
799.8647 716.1562
788.7787 737.7699
777.7236 759.3904
758.0165 769.2834
719.4379 778.0370
663.3793 763.5896
616.6655 749.9063
550.8639 735.5189
456.4001 720.3789
333.1654 705.1693
209.4359 702.3622
76.2380 689.6518
-28.6178 678.3241
-143.2272 668.0222
-267.6045 659.0186
-382.6334 650.9874
-489.2361 621.4134
-596.9817 581.6289
-684.2076 575.0345
-722.7086 577.2443
-752.2994 567.8569
-791.5793 559.1537
-812.3997 538.1587
-823.6104 516.5460
-834.8502 494.9397
-857.4163 451.7465
-880.0961 408.5788
-911.0366 388.3919
-951.8660 368.9976
-1001.7307 361.6171
-1020.4109 374.3020
-1038.1100 398.1502
-1065.4775 422.8493
-1072.2711 457.0731
-1077.9834 502.4355
-1093.2339 548.6564
-1126.4320 607.7982
-1168.7333 667.9873
-1219.9761 729.3405
-1278.6965 803.1271
-1353.7873 890.6022
-1401.0624 964.1010
-1438.2469 1036.6818
-1476.3017 1098.3223
-1513.7339 1160.1470
-1555.7852 1188.7978
-1599.3864 1206.5221
-1642.8479 1224.4403
-1655.2945 1260.5663
-1656.6812 1306.4253
-1636.2177 1371.6996
-1615.7467 1436.9615
-1572.7457 1475.9074
-1491.6131 1475.1453
-1414.0032 1452.7981
-1337.7072 1419.9638
-1262.4220 1376.6360
-1195.3905 1334.9342
-1145.7258 1295.6399
-1085.3463 1266.8155
-1023.4387 1249.4823
-961.3415 1232.5243
-898.0268 1227.0591
