3686.5901 -810.4799
3644.0989 -820.2811
3601.5843 -829.9573
3554.9226 -816.5839
3506.2616 -791.6761
3421.8136 -750.7921
3320.5189 -737.0156
3219.4316 -722.7235
3109.9044 -721.3894
2991.7721 -732.7336
2850.7252 -735.7311
2690.3191 -752.4773
2561.6433 -762.4283
2431.4741 -760.0677
2277.4514 -737.2935
2114.7202 -725.8686
1962.9363 -711.5533
1838.4217 -647.3592
1735.6777 -580.0530
1624.2826 -524.5789
1513.5715 -468.4668
1403.5675 -411.7059
1294.2938 -354.2862
1166.9085 -320.1661
1061.4835 -294.6689
955.7333 -257.3212
889.4261 -183.3559
824.3217 -120.2877
759.7173 -56.9764
707.9821 -37.4115
656.9237 -28.7919
