2804.6909 -581.1676
2705.0628 -564.3651
2602.2376 -524.4710
2475.6644 -465.0490
2341.1170 -417.8113
2189.7192 -395.2056
2059.5712 -368.3377
1944.4169 -372.6977
1799.5539 -391.1955
1667.2331 -429.4135
1533.3120 -455.1675
1438.7132 -453.3612
1355.5321 -461.1810
1272.3108 -468.5286
1198.6235 -463.4214
1114.6114 -458.7449
1041.8088 -464.0231
959.2478 -480.7541
886.3453 -485.2601
813.4229 -489.4079
688.8506 -506.8161
563.2746 -500.9159
437.5289 -482.8505
364.1097 -462.5644
300.1945 -386.1117
308.4980 -285.8039
317.3412 -218.8517
284.8707 -130.5358
192.7044 -87.6191
121.1271 -21.7043
60.2184 55.7316
0.0000 166.7926
-88.4804 322.7701
-193.5667 513.0073
-295.9784 670.8088
-394.1046 862.8969
-479.0765 1055.5081
-515.1089 1246.6078
-444.9879 1388.3044
-325.3233 1495.2001
-43.1932 1645.7816
246.5281 1782.2878
667.3661 1947.6820
1157.0896 2052.7539
1645.0101 2140.6088
2125.4289 2255.9873
