3100.7096 758.3025
3007.6502 686.5874
2922.9910 618.1975
2834.7220 561.8716
2755.3366 508.5292
2675.2578 455.8645
2604.2648 405.8807
2522.8813 354.4911
2450.6888 305.6391
2356.1720 264.9266
2271.0523 226.7385
2173.7437 198.7556
2084.3431 184.3159
1973.2970 178.7002
1832.4525 169.8388
1700.1655 174.9065
1588.0247 183.6172
1462.4579 225.5728
1363.7650 305.0863
1313.8003 401.2558
1313.9063 491.3845
1356.5715 631.3094
1438.1385 753.7719
1529.8785 855.9750
1628.8423 960.4426
1703.3692 1028.3936
1800.3543 1123.6756
1899.4525 1197.8178
2008.1077 1309.8074
2173.4262 1563.8528
2205.1737 1969.3015
2125.4289 2255.9873
1958.2060 2685.6846
1802.6473 2941.0704
1616.0835 3188.8901
