-1645.7018 -635.2452
-1693.2556 -686.6062
-1739.8881 -726.7008
-1786.6755 -766.7121
-1833.6140 -806.6419
-1868.9147 -836.5367
-1903.1417 -855.1776
-1926.7681 -875.0510
-1949.2593 -883.6900
-1981.2491 -879.7748
-2012.0178 -864.5727
-2030.8560 -839.4348
-2050.8780 -825.4846
-2081.4867 -810.1102
-2102.7260 -807.3062
-2123.9618 -804.4729
-2145.1942 -801.6101
-2187.6485 -795.7961
-2251.3031 -786.8537
-2325.5248 -776.0841
-2417.8806 -739.1749
-2508.3064 -690.3453
-2598.2233 -640.8438
-2685.8754 -579.3745
-2772.8265 -517.2055
-2857.1339 -443.0255
-2950.8553 -366.0399
-3020.8286 -281.1726
-3099.9594 -193.4831
-3145.0822 -100.6428
-3148.8065 -16.8103
-3141.9539 64.6806
-3102.2873 150.4012
-3052.5889 233.7114
-2963.3550 355.1330
-2862.2374 485.5206
-2749.5770 624.9762
-2639.5702 800.2338
-2609.4787 887.5216
-2559.3478 1017.2525
-2532.9064 1281.9784
-2518.9800 1550.4700
-2515.7910 1822.8719
