-32.1603 -978.4850
-117.5655 -922.4917
-202.3165 -854.9207
-275.6297 -775.9532
-348.4753 -707.7453
-421.2694 -661.4191
-493.3181 -603.6046
-574.8950 -533.8996
-644.4075 -441.9055
-733.6461 -348.5010
-790.2971 -245.0650
-875.8256 -128.3286
-920.0984 -24.8461
-912.6146 86.4821
-905.7199 186.6666
-877.4036 307.7460
-831.2770 405.2787
-756.5862 501.1075
-694.4981 564.4517
-622.8164 638.6841
-532.4162 723.5329
-444.1947 786.7431
-280.9440 881.8571
-65.0056 967.5833
138.5416 1023.8493
343.1751 983.7164
558.1444 958.8335
808.0480 985.0476
1044.3224 1049.3350
1255.9808 1071.1787
1470.3432 1074.8561
1677.5135 1184.1368
1837.9620 1324.9241
1937.8936 1469.6945
2036.1222 1604.7546
2144.9085 1791.1405
2248.7838 2003.4678
