3332.1257 -1218.5828
3209.4181 -1218.5516
3077.5503 -1231.0709
2956.5342 -1240.7111
2836.9787 -1260.8609
2705.0387 -1270.5092
2579.9859 -1243.6037
2448.2685 -1251.4018
2315.3594 -1246.9333
2172.8821 -1254.1381
2043.4426 -1281.3617
1914.7489 -1318.7604
1777.4479 -1389.8323
1649.3932 -1447.3809
1531.6797 -1502.9057
1412.0354 -1535.1633
1259.0047 -1568.8806
1093.5171 -1579.5815
917.3501 -1600.4678
740.9452 -1619.6160
564.0543 -1625.9075
375.7094 -1608.4724
220.8044 -1588.7526
55.1229 -1556.6473
-99.0766 -1523.1002
-252.6914 -1477.1078
-384.1327 -1452.5092
-537.7528 -1448.5269
