3642.0304 1577.4414
3576.9590 1566.5518
3503.1556 1553.0330
3430.1970 1565.2721
3362.2911 1591.9465
3299.4741 1632.8757
3237.7976 1698.9757
3197.9416 1784.6591
3195.4140 1870.5481
3204.4388 1948.2323
3216.3204 2064.7668
3315.0016 2075.5965
3316.5830 1975.5325
3270.7486 1871.6504
3223.4034 1793.2225
3164.2434 1662.5504
3112.6832 1499.3086
3050.1338 1358.9938
2948.0092 1209.5181
2862.9245 1055.3062
2813.9617 900.2649
2784.9164 774.8098
2784.4621 691.9694
2811.3942 662.7988
2852.2403 660.5731
2848.4181 718.8827
2717.6251 806.2993
2615.5877 818.3606
2450.4203 806.0178
2266.9550 838.7650
2138.9241 895.4218
1985.0833 890.9190
1840.8466 889.9058
1782.9618 949.3480
1756.8489 1048.0771
1736.3156 1113.3910
1760.3795 1243.0324
1796.3527 1398.0566
1840.2104 1589.7916
1897.6096 1820.1316
1985.7923 2105.9824
2073.1698 2408.0216
2189.1437 2723.8917
2360.0931 3128.5590
2429.4087 3501.9086
