-2219.9801 -1076.9203
-2255.4054 -1003.5793
-2298.3349 -906.0540
-2320.6016 -822.6587
-2342.3555 -739.1757
-2374.1120 -653.9894
-2393.1795 -559.0539
-2414.8622 -486.5411
-2437.7787 -425.1962
-2439.6676 -367.2331
-2439.6154 -298.0268
-2439.2953 -228.8291
-2418.3161 -163.1581
-2374.2753 -20.6930
-2349.8225 125.1200
-2374.0253 221.8990
-2389.5532 305.7630
-2389.0658 363.5978
-2390.4742 410.2282
-2384.1305 443.8122
-2365.9049 486.7325
-2318.6750 524.1703
-2250.2809 569.3315
-2180.2215 625.8960
-2014.9921 723.6904
-1867.1464 848.3485
-1697.7510 1004.7370
-1526.2298 1139.1717
-1325.3904 1248.7394
-1071.3650 1389.0832
-727.3778 1538.3585
-418.1355 1754.8124
-236.5876 2104.7191
-78.9981 2335.4651
