2360.9820 -885.5319
2210.2665 -895.4991
2058.3333 -892.8367
1938.5946 -884.9805
1838.1244 -851.4517
1736.9424 -806.2168
1614.0236 -751.4929
1491.8148 -696.0062
1358.9273 -629.5165
1227.0114 -562.0949
1096.1060 -493.7238
975.9308 -412.5652
855.6292 -308.3307
756.0776 -179.9522
668.0931 -50.5589
601.4859 80.1388
594.3648 235.8830
616.8903 381.8825
648.1643 528.4526
747.9549 634.6028
888.9209 677.7016
1041.4752 689.9688
1195.0261 693.0637
1396.2700 703.5783
1624.4025 732.4802
1848.2177 788.1426
2011.9379 849.5784
2158.1105 945.2581
2250.7570 1056.1251
2309.4656 1138.0761
2353.9417 1194.2899
2397.7667 1250.7756
2440.9314 1307.5309
2477.7489 1386.7801
2495.8796 1461.9524
2504.5024 1535.0208
2486.4696 1601.5594
2474.3336 1645.8895
2505.7671 1665.6997
2575.5220 1648.0608
2666.1181 1624.3822
2762.5858 1614.8533
2842.0668 1601.1684
2928.7882 1565.8214
2965.0206 1479.5569
3007.7326 1370.9248
3071.3357 1256.1246
3112.5690 1183.2213
3166.1812 1101.6976
3200.8607 1051.0441
3231.7595 1047.8231
3259.3850 1055.8693
3271.1159 1083.6622
3224.4401 1106.4423
3181.2095 1118.1533
3128.9401 1127.3765
3058.5251 1131.6836
2985.1158 1147.5463
2911.9707 1163.7902
2848.1779 1146.9606
2814.6500 1126.3700
2805.1889 1088.2302
2795.5414 1050.1115
2794.9529 1014.3103
2797.0817 967.3326
2792.4879 906.8854
2780.8634 833.0048
2756.5403 768.1406
2719.5610 712.4152
2667.4971 677.1622
2600.6748 662.5269
2529.0057 670.6595
2469.5014 716.6271
2419.7693 764.6820
2353.8369 844.4059
2295.3027 937.2594
2229.9776 1063.5620
2155.8196 1188.0294
2082.1810 1312.5536
2013.8528 1414.9386
1933.2407 1491.8969
1871.3684 1526.4360
1834.2262 1485.1369
1845.2468 1429.6184
1856.1614 1374.0804
1866.9702 1318.5233
1906.8650 1256.6139
1967.5933 1233.0387
2026.3441 1220.8627
2098.7133 1234.7262
2177.5578 1262.0498
2253.5181 1301.1343
2361.9621 1359.9541
2481.1321 1446.5699
2594.3605 1581.5601
2706.8682 1767.4511
