-1705.7146 504.9928
-1771.9022 457.3365
-1825.4564 430.8283
-1854.6846 435.0990
-1874.1643 437.9850
-1882.2007 450.6018
-1870.7751 460.3079
-1826.8799 488.0387
-1744.3299 578.6487
-1626.0029 721.3402
-1520.4926 854.7415
-1405.8615 998.6292
-1253.2292 1093.4221
-1104.4188 1178.7928
-959.1262 1254.7594
-829.8590 1277.5582
-702.9787 1279.6222
-593.5723 1295.2891
-512.1036 1302.2011
-439.7602 1310.0986
-421.3224 1320.4882
-402.9248 1330.9082
-420.3207 1342.7256
-437.6714 1354.5732
-472.2369 1378.3589
-497.7393 1401.8365
-531.9611 1425.8332
-574.1233 1461.5569
-627.0470 1464.6530
-688.7671 1468.6114
-785.6968 1475.5855
-927.6821 1476.2637
-1050.9064 1488.1878
-1175.4030 1490.5037
-1282.4255 1492.1033
-1359.3514 1456.7612
-1425.9128 1375.0294
-1467.9888 1278.6906
-1492.1738 1179.8770
-1497.9044 1078.5391
-1490.7318 998.1999
-1464.4489 915.4735
-1415.7278 852.8149
-1374.3594 802.6662
-1333.8605 741.5790
-1283.2500 679.6620
-1251.1500 619.9850
-1188.5493 568.7327
-1112.5285 550.3839
-1044.9850 544.4711
-967.7518 538.1712
-900.1398 533.0586
-822.8342 527.6720
-764.8324 523.9512
-726.1546 521.6225
