2642.4397 -1303.2603
2462.9593 -1283.7250
2283.9468 -1262.5661
2071.7341 -1232.5054
1852.4339 -1234.9543
1611.6190 -1236.7285
1339.8954 -1260.1065
1079.9172 -1300.7536
861.0098 -1290.6878
685.6157 -1265.0922
521.2932 -1226.3140
368.4626 -1185.7842
226.8251 -1121.5352
107.7052 -1067.1232
0.0000 -1000.7557
-117.4221 -900.2520
-212.2968 -799.1793
-285.6791 -742.3999
-358.7987 -696.3826
-431.5122 -650.0042
-492.9848 -592.4798
-554.3800 -545.8084
-636.2528 -497.9929
-718.6324 -471.9548
-738.4050 -448.6746
-758.1112 -425.3630
-777.1920 -390.8882
-795.5877 -345.2489
-822.9030 -276.7278
-869.0049 -184.6261
-914.3545 -92.3201
-938.7748 -1.2097
-930.3082 121.2541
-879.7275 274.3579
-818.5018 449.1490
-745.0266 679.0980
-640.3978 985.4878
-430.2811 1320.8489
-181.4004 1647.3529
149.0239 1991.6037
476.1720 2426.5877
504.8600 2461.7669
