164.5541 -1444.7738
54.8520 -1445.4514
-54.8243 -1434.3318
-175.3467 -1422.4281
-317.6444 -1409.3197
-470.4822 -1383.6419
-612.3626 -1368.1266
-732.2149 -1352.3753
-840.5565 -1325.1761
-948.1307 -1286.1248
-1055.3069 -1246.3493
-1152.4802 -1228.8907
-1228.4803 -1223.5938
-1282.7534 -1219.6009
-1303.7512 -1206.7895
-1346.3993 -1192.2420
-1432.3089 -1173.9664
-1518.0867 -1155.2277
-1592.0354 -1125.8641
-1644.1985 -1098.2677
-1673.7139 -1061.4684
-1681.5886 -1026.7980
-1678.6676 -993.2207
-1665.0084 -960.7447
-1640.6673 -929.3568
-1614.4177 -875.5848
-1588.2198 -821.8086
-1562.0767 -768.0275
-1513.8919 -705.1363
-1500.4167 -672.6451
-1476.4403 -641.1676
-1440.0990 -588.3340
-1403.8958 -535.4611
-1367.8353 -482.5475
-1361.1266 -404.4381
-1359.1857 -382.1234
-1372.8949 -302.0879
-1383.1145 -188.5536
-1401.7683 -62.8193
-1466.0609 101.8080
-1552.0275 315.0838
-1633.3522 529.3187
-1717.5733 756.9820
-1747.6966 989.5449
-1716.1271 1121.6473
-1648.9928 1350.8759
-1471.4476 1802.1701
-1514.4992 2472.7724
-1496.1611 2791.5138
-1388.0824 3081.3614
-1341.6386 3268.0531
-1305.2858 3410.6408
-1276.8247 3520.2172
-1209.5103 3598.8167
-1077.5805 3654.1023
-927.2516 3753.9694
