231.1745 -1521.8892
87.9818 -1500.9179
-54.9343 -1478.8101
-197.5632 -1455.5591
-339.7216 -1420.0346
-492.1066 -1371.9160
-654.7187 -1322.0180
-827.4517 -1270.0086
-1010.7392 -1226.6758
-1171.6357 -1182.7862
-1310.2583 -1138.9618
-1438.3284 -1105.9981
-1565.1242 -1060.7941
-1692.3355 -1025.6979
-1817.0147 -967.1179
-1939.7583 -896.1948
-2060.2441 -812.8847
-2179.4930 -728.3790
-2295.9771 -631.4213
-2402.0519 -546.1441
-2486.0665 -463.3154
-2570.7927 -391.0364
-2656.4847 -329.3227
-2745.3459 -289.4709
-2833.7961 -248.9495
-2921.8266 -207.7541
-3013.8118 -188.4967
-3105.6725 -168.5980
-3195.0707 -136.7218
-3284.1824 -104.1740
-3370.5009 -59.5972
-3456.3496 -14.3194
-3551.7717 34.2902
-3646.6316 83.7728
-3750.8920 136.9410
-3851.4681 202.5826
-3941.6688 303.5499
-4036.7141 382.8324
