1526.9942 -613.6795
1448.6319 -565.0063
1338.4383 -507.6922
1218.5709 -450.5801
1099.5241 -392.6540
1013.7434 -354.0592
927.6993 -303.8851
818.5698 -198.8035
698.4358 -49.0554
601.9854 69.0138
537.2774 177.7011
483.3310 287.0002
439.5204 407.9283
387.0837 517.5380
336.7780 582.8452
305.8255 659.9271
304.0062 726.6481
311.6035 793.6149
319.3925 849.4691
327.4109 894.2108
372.1873 951.2344
426.1496 997.6743
497.4893 1056.3140
614.4033 1106.7736
744.9752 1204.2288
826.9453 1310.9099
900.0888 1395.3306
971.7097 1480.3502
1049.1645 1577.9799
1113.1000 1629.9473
1177.7380 1671.2827
1299.9924 1732.0330
1416.7679 1816.6500
1512.2196 1911.2622
1619.3420 2021.0522
1709.8751 2152.9210
1787.7426 2353.8535
1853.3301 2543.0506
1888.2411 2785.9268
1892.5366 3023.1151
1895.6769 3261.6613
1877.0747 3495.5922
1878.2024 3676.7398
1932.6895 3877.6156
2031.7249 4100.5374
2054.0036 4428.4023
2093.3759 4577.4057
2130.7984 4716.3273
2226.1549 4851.1295
2525.8499 4969.2238
2924.7492 5293.5059
