161.8404 701.6236
124.4977 634.4514
96.4191 556.3532
87.4357 467.3248
78.1528 400.5432
58.7218 378.1987
19.5740 378.0783
-9.7781 389.1865
-29.2806 411.4557
-38.9690 433.7211
-58.2363 478.2746
-77.3562 522.8585
-105.8573 578.6718
-95.6744 645.3099
-66.6420 700.7146
-85.0796 778.6727
-75.3167 823.0864
-46.8780 867.4165
0.0000 889.5606
18.7316 878.4563
9.3854 856.2059
-18.8487 811.7393
-94.8209 745.3860
-162.1625 679.3842
-230.0561 624.8714
-307.0252 615.4462
-383.3833 628.7461
-449.1216 664.4142
-475.4061 721.1218
-461.6641 820.8334
-389.1101 996.3369
-199.5770 1202.7451
17.8057 1378.8342
262.4723 1537.8989
516.6889 1681.5221
816.1431 1802.7443
1108.5093 1922.5345
1412.9937 2032.3405
1728.5918 2145.0254
2039.4241 2258.6995
