-538.7584 -1069.8568
-698.6842 -1019.2968
-858.2810 -978.2459
-1017.2132 -935.5623
-1176.1701 -902.3843
-1333.8024 -856.3988
-1491.6210 -819.9079
-1650.9491 -804.1150
-1810.1261 -786.6871
-1894.9533 -776.7207
-1990.3242 -764.9479
-2076.3395 -765.2077
-2154.4809 -788.9335
-2242.0746 -799.6066
-2317.7720 -800.1505
-2392.0493 -789.0867
-2508.6733 -770.9644
-2635.7569 -750.1631
-2743.2314 -743.3097
-2840.1497 -737.6539
-2935.2862 -720.0749
-3005.4860 -683.2818
-3103.0367 -617.0169
-3237.3690 -577.3229
-3392.1586 -531.5826
-3546.3766 -484.0154
-3697.5742 -423.1465
-3907.2491 -332.3954
-4102.8565 -278.2415
-4182.1721 -243.0006
-4307.9690 -217.9814
-4455.1298 -147.3667
-4638.0709 -87.8260
