4156.4642 -509.1862
3974.5300 -436.2925
3793.6880 -362.3883
3614.0145 -287.4107
3447.6678 -268.2145
3244.2765 -220.4595
3075.0664 -175.3024
2886.5402 -132.9067
2687.0432 -79.2753
2504.9792 -55.3392
2360.4887 0.0038
2298.0137 127.6354
2196.1167 248.4810
2112.3275 326.4886
2052.3567 385.5678
1965.3001 429.0234
1927.3216 480.3207
1849.1331 536.9691
1769.8448 605.0966
1683.3150 661.0643
1608.5739 707.6218
1523.3676 764.4429
1421.5077 808.2897
1350.1295 765.9907
1257.9515 733.2969
1237.7324 742.4336
1197.3910 760.7965
1148.8839 767.2264
1127.6787 787.6556
1097.1100 807.2269
1073.8424 849.9799
1071.6234 872.2301
1095.1491 919.3676
1136.9641 968.4172
1202.1213 1053.9659
1285.6369 1130.9998
1369.2617 1197.6754
1461.1941 1323.1482
1647.1472 1464.7767
1789.6258 1661.0924
1893.4167 1877.1748
2010.2396 2111.4646
2112.8378 2300.0114
2215.8439 2516.4355
