-684.7451 396.5141
-645.6530 394.4643
-635.2992 405.0948
-624.9616 415.7325
-614.6402 426.3775
-603.7771 448.1530
-582.1431 491.7246
-551.4967 523.7668
-481.9696 565.4238
-364.5755 617.0352
-256.7711 714.4102
-103.3455 845.5417
83.8471 934.3462
388.6883 1007.4567
607.2620 1072.9087
844.1704 1110.7793
1009.9887 1113.5092
1294.7735 1132.0728
1452.5303 1197.1884
1628.2422 1256.4167
1747.1291 1366.7706
1919.1749 1558.4835
2105.4557 1805.7239
2225.8591 2115.8026
2267.6900 2351.8949
2553.3408 2495.2715
2702.9286 2791.2587
