-2563.5273 -1107.9481
-2557.8826 -1062.7528
-2611.7054 -1054.3670
-2595.8992 -1102.9570
-2556.8978 -1143.4967
-2557.8826 -1062.7528
-2527.8081 -998.3027
-2499.1598 -945.1677
-2481.1859 -890.4079
-2473.7923 -834.0243
-2494.9959 -750.1001
-2511.4631 -712.8920
-2529.3983 -686.9198
-2535.1074 -651.3698
-2531.8591 -628.8232
-2537.4360 -593.2673
-2534.1239 -570.7261
-2525.7568 -514.3873
-2551.9104 -475.2857
-2550.1849 -464.0193
-2522.4867 -422.5200
-2474.1289 -384.5281
-2425.9166 -346.4624
-2331.6282 -281.3327
-2248.1409 -214.2453
-2176.9751 -156.5415
-2143.1585 -138.8246
-2008.5887 -67.3886
-1818.9495 42.8507
-1643.2187 145.0509
-1442.6420 223.3758
-1247.7492 270.8694
-957.8203 291.0823
-634.1357 427.3427
