648.3166 -1121.6624
464.4123 -1116.6325
280.5074 -1098.4740
107.7674 -1078.2430
-64.5484 -1045.1077
-246.7007 -987.7761
-427.2094 -906.1408
-573.1031 -790.2099
-727.0063 -661.1785
-870.2904 -575.5666
-1043.2660 -486.3077
-1211.6455 -361.3822
-1317.5249 -262.2728
-1403.5408 -186.5415
-1473.7760 -66.6052
-1450.8122 55.0249
-1383.1743 216.9677
-1278.1641 363.8483
-1166.2184 499.1716
-1047.5964 623.1994
-911.1627 757.7300
-798.7358 861.3994
-661.0608 953.1905
-517.5989 1023.7907
-320.7326 1105.4852
-63.5054 1201.0930
268.9770 1315.5181
602.8029 1429.7197
931.8560 1521.5171
1256.2406 1613.1716
1568.1543 1703.3521
1840.7857 1797.4245
2111.2588 1888.8074
2297.3813 1956.4908
2481.2142 2028.3031
2678.9233 2109.1545
