-2448.0678 -803.4999
-2489.0040 -785.6008
-2514.6003 -735.4417
-2552.0947 -694.7424
-2628.0806 -624.1931
-2685.8754 -579.3745
-2745.1237 -545.5374
-2786.9344 -537.8791
-2818.2793 -532.0547
-2839.1695 -528.1334
-2870.4953 -522.1936
-2880.9346 -520.1983
-2891.3726 -518.1953
-2922.6788 -512.1398
-2945.4808 -519.3882
-2938.8855 -544.0768
-2936.9666 -532.7521
-2947.4128 -530.7133
-2953.9731 -506.0147
-2974.8293 -501.8926
-2993.6995 -486.4092
-3029.2881 -444.0023
-3095.6946 -394.9396
-3180.1038 -329.5978
-3271.6930 -249.8355
-3374.7900 -178.0907
-3466.7081 -107.7939
-3587.9846 -28.7150
-3705.1458 63.2768
-3777.8789 156.8069
-3843.0918 273.8851
-3932.3387 374.9625
-4020.1370 439.8562
-4107.0529 505.6686
