31.5988 -667.1381
-104.9775 -611.2124
-230.1600 -554.2243
-354.4545 -496.1817
-467.1162 -426.2821
-578.3162 -344.3482
-688.2601 -261.4928
-796.2924 -166.5764
-862.2604 -73.2997
-917.1272 19.6867
-951.0773 111.5273
-984.3556 203.4976
-1019.6247 262.1971
-1054.4835 321.0242
-1050.7235 365.5566
-998.1142 406.1419
-943.1909 480.2926
-879.1486 553.9200
-834.9324 629.1051
-800.6611 705.0322
-790.1736 849.6346
-783.5215 1061.5833
-792.9276 1285.9362
-792.5390 1498.4948
-686.8156 1714.3313
-501.4566 1926.0603
-307.1998 2173.6670
15.2098 2590.8599
