-968.8714 -1039.1171
-1034.5885 -1057.4977
-1058.5367 -1100.7329
-1038.7143 -1135.5300
-1007.4126 -1159.7955
-986.3162 -1172.2188
-955.4061 -1207.5132
-900.1771 -1188.1882
-866.2233 -1156.4640
-799.0473 -1103.9916
-699.0932 -1030.4287
-555.6711 -913.3614
-412.8909 -750.6901
-220.2984 -598.8621
-41.5279 -433.6025
123.0367 -244.0996
291.9927 14.2470
422.6643 329.4144
539.2509 578.9507
647.0427 718.0535
743.2111 846.5374
813.2285 918.3184
883.1411 979.4673
952.1618 1041.1054
1011.1099 1102.3891
1068.0411 1175.1629
1132.9996 1249.2525
1186.4452 1333.9236
1231.2799 1406.7803
1301.6027 1483.2212
1384.4229 1528.1336
1464.5959 1584.9038
