4875.6744 -480.2127
4799.8257 -492.0078
4695.5202 -524.9501
4588.2358 -545.3450
4449.4783 -574.1803
4287.0032 -595.9586
4161.0267 -630.6934
3979.7367 -666.3466
3853.2391 -698.2872
3747.6454 -724.0260
3552.9655 -745.4524
3413.2660 -764.5212
3220.4712 -793.2260
3101.8425 -805.1522
2907.0786 -818.6396
2735.2988 -837.4708
2572.5566 -841.4311
2455.4660 -859.8593
2335.4597 -854.8737
2174.3449 -866.1416
2034.5495 -873.1036
1916.1085 -876.3280
1756.1250 -894.6109
1605.7002 -899.0213
1455.3330 -902.0429
1347.7364 -900.1624
1186.8456 -901.6014
1069.3912 -909.8212
919.8314 -919.0352
780.8913 -926.3429
631.9671 -955.1305
461.4585 -994.2578
322.3471 -1019.8376
