-2782.4980 -259.0070
-2768.3593 -121.6773
-2797.8207 1.2036
-2908.5720 24.3874
-3029.1711 50.7784
-3159.5472 80.6724
-3289.8487 64.1870
-3400.7712 -4.2383
-3479.3965 -116.6401
-3520.0322 -106.4463
-3545.3016 -75.9445
-3565.1323 -22.5923
-3602.8027 -0.6490
-3640.3674 21.4361
-3665.0067 52.3321
-3653.8443 97.8755
-3656.6459 86.4925
-3652.1957 61.0039
-3647.6802 35.5217
-3627.5734 30.1352
-3587.3360 19.4614
-3547.0671 8.9195
-3514.1995 12.4684
-3463.8332 -0.4082
-3428.4130 14.6744
-3390.4618 41.1525
-3342.5563 65.1774
-3294.7645 89.2874
-3267.0702 118.3522
-3216.9199 153.8849
-3189.3417 182.9771
-3126.9582 227.5213
-3064.8084 272.1793
-3012.7335 319.2540
-2951.0354 364.1152
-2870.1465 357.4824
-2786.8949 362.5864
-2708.9031 392.7070
-2640.9947 425.1982
