3462.4550 -920.0776
3322.7831 -878.4090
3171.1566 -826.6983
3032.6752 -783.4044
2884.2153 -741.2465
2734.7212 -686.7796
2629.7662 -635.4786
2493.8590 -588.9233
2369.1064 -539.8479
2160.1677 -491.0828
1953.9758 -451.0995
1749.0099 -408.6294
1555.6641 -362.5544
1523.5628 -354.6560
1481.1737 -347.7481
1438.8309 -340.7264
1395.5192 -322.4323
1384.2011 -312.2631
1372.8949 -302.0879
1361.6006 -291.9066
1339.0481 -271.5256
1362.6855 -190.5357
1374.6236 -99.3225
1397.3255 -18.2079
1408.3528 73.0808
1452.4352 134.1740
1495.9992 195.4710
1539.0353 256.9714
1581.5343 318.6746
