2778.7329 -1420.7103
2665.2518 -1403.5362
2561.6514 -1372.8602
2480.1493 -1338.6502
2389.1765 -1316.9771
2318.9777 -1280.7474
2228.3964 -1258.4340
2179.1362 -1207.7506
2128.8389 -1145.7754
2055.9649 -1075.2074
1941.5682 -1020.8506
1827.7275 -965.9205
1716.5130 -932.7915
1605.7002 -899.0213
1486.4563 -887.9433
1314.1129 -880.4856
1142.0488 -871.2358
990.9705 -847.7415
828.6851 -801.1761
666.8645 -741.9341
516.7073 -680.7896
378.1403 -618.0214
272.7457 -598.0140
188.5726 -577.0437
73.0837 -522.4393
-31.1237 -422.5085
-144.2949 -321.7476
-266.1635 -219.9012
-397.3781 -150.0552
-527.7104 -90.0620
-656.9237 -28.7919
-795.0364 34.3490
-931.8647 98.9892
-1057.4135 164.3401
-1159.8818 251.5040
-1217.1739 380.3722
-1258.3329 553.1806
-1238.9655 731.3033
-1131.2684 934.1191
-893.0493 1181.8355
-619.7497 1441.8843
-221.6284 1759.4290
245.4698 2082.7029
734.2871 2434.2725
1055.7212 2910.5588
1323.6097 3472.1827
