1324.7207 -1193.9471
1295.0553 -1072.8185
1265.3611 -951.7163
1289.6126 -837.5769
1355.4755 -719.7356
1451.5521 -598.5050
1525.0339 -478.5747
1576.3310 -360.3383
1595.6233 -245.2543
1583.6033 -133.5855
1520.7862 -27.6381
1429.5688 64.0388
1320.4535 142.9696
1244.3053 203.0806
1200.4645 243.9446
1177.6007 275.5548
1176.5702 286.6925
1182.2480 332.1420
1186.7450 388.7341
1208.3271 469.4621
1289.4972 623.9954
1383.7911 803.7754
1459.8567 948.8596
1519.5708 1058.7849
1570.1186 1156.7427
1640.9893 1235.5582
1809.0001 1331.3953
2062.1407 1447.6313
2350.2905 1592.1138
2672.8045 1757.9180
2939.1385 1934.0338
