716.4840 521.0593
866.1830 597.7401
963.1514 593.8117
1000.6245 608.0324
1018.8359 620.7531
1015.8699 654.1373
964.2668 694.7173
922.4839 736.2131
917.8430 791.8371
939.3794 871.9523
1007.9579 945.0257
1084.6936 1019.4764
1211.1618 1133.8130
1386.9566 1267.8523
1532.8024 1333.3070
1673.8103 1366.2279
1807.3642 1388.4869
1900.5901 1428.1428
2032.4563 1580.8018
2156.0049 1746.8599
2264.8848 1913.0887
2374.1458 2059.1252
2474.5239 2218.0275
2541.8567 2455.2434
2585.8746 2725.8851
2565.5834 3077.5294
