-1923.6461 685.7007
-1847.8782 730.9340
-1770.8548 787.6578
-1680.7434 808.5894
-1569.1110 781.7788
-1444.7208 777.1944
-1341.9620 832.7755
-1232.0943 876.9698
-1132.4602 922.9947
-1009.0253 933.9026
-811.5088 940.5620
-577.9640 937.5199
-449.4347 887.1877
-264.6705 781.3382
-199.3169 735.5586
-124.0083 678.9299
-28.6461 667.2046
76.3892 667.4128
181.0591 690.7766
265.4776 747.9785
376.5156 828.9139
486.3526 899.8272
611.9244 995.0684
750.0602 1137.5150
912.9518 1261.9352
1089.1484 1390.9267
1303.9560 1528.7755
1475.6023 1677.5472
1668.2690 1823.1862
1809.7649 1976.1729
1939.2024 2153.9750
2015.0634 2346.7801
2121.9138 2550.6025
2245.7179 2908.8872
2145.5684 3277.2711
2037.7405 3546.3458
1873.2121 3857.2938
1869.3192 4163.2367
2054.0036 4428.4023
