-1324.8949 -115.3921
-1410.7770 -50.6351
-1507.0725 4.7210
-1615.2305 39.7395
-1712.8803 74.4223
-1778.6292 117.0382
-1842.4020 171.2201
-1905.5833 225.8018
-1964.7674 303.1313
-2017.6244 414.3795
-2105.6268 486.2197
-2169.1614 577.7922
-2129.6893 686.0551
-2098.3869 749.6365
-2038.8743 808.2536
-1942.2390 860.6732
-1812.7512 942.6168
-1662.4918 988.0924
-1501.1617 1056.2909
-1325.1101 1113.0968
-1144.6394 1149.1885
-947.5761 1186.4517
-698.0188 1223.4415
-450.3166 1277.1183
-188.2956 1313.7758
