4957.5636 -1088.7548
4795.6941 -1135.6833
4633.4464 -1180.7894
4470.8398 -1224.0989
4307.8930 -1265.6363
4108.0184 -1289.8779
3917.1209 -1297.8048
3726.3919 -1303.8299
3526.6712 -1321.6656
3359.7082 -1331.0039
3191.2561 -1327.3995
3023.0410 -1322.3480
2856.5061 -1327.2054
2660.0069 -1358.2224
2474.1684 -1385.3872
2288.1014 -1410.5022
2090.8618 -1434.8788
1892.4816 -1445.7703
1683.1324 -1455.4988
1473.8013 -1462.7789
1263.8862 -1456.4521
1086.6068 -1434.5815
909.2923 -1399.8846
721.6657 -1363.9636
545.6319 -1325.7851
458.1079 -1317.1795
359.7650 -1308.3689
261.5159 -1299.0062
163.2762 -1277.9701
97.9139 -1267.3453
32.6205 -1256.4734
-21.7352 -1245.3711
-108.5571 -1222.8006
-173.6899 -1222.2619
-238.8205 -1221.4746
-303.9481 -1220.4385
-379.9255 -1218.9152
-455.8964 -1217.0531
-542.7109 -1214.5098
-629.5134 -1211.5234
-705.4542 -1208.5464
-770.1134 -1194.5888
-834.6896 -1180.3757
-888.3564 -1166.4789
-973.8589 -1139.4129
-973.3122 -1128.2685
-972.7637 -1117.1242
-972.2132 -1105.9800
-1078.8834 -1077.0513
-1098.5354 -1042.1867
-1106.7049 -996.8648
-1114.7888 -951.5332
-1122.7861 -906.1920
-1122.1040 -895.0415
-1121.4197 -883.8912
-1120.7333 -872.7410
-1119.3539 -850.4410
-1104.5587 -784.2912
-1089.7671 -718.1460
-1074.9813 -652.0053
-1049.0130 -575.4519
-990.4853 -478.7132
-932.4481 -381.8409
-875.5753 -295.9631
-818.5698 -198.8035
-651.9630 -140.5377
-486.7487 -80.4204
-322.9801 -18.4358
-150.5433 56.4356
10.0198 77.8403
199.8856 112.6880
368.8176 149.6698
547.2213 178.1091
