999.3790 -1450.8852
801.4217 -1449.7419
625.5216 -1445.6542
504.3281 -1427.2387
382.9634 -1385.7673
251.0178 -1332.5312
130.6215 -1278.2485
21.6877 -1200.8930
-86.3624 -1111.7278
-139.9351 -1055.7620
-182.6703 -1021.9811
-299.6076 -942.3923
-373.8174 -907.4674
-446.9055 -838.8146
-498.5191 -781.6058
-549.4082 -713.0803
-610.7635 -655.0745
-670.7499 -574.5344
-730.0607 -493.7104
-738.9265 -459.8054
-777.7507 -402.0199
-845.3317 -308.9363
-901.0112 -204.9782
-923.7706 -80.5148
-946.5421 32.8881
-947.8814 156.0584
-919.1997 277.0940
-880.0961 408.5788
-831.7121 539.4449
-782.4027 692.6488
-722.9200 867.5957
-627.7100 1040.5682
-553.1369 1215.0454
-463.3335 1377.9603
-378.5237 1485.9005
-287.9809 1560.8518
-165.1907 1591.4547
-52.1010 1601.3452
60.6277 1623.6333
146.8513 1646.7787
207.5806 1636.7438
251.7917 1604.3887
279.2568 1560.6058
290.1648 1494.1393
292.3238 1427.4260
294.8113 1349.5929
287.5831 1293.7505
253.7049 1215.0040
173.9365 1113.3221
213.3471 980.5257
280.6489 892.9769
319.3925 849.4691
349.7193 783.5568
381.5024 684.3491
468.2231 665.1414
505.9225 677.8081
553.0683 691.0326
590.0030 715.0957
626.7739 739.2813
653.9129 763.0621
700.5297 776.8981
744.7460 824.2928
779.1624 871.2445
804.7450 906.5385
830.1287 941.9011
845.1256 987.7571
869.1557 1034.3539
930.6587 1072.9136
998.6061 1134.9141
1074.6985 1198.2959
1165.3997 1207.6776
1125.1348 1158.4160
1055.7456 1117.7971
982.5251 1111.0285
917.3965 1116.6284
870.6636 1124.0350
823.0909 1142.7521
775.7011 1161.6599
738.4248 1170.2522
