-2072.7643 618.5935
-2005.6489 664.7140
-1915.9592 673.0234
-1790.0632 665.0631
-1664.2053 658.4114
-1525.8778 674.1278
-1371.7335 666.8749
-1253.4028 687.7716
-1183.1604 714.3773
-1121.6173 753.3713
-1009.1263 832.9680
-896.2289 935.7065
-755.7666 1182.6192
-596.1196 1395.8552
-344.5625 1673.9674
0.0000 2001.5114
236.9606 2338.4124
450.4564 2681.6825
722.9004 2926.5980
971.0996 3181.7646
1258.5642 3458.8705
1546.5213 3640.9580
1918.0358 3750.3676
2332.2447 3779.1259
2810.2643 3866.5630
3286.5044 3994.4468
