-2301.4714 -756.6976
-2251.3031 -786.8537
-2188.9929 -807.0343
-2125.2656 -815.7042
-2062.7665 -835.3346
-1991.9107 -878.4552
-1901.5780 -946.1245
-1766.5249 -1006.5961
-1597.4210 -1057.7134
-1444.1736 -1038.0212
-1293.5711 -1050.4926
-1132.1077 -1062.3143
-968.3079 -1027.9736
-815.8824 -991.5791
-695.7835 -941.3752
-587.3583 -901.0982
-510.7307 -836.8950
-446.3454 -816.5661
-413.9471 -795.1840
-381.8683 -784.8631
-349.8278 -774.4791
-328.4189 -763.8140
-307.4297 -775.3643
-297.0190 -786.6893
-265.7022 -820.6199
-191.6688 -855.0520
-117.3500 -889.1321
-42.8032 -945.1017
21.4784 -1011.8612
107.3277 -1000.4044
203.3107 -943.8847
308.9809 -864.3384
349.8278 -774.4791
412.3580 -728.4432
454.3456 -716.1446
496.5977 -714.8545
559.9696 -712.7039
655.0112 -708.9932
760.5865 -704.1870
