-902.7819 -70.7170
-954.1780 -78.4556
-1005.6401 -86.0110
-1056.3360 -82.2447
-1106.1439 -67.1509
-1155.8538 -51.8664
-1204.5025 -25.2468
-1231.8130 10.8786
-1225.7950 77.7402
-1209.7175 143.6831
-1203.5711 210.5261
-1208.2561 267.1366
-1224.7817 302.4057
-1231.3567 336.7602
-1235.6278 393.3975
-1219.1636 459.2686
-1201.5854 536.2692
-1164.8209 611.4101
-1137.8520 687.5004
-1111.0260 763.6053
-1102.0112 852.6179
-1102.1517 942.5111
-1084.6936 1019.4764
-1050.0756 1083.5632
-1026.0033 1137.4408
-1028.1449 1205.0115
-1057.0859 1275.2221
-1067.5480 1343.7153
-1047.1832 1364.1469
-1022.8551 1339.2776
-972.6258 1300.8570
-886.9316 1248.5447
-757.8401 1272.2012
-591.4716 1328.6435
-426.1650 1409.7973
-264.1219 1482.3043
-121.8784 1579.7114
25.8822 1656.8407
153.8554 1735.8645
287.8413 1816.8285
427.5046 1900.0796
504.0181 2015.4275
483.2621 2081.2136
456.0029 2124.3832
399.0519 2121.6458
325.3141 2129.7798
236.2356 2115.8372
190.6869 1981.2517
271.2852 1805.2136
418.6961 1743.6954
588.5904 1763.7123
770.5974 1832.5463
965.0463 1917.8110
1191.9029 1989.4048
1419.2255 2090.2993
1675.6930 2192.4535
