2442.4375 -1298.1041
2342.9988 -1197.4083
2230.7548 -1075.4791
2129.8846 -951.9275
2027.1270 -805.7704
1925.0608 -659.4786
1784.4552 -540.4059
1691.5273 -460.5987
1638.3133 -353.5110
1595.6233 -245.2543
1603.9511 -131.2694
1663.3972 -22.4068
1751.5295 90.7485
1861.1838 253.6079
1980.3463 397.0409
2124.9601 547.0295
2240.8839 671.6528
2356.0472 786.6904
2393.5908 887.5012
2341.4736 993.2413
2239.1754 1065.4091
2140.1712 1034.3907
2031.4908 1002.6616
1915.0613 959.3654
1803.4148 883.9911
1701.3033 800.1718
1629.1933 699.0588
1575.1078 669.1392
1472.8710 633.5863
1371.3971 587.8391
1267.9768 554.1704
1181.1532 545.5381
1053.6372 556.4230
935.2135 580.4451
808.5299 593.7861
693.1676 586.6993
577.1836 591.8282
509.3976 599.9574
432.1260 608.1125
373.4369 639.5677
342.3394 716.5586
358.0655 817.2018
372.1873 951.2344
401.8142 1141.5455
447.6653 1332.7119
526.0641 1525.8896
675.5479 1747.0701
856.4181 2131.5881
983.7234 2561.7631
1130.8304 3092.4361
1247.9279 3629.6991
1361.2773 4005.0596
1499.8304 4233.5653
1701.4031 4423.1829
1915.9233 4560.4411
2150.7484 4686.2785
2451.8003 4846.1333
2692.0136 5092.1592
