937.2999 -292.0841
865.9262 -307.7178
785.8374 -356.9410
694.3538 -395.0383
592.0458 -432.9462
500.0123 -480.8881
417.5723 -516.8159
334.5345 -541.1483
272.1897 -564.6507
199.1837 -588.0304
84.0951 -633.5815
-52.7341 -689.3198
-169.0777 -721.8512
-253.9397 -742.9471
-296.6400 -764.4462
-318.0294 -775.1537
-339.6604 -796.9555
-383.0739 -840.4779
-437.8873 -905.8543
-503.4723 -959.6147
-536.8751 -1003.0957
-559.6531 -1046.8886
-539.3779 -1092.1108
-518.9863 -1137.3007
-519.8588 -1170.6804
-521.0083 -1215.1872
-543.8918 -1259.0196
-544.7665 -1292.4022
-545.6319 -1325.7851
