-2570.4551 422.3096
-2409.0168 471.7770
-2246.8510 534.0388
-2225.4842 541.7161
-2084.3167 609.0696
-1919.9219 708.0041
-1773.1614 833.6475
-1627.1288 971.5728
-1487.0950 1088.4271
-1354.1554 1173.1602
-1218.3867 1224.7937
-1084.0877 1277.9320
-925.5506 1319.0729
-804.2203 1365.1089
-690.4634 1446.3790
-579.3340 1517.6382
-469.9157 1590.0020
-344.5625 1673.9674
-145.3087 1735.7326
169.8005 1791.7463
438.9154 1844.8860
670.1902 1914.3495
991.4634 2168.1902
1214.3706 2582.1249
1420.0014 3041.5992
1650.8896 3314.5921
1893.1525 3452.3846
2170.8667 3542.8539
2472.1400 3633.0799
2749.4239 3703.6646
3006.7462 3750.9737
3288.0928 3823.3949
3603.0998 3873.3657
3857.2366 3925.7837
4201.6306 3913.4631
