-2349.6109 -795.4534
-2330.3199 -729.5027
-2309.4653 -652.3362
-2281.0077 -599.2651
-2224.1555 -573.3104
-2176.4552 -534.4756
-2130.3480 -506.7839
-2082.9364 -467.7863
-2053.5667 -403.4154
-2034.5454 -337.6166
-1994.9238 -274.7073
-1953.9713 -200.5855
-1934.9649 -134.8455
-1888.4498 -95.6654
-1833.4282 -68.9192
-1778.5926 -42.0068
-1702.4121 -6.2816
-1646.7015 32.1999
-1611.2950 73.2247
-1597.3314 105.5104
-1584.7061 126.6392
-1583.3883 137.7972
-1582.0672 148.9549
-1570.7851 158.9289
-1560.8262 157.7534
-1570.7851 158.9289
-1529.6596 165.4271
-1446.3367 189.9276
-1244.4743 304.2892
-1141.3681 451.9471
-1098.6870 594.0393
-1070.0598 692.4867
-1041.5851 790.9425
-1023.6943 879.1101
-1006.8884 956.1485
-960.3322 1053.0148
-898.0916 1126.2398
-818.4432 1198.3467
-703.8001 1268.5042
-528.1744 1336.4376
-279.9654 1538.3683
-67.8314 1801.6011
114.5660 2080.0786
382.6471 2276.8975
654.3725 2528.2725
856.2537 2963.5400
1005.4943 3402.4844
1083.2628 3712.3970
1114.8401 3959.9299
1113.0143 4098.1402
1099.9355 4164.7372
1092.8374 4209.5014
