-1856.0350 218.6913
-1818.5093 270.3543
-1813.7943 303.8501
-1810.6322 326.1780
-1820.6038 395.9393
-1841.6082 455.9880
-1866.7089 551.0348
-1874.6041 563.6579
-1905.2829 556.9474
-1907.0569 545.7890
-1897.4060 544.2996
-1878.1005 541.3440
-1872.8499 574.8139
-1846.6139 616.5025
-1780.5123 663.6476
-1678.4239 694.4954
-1610.1158 764.6033
-1572.2099 827.5846
-1531.4423 844.8421
-1501.7175 852.2978
-1503.2519 841.1653
-1485.9647 827.6203
-1507.8357 807.7654
-1539.2115 789.1710
-1576.9780 794.1784
-1600.4357 831.4233
-1634.7216 858.9212
-1670.5323 875.4093
-1687.5320 889.2679
-1693.3880 912.9104
-1699.1885 936.5590
-1693.8598 969.9553
-1679.2434 1001.9639
-1642.6642 1053.5018
-1615.4480 1106.4309
-1555.3317 1131.8965
-1495.5118 1157.6370
-1446.7018 1173.7379
-1428.5050 1171.3365
-1384.5399 1154.3488
-1355.6737 1162.0407
-1308.8322 1235.4073
-1222.2203 1338.0124
-1129.4985 1429.0075
-996.9094 1572.6473
-834.5852 1703.4846
-615.0666 1865.8748
-403.7823 2032.7213
-209.2584 2204.1693
7.8747 2357.3394
293.3476 2496.0438
583.9114 2623.4767
839.3934 2714.0121
1060.5540 2797.9259
1312.4609 2894.8860
1545.5521 3044.7065
1791.0010 3173.7590
2049.1454 3331.4778
2285.5666 3485.0631
2519.0680 3704.1039
2688.4348 3979.8203
2709.5516 4305.3270
2688.3934 4605.0329
2700.6451 4895.7582
2698.5173 5194.4122
2639.1443 5481.3285
2541.2943 5729.9453
2530.1509 5979.0356
