4912.1321 -874.9415
4781.5784 -901.5534
4642.6799 -941.8777
4490.4029 -972.0323
4340.2492 -1012.3721
4337.9729 -1000.6892
4054.2231 -1048.3265
3929.6021 -1042.0398
3821.9918 -1067.1521
3690.7351 -1084.7509
3550.5106 -1115.0799
3386.6757 -1137.0301
3275.1061 -1135.5217
3100.4285 -1156.7999
2948.8696 -1183.8600
2787.7157 -1222.5962
2624.8029 -1248.3265
2571.7819 -1267.8500
2517.3811 -1275.8772
2462.9593 -1283.7250
2408.5169 -1291.3939
2331.0655 -1290.5560
2275.4314 -1286.5377
2205.4924 -1249.9816
2177.9715 -1196.4996
2152.8062 -1165.5204
2138.4804 -1133.1613
2121.7864 -1078.3261
2094.3066 -1024.8778
2045.4173 -974.1361
2008.5500 -933.2360
1953.9181 -928.5538
1917.2627 -887.5397
