-2451.5231 -1090.2589
-2479.1915 -959.7251
-2502.6601 -806.4783
-2535.1074 -651.3698
-2555.3461 -497.8212
-2574.3439 -413.5671
-2582.4540 -331.0738
-2598.4660 -235.4419
-2599.1795 -177.2863
-2603.5790 -141.6401
-2605.9130 -94.7376
-2606.0939 -36.5876
-2612.0133 45.9715
-2641.6446 109.9944
-2672.9568 162.9149
-2722.7140 173.0545
-2742.6060 177.1660
-2762.4916 181.3093
-2856.5470 177.8353
-2928.4901 181.8135
-3007.9618 199.7091
-3052.5889 233.7114
-3157.3606 365.9908
-3255.1521 474.6617
-3371.5038 505.6326
-3471.2532 521.0605
-3487.5434 537.8017
-3481.4296 560.3914
-3436.7931 572.1019
-3392.2429 583.9243
-3321.9067 576.7142
-3276.6659 552.4918
-3256.3214 511.0167
-3280.2422 457.1838
-3295.6327 437.1682
