1956.4287 484.8519
1871.1206 391.8870
1795.6581 289.9343
1731.9716 315.3476
1663.0886 306.2756
1605.4050 287.6453
1560.1435 248.1695
1552.9158 224.6834
1581.2794 239.3961
1585.7515 364.4950
1564.6340 452.4746
1450.8992 495.3127
1313.9063 491.3845
1185.5945 501.0039
1169.2850 566.8825
1076.3506 625.7144
985.2561 674.0126
907.1039 690.2538
856.0408 731.2428
852.6010 775.7394
861.1820 787.5508
869.7413 799.3700
910.2441 768.8547
944.2799 704.3249
968.0630 650.2105
954.4555 581.9300
932.6170 490.6916
967.0511 426.1267
972.3276 359.3445
968.5274 280.6841
964.5062 202.0273
937.1253 166.4829
980.2367 124.8259
993.5277 81.0255
966.6478 34.3046
915.6305 41.9523
892.5870 85.1377
889.6086 129.6633
858.2150 149.9604
