-275.6061 -1554.6353
-494.8481 -1494.3061
-658.1005 -1433.3331
-820.4424 -1370.7697
-981.8350 -1306.5915
-1132.5883 -1263.8043
-1273.2734 -1242.7404
-1424.5824 -1219.5761
-1542.2619 -1186.8162
-1660.5123 -1164.3591
-1811.9832 -1148.7731
-1917.9765 -1114.3508
-2022.5015 -1067.9423
-2115.7969 -1022.1322
-2208.6479 -975.6753
-2322.4230 -925.5140
-2424.9568 -875.9994
-2508.7040 -851.5943
-2601.3353 -813.6643
-2729.2770 -722.5464
-2862.9700 -675.2385
-2992.2581 -603.8889
-3118.0718 -578.6699
-3260.3931 -584.2281
-3411.5194 -634.2597
-3523.1095 -644.8385
