-21.2033 -778.3513
-74.2112 -778.1907
-127.1370 -766.7319
-179.7613 -732.8533
-242.5683 -687.5109
-305.2344 -653.0262
-368.1309 -640.5223
-431.5122 -650.0042
-506.1658 -681.1380
-604.1584 -766.7661
-713.6795 -851.3875
-823.6480 -924.2222
-911.3335 -964.2001
-999.3802 -1003.7573
-1087.7790 -1042.8984
-1183.8840 -1025.0836
-1203.2615 -990.0554
-1222.5396 -954.9923
-1241.7171 -919.8945
-1260.7929 -884.7617
-1288.8129 -826.4172
-1313.2089 -723.3526
-1322.9241 -711.2990
-1355.3068 -584.8737
-1418.9117 -466.5225
-1514.3214 -366.8972
-1637.1346 -342.3370
-1744.0528 -363.8977
-1806.0481 -356.3611
-1842.0438 -306.4314
-1864.7025 -235.3296
-1875.3189 -154.3267
-1924.7888 -136.2472
-1900.0617 -105.4689
-1862.3525 -53.6782
-1824.7852 -1.8514
-1811.8117 19.1575
-1748.6540 113.0849
-1737.2257 122.9494
-1639.2296 257.8782
-1532.6374 391.9486
-1402.4279 489.7593
-1276.1998 656.3815
-1166.5044 870.1683
-1077.6148 1086.2050
-980.4513 1312.7997
-847.6158 1570.1445
-695.5005 1815.5666
-507.8041 2082.5682
-331.3665 2508.6382
-158.7451 2915.0263
26.8320 3313.6680
149.8961 3660.2022
269.3224 3942.9499
371.5852 4161.1735
501.6077 4385.6425
