2459.4808 -1456.2322
2311.1396 -1418.9291
2196.1025 -1376.5770
2122.9253 -1305.9088
2071.7341 -1232.5054
2009.8499 -1160.3729
1950.3615 -1110.6095
1901.8372 -1059.5034
1872.7597 -983.4781
1865.0376 -905.0175
1900.8205 -832.7592
1921.9083 -728.0277
1985.6257 -629.0379
2039.1830 -542.2369
2063.5377 -481.8945
2069.6799 -446.8116
2078.6307 -434.1451
2066.8120 -424.3877
2055.0033 -414.6251
2043.2046 -404.8573
2037.4479 -360.0279
2052.2287 -312.3019
2053.5365 -243.6085
2049.9543 -141.3195
2022.5036 -19.6623
1983.1154 111.6135
1897.2818 213.1916
1802.3775 313.6340
1729.5092 405.9402
1676.6577 501.0382
1632.2184 608.6236
1618.0874 708.9069
1613.1021 810.4466
1631.3748 881.1900
1663.6523 919.9453
1734.6214 953.2981
1827.5448 967.8611
1927.5778 995.9209
2038.5967 1015.4709
2158.6187 1037.9337
2301.0600 1089.7009
2452.6446 1181.0107
2655.6486 1323.8653
2758.0396 1469.7383
2855.9991 1617.2297
