-1580.6307 -201.7257
-1658.6126 -158.8567
-1752.3724 -79.4104
-1856.4923 -8.9586
-2002.8329 45.9865
-2148.1376 102.7183
-2292.3703 161.2510
-2348.1972 194.1372
-2385.9255 212.4897
-2427.6038 208.5493
-2459.3999 202.8682
-2481.3004 195.3776
-2493.2877 186.0328
-2527.2458 169.2550
-2563.3570 141.3052
-2611.6513 104.1114
-2670.1363 68.9801
-2726.6969 45.2462
-2785.5854 10.4078
-2834.5833 -26.3807
-2893.8534 -60.9798
-2963.4673 -93.2866
-3031.0788 -114.0786
-3106.7584 -121.0681
-3167.7236 -107.3646
-3228.6290 -93.3727
-3289.4731 -79.0913
-3350.2546 -64.5193
-3408.4319 -38.2988
-3476.5223 -9.2125
-3561.8230 36.9244
-3651.0354 109.2564
-3759.1123 188.1502
-3875.7855 271.2982
-3987.7688 367.3951
