1193.3026 -1181.2742
1001.1332 -1037.1922
778.0299 -859.5370
560.3335 -723.8306
388.6422 -617.7582
229.8432 -531.9830
72.6218 -422.3627
-61.7958 -311.2143
-143.2154 -210.5487
-203.0066 -98.5948
-251.5169 24.5642
-268.9246 158.3983
-275.9893 292.0503
-254.4444 380.6071
-222.8088 502.3743
-114.8087 645.4764
-28.3312 789.5192
74.6894 912.0426
184.7181 1024.5141
293.2488 1104.7215
392.2430 1152.3342
472.1315 1200.0607
561.5482 1226.6318
658.7512 1265.6332
782.0971 1307.5052
901.1722 1384.2153
1047.2316 1442.8374
1165.1717 1500.6046
1299.0888 1562.0934
1486.9375 1610.9603
1698.9776 1622.1234
1928.4949 1641.1545
2172.0374 1645.2550
2416.9521 1584.4692
