-721.1987 -304.4988
-879.2157 -183.9947
-1016.5797 -96.4100
-1134.7182 -42.4053
-1252.9617 1.5679
-1293.2624 5.3256
-1334.6257 -1.9450
-1358.0374 -33.4123
-1372.4732 -77.0175
-1346.2611 -124.5997
-1284.2425 -119.1904
-1200.0944 -92.9926
-1146.6465 -63.8520
-1051.3021 -15.4156
-945.7680 44.0218
-861.8251 94.3082
-727.3924 164.4817
-635.0594 215.4935
-523.2271 277.4094
-442.3153 330.0761
-342.1901 393.7942
-262.5336 458.6483
-183.5409 535.0997
-95.9552 611.9511
-28.6461 667.2046
47.5064 722.8627
113.4386 778.9115
234.1277 880.8132
324.2801 994.2891
412.3283 1108.5254
