4747.2278 -647.6387
4605.0409 -715.5789
4464.5461 -793.4282
4331.2886 -854.9207
4188.9474 -929.3043
4039.1406 -967.1301
3889.0344 -1003.4110
3738.6440 -1038.1642
3598.7541 -1069.0813
3454.9639 -1075.7821
3320.2553 -1067.7436
3187.5021 -1070.1840
3042.4311 -1062.2398
2851.4081 -1037.9664
2650.2891 -1013.5961
2449.8760 -987.1361
2260.9135 -957.0860
2170.1431 -923.7802
2090.3388 -888.7092
2010.7999 -853.3520
1922.0873 -830.2043
1846.5079 -827.8150
1760.3525 -826.2633
1684.8844 -823.1375
1597.8558 -809.5606
1489.7639 -797.5616
1380.9993 -773.7049
1272.5615 -749.1682
1165.2080 -735.0987
1077.1012 -685.4427
999.9814 -634.6870
923.2846 -583.6118
836.5752 -532.7965
748.7968 -448.1538
672.6689 -373.7454
597.1970 -299.0077
511.7744 -213.1826
457.7786 -125.9466
404.6803 -49.6625
352.1044 26.7968
299.8142 114.5544
295.1739 314.7270
290.6086 503.7746
285.8654 692.8180
280.6489 892.9769
