-2598.7732 -501.9206
-2616.1101 -475.7380
-2652.3395 -434.5387
-2719.3807 -387.4771
-2804.6622 -324.7353
-2860.4222 -278.7513
-2926.0433 -230.3524
-2991.2084 -181.5252
-3053.6563 -120.9580
-3140.4109 -78.0037
-3236.8125 -31.9852
-3299.8718 -28.9038
-3342.7636 -30.4787
-3390.7400 -54.6427
-3398.3252 -40.7978
-3418.5368 -35.7916
-3441.3060 -42.1139
-3446.4151 -64.8411
-3451.4968 -87.5749
-3474.3234 -93.8903
-3512.3136 -72.3062
-3547.8992 -87.3290
-3573.3851 -104.9117
-3598.9008 -122.4811
-3586.2777 -161.8942
-3537.7972 -186.1669
-3522.3499 -214.0447
-3534.6789 -271.0400
-3518.9839 -298.8795
-3511.0998 -312.7846
-3513.5002 -324.1886
-3538.9238 -342.0016
-3556.4305 -373.7368
-3576.2870 -416.9151
-3604.1331 -446.1736
-3631.9995 -475.4372
-3659.8852 -504.7064
-3687.7892 -533.9819
-3726.1757 -560.6971
-3762.2709 -575.9086
