1643.2220 -1515.5818
1489.1199 -1528.9706
1334.9300 -1541.0225
1214.3050 -1560.7200
1081.9681 -1569.0870
904.5842 -1556.4448
771.5330 -1540.2871
660.7156 -1522.3884
550.0885 -1503.8321
505.8423 -1493.9992
439.4390 -1473.4894
396.2820 -1519.0126
374.8145 -1552.8544
384.8975 -1497.0040
318.2877 -1453.8091
252.3123 -1443.7439
186.4000 -1433.4365
120.5517 -1422.8863
21.8963 -1401.0444
-54.7126 -1389.8534
-164.0514 -1378.0523
-262.3414 -1365.7346
-349.7801 -1364.2061
-447.9068 -1350.8389
-546.2036 -1348.0405
-655.0625 -1333.1493
-763.7839 -1317.5641
