-2177.9715 -1196.4996
-2248.9654 -1141.5680
-2295.3856 -1066.6798
-2365.4015 -1011.0061
-2410.7258 -935.5532
-2461.6708 -824.3993
-2507.1287 -759.6882
-2527.7985 -675.6450
-2523.6519 -572.4705
-2499.8490 -484.0944
-2468.9021 -420.0275
-2427.6256 -357.7077
-2384.7259 -284.1485
-2367.5709 -240.9085
-2346.9152 -175.2244
-2327.9512 -120.7939
-2325.6013 -40.5497
-2317.3500 73.3131
-2317.9755 131.0900
-2322.5148 224.2247
-2336.3021 319.1411
-2282.6457 448.1109
-2246.8510 534.0388
-2130.2763 628.5500
-2014.9921 723.6904
