-2899.6161 -633.3991
-2873.0892 -603.3906
-2844.7456 -562.0655
-2786.9344 -537.8791
-2743.3199 -534.2412
-2689.2928 -532.3599
-2624.8574 -532.1245
-2570.9078 -529.8521
-2516.9972 -527.4028
-2463.1265 -524.7763
-2406.0667 -499.4704
-2352.3418 -496.5026
-2317.9273 -478.9009
-2283.5736 -461.2468
-2235.8030 -422.6545
-2210.4295 -392.1046
-2205.7678 -358.4351
-2220.0907 -310.4067
-2246.1126 -271.9623
-2285.5291 -254.2524
-2324.8604 -236.4130
-2377.8208 -239.2060
-2430.8251 -241.8173
-2483.8726 -244.2471
-2532.1771 -282.0669
-2578.8011 -308.5508
-2613.3865 -325.5393
-2680.8653 -348.0844
-2756.9496 -357.1705
-2816.3646 -392.4973
-2849.3751 -397.8098
-2925.8434 -406.1977
-2960.9465 -422.6253
