4574.5163 -886.5321
4363.2161 -957.1068
4150.9778 -1024.3556
3937.8568 -1088.3415
3725.8166 -1160.6548
3509.1744 -1206.7587
3292.0505 -1249.8583
3074.4824 -1289.9947
2856.5061 -1327.2054
2722.8160 -1325.4687
2577.0458 -1313.0907
2432.7853 -1310.9256
2298.3916 -1294.9264
2196.9181 -1273.8846
2094.5609 -1241.1033
2003.3566 -1206.5740
1901.6035 -1172.8940
1820.7847 -1125.1892
1729.5017 -1078.3426
1638.5946 -1031.1270
1558.7981 -982.5164
1479.3466 -933.6221
1389.5856 -885.3647
1300.2495 -836.7118
1221.9582 -786.8392
1155.3725 -747.0341
1089.0619 -706.9992
1020.3257 -622.1598
941.0272 -526.6310
884.4814 -451.8526
827.7570 -365.7897
772.0948 -290.7069
716.3392 -204.3362
688.3219 -49.5640
650.4856 104.7223
623.5167 248.3916
586.4679 402.7397
646.9347 550.6995
714.2810 710.7273
769.7900 870.6173
832.2468 1031.5522
