204.7459 -220.9175
193.4632 -143.2198
182.4177 -76.6361
191.6256 -9.7783
200.3882 79.3277
199.3793 146.0482
198.1836 223.8886
177.5869 279.2035
137.7576 312.0824
98.0466 356.2003
48.8457 400.3964
19.4484 455.9149
-19.3392 522.6320
-28.8705 578.2484
-19.0786 678.3051
18.8681 800.6197
112.1515 901.2267
231.3948 1003.1295
358.1713 1084.3709
474.2878 1155.5838
571.9105 1204.8693
668.5397 1255.0739
747.0848 1293.8014
825.9702 1322.0268
904.4100 1350.8684
983.5717 1369.2114
1047.1832 1364.1469
1114.8488 1326.1153
1180.2676 1310.6910
1284.8271 1277.6887
1394.3556 1280.1412
1532.8024 1333.3070
1665.9173 1410.6649
1884.2613 1551.8837
2161.8796 1794.9647
