599.2256 -1290.5993
555.0649 -1269.7996
532.1505 -1225.9791
509.0313 -1171.0099
486.0077 -1116.0195
462.5450 -1038.7574
450.1934 -972.3075
438.1544 -916.9784
404.8553 -862.1988
382.8342 -829.3549
361.1143 -807.6076
339.4448 -785.8333
317.8260 -764.0319
295.8750 -719.9601
295.1008 -675.4742
304.6231 -619.6616
314.0598 -563.8406
322.5037 -463.5246
339.3425 -285.1101
325.5597 -129.6485
281.6949 25.1558
238.4341 191.1872
176.3202 368.1626
-9.6235 578.2182
-211.0924 613.4035
-356.0168 583.3897
-369.1199 472.4656
-273.5145 403.2542
