-2857.7710 -384.4967
-2872.5024 -346.5404
-2913.7842 -338.3370
-2946.7781 -343.4137
-2967.4175 -339.2209
-2965.3547 -327.9069
-2963.2861 -316.5940
-2950.9159 -307.3867
-2936.4833 -286.8686
-2930.2367 -252.9554
-2929.9282 -194.3473
-2939.5686 -133.6171
-2993.8976 -86.7629
-3077.2769 -80.3245
-3163.0321 -84.7175
-3218.4823 -95.7248
-3261.4685 -97.6060
-3294.3352 -101.7764
-3312.1914 -85.6108
-3327.5273 -58.0633
-3322.5598 -35.3766
-3299.9621 18.8692
-3267.2571 70.6374
-3212.0419 128.8612
-3134.5738 193.6554
-3020.2985 285.4586
-2916.3366 427.0719
-2840.3161 492.3094
-2793.6291 564.2551
-2673.8671 737.3815
-2583.9711 870.0307
-2537.9346 941.9454
-2425.3668 1174.8916
-2321.7675 1409.5097
-2047.5197 1711.6711
-1894.1336 1912.0703
-1707.5214 2048.7310
-1506.1152 2161.7169
-1327.9877 2269.6676
