-2353.1473 -1092.9542
-2378.8351 -1031.9981
-2381.4023 -962.8238
-2362.3828 -896.7946
-2341.8555 -819.5397
-2321.1991 -742.3268
-2301.8879 -676.4014
-2282.4984 -610.5060
-2252.5778 -546.2026
-2204.8257 -507.4588
-2136.4107 -471.6363
-2047.4797 -438.4852
-1958.8998 -404.9204
-1869.3476 -359.7460
-1834.3981 -330.1146
-1840.7053 -295.2437
-1846.9326 -260.3649
-1844.2073 -237.9922
-1829.8663 -205.7589
-1815.5387 -173.5265
-1803.9687 -163.6549
-1795.1305 -176.1372
-1809.4126 -208.3805
-1844.2073 -237.9922
-1892.1350 -288.5871
-1949.1803 -326.5268
-2043.3973 -324.9636
-2143.3367 -287.6385
-2239.5582 -227.0787
-2339.8853 -130.3205
-2428.4965 -34.3138
-2499.5601 94.3747
-2554.3109 244.2656
-2553.9273 453.9485
-2476.5708 683.0877
