3234.0741 637.4421
3156.9347 737.1461
3085.9849 814.3950
3018.3104 880.4997
2956.8533 924.3215
2907.8951 959.4834
2871.2997 985.9171
2831.3329 987.7334
2788.5610 1000.8464
2724.5995 1020.7415
2630.4758 1045.5154
2515.7954 1077.8753
2413.6008 1102.0212
2321.0975 1128.8688
2249.7781 1148.9447
2206.0578 1174.8953
2171.5858 1202.7796
2119.4725 1180.8759
2039.5752 1107.9071
1905.7673 957.8036
1712.4515 790.4042
1542.8462 619.6413
1386.8594 454.1700
1235.7138 292.2043
1098.1550 156.4410
1005.2028 59.4985
961.2491 -33.2139
936.1119 -113.2396
920.7587 -192.5298
894.8210 -272.4300
858.1408 -352.8661
820.9471 -433.1697
781.6184 -479.9438
749.3256 -459.2849
716.6026 -427.4343
673.6408 -396.0025
620.0542 -353.7762
515.6228 -324.4273
411.6135 -294.3567
308.0364 -263.5614
204.7459 -220.9175
101.8250 -144.1842
0.0000 -55.5975
-100.4463 44.8503
-199.5485 134.9282
-277.6875 214.2068
-335.1174 293.4470
-362.3972 372.0944
-340.6198 449.3980
-270.2114 547.8175
-143.2272 668.0222
0.0000 811.7241
185.1210 1002.2749
450.8437 1265.9994
774.5099 1698.5330
