-291.9571 -1142.7761
-345.4298 -1108.3829
-398.7087 -1073.8097
-408.7710 -1040.1763
-384.7305 -918.3394
-371.2626 -785.1164
-379.4015 -673.6349
-408.8159 -583.8408
-448.5698 -504.7890
-487.1715 -403.3627
-536.2388 -323.6796
-574.8948 -255.3414
-590.8788 -143.2441
-566.0203 -32.8371
-530.0220 110.5595
-482.9032 298.1226
-406.8145 507.0363
-294.2122 737.5294
-157.3550 1001.8533
-8.9988 1278.7472
174.9941 1536.0061
423.2076 1821.8858
763.3385 2078.2977
1116.1483 2318.7970
1467.0549 2578.8746
1761.9011 2895.9565
1960.8550 3160.8607
2081.3560 3438.8818
1962.2133 3643.2160
1713.3383 3746.5003
1483.7532 3625.1061
1620.7163 3318.8310
1843.3041 3104.7602
2030.7610 3025.5086
2127.8038 2993.8290
2202.3739 2895.7664
2233.6356 2760.7222
2266.7802 2590.3972
2425.5704 2444.2857
2618.5812 2260.4989
2795.5994 2084.2047
2949.5510 2035.4793
3019.4780 2095.6974
3080.2197 2153.8239
3170.4184 2273.8927
3295.9732 2410.8712
3377.4455 2495.4293
3451.6925 2592.0004
3575.7704 2621.0024
3697.6038 2637.6401
3812.0760 2652.3754
3926.7152 2668.6659
3992.3909 2688.5717
4063.8962 2698.3147
4184.7803 2707.3790
4322.0573 2741.3982
