1381.8185 -1402.7729
1302.5128 -1363.9389
1256.1900 -1322.4805
1219.5924 -1257.8509
1193.3026 -1181.2742
1135.9721 -1129.2326
1078.8834 -1077.0513
1055.5075 -1044.9909
1032.7904 -1024.0571
976.1786 -971.6202
941.7707 -928.9457
887.2350 -909.6893
832.3039 -879.1283
735.8800 -872.6862
660.8574 -864.8085
607.9614 -878.0483
512.3140 -892.5240
501.9511 -903.9861
480.8904 -915.7623
139.1929 -955.6820
0.0000 -978.5167
-107.3912 -1011.5242
-214.9048 -1021.5917
-322.9127 -1053.2041
-431.0304 -1073.0025
-539.6861 -1103.2378
-637.5159 -1122.0767
