-742.3353 -314.5866
-800.5504 -244.4944
-828.7906 -198.2095
-837.7268 -175.3436
-846.6242 -152.4695
-845.3106 -130.2052
-793.2030 -110.9233
-710.8036 -93.0512
-617.5149 -52.9158
-482.8384 30.8129
-329.2334 137.5022
-168.1644 245.7125
29.3343 389.2167
260.3137 558.7298
541.9167 723.9614
853.2297 887.6597
1196.8629 1098.4520
1561.2145 1383.0178
1917.4385 1650.5592
2224.7866 1962.2566
2414.8029 2213.2015
2588.4894 2396.8579
2712.3953 2485.6172
2793.7073 2500.8314
2890.5779 2410.5640
2980.4226 2317.8333
3067.1504 2211.4829
3150.0201 2116.1157
3212.5822 2025.9222
3254.3277 1940.7625
3308.3138 1847.3617
3362.0964 1753.7986
3411.6385 1671.1581
3487.6956 1622.7459
3573.3679 1603.0179
3642.3962 1602.8581
3711.5480 1603.1151
3780.8201 1603.7901
3850.2089 1604.8846
3919.7112 1606.3998
3980.6513 1604.8511
4041.6995 1603.6100
4102.8536 1602.6773
4159.4814 1613.2138
4186.1002 1598.1928
4186.6560 1572.1977
4187.1272 1546.1965
