-190.4581 -743.8484
-338.5757 -741.3447
-496.9204 -725.9796
-665.5700 -708.5450
-687.1335 -718.7572
-782.7136 -725.4065
-887.2340 -697.4689
-1052.5381 -631.1715
-1251.3085 -605.0006
-1450.5816 -587.3385
-1650.7298 -578.2078
-1809.0014 -571.4966
-1964.6695 -540.7314
-2105.1852 -476.0778
-2226.9675 -435.4483
-2329.1307 -408.2149
-2432.7237 -391.4485
-2527.6168 -386.9640
-2622.5440 -381.8798
-2685.5177 -312.3548
-2745.7711 -231.1142
-2814.9468 -88.9585
-2860.3622 108.1244
-2722.2605 278.3297
-2496.7586 384.2590
