-2299.6915 -917.3097
-2307.6441 -893.2729
-2304.8952 -870.7621
-2302.1285 -848.2539
-2297.9449 -814.4962
-2292.3042 -769.4947
-2292.8085 -689.2110
-2291.4969 -597.6930
-2279.3525 -507.7800
-2266.9219 -417.9096
-2264.5155 -326.4775
-2261.6987 -235.0661
-2260.1680 -154.8949
-2258.3035 -74.7387
-2267.9590 -4.1403
-2230.6483 35.7069
-2121.5637 75.5563
-1981.4891 122.7961
-1804.9276 222.9409
-1608.1955 344.6410
-1424.4458 469.6745
-1263.1617 598.7086
-1062.6159 770.3782
-872.9271 989.8695
-727.6669 1191.8774
-622.7761 1397.4159
-530.0880 1604.1654
-440.7235 1811.5372
-355.9132 1997.3084
-268.8086 2116.7605
-169.7974 2169.9418
0.0000 2168.3041
366.4994 2120.2456
