4703.2658 -1248.7286
4522.8620 -1259.7966
4351.3777 -1254.7316
4188.9932 -1234.0091
4029.7730 -1163.2069
3866.3573 -1129.0555
3713.0920 -1151.5035
3581.3885 -1167.9682
3456.9057 -1158.2592
3338.1564 -1111.3369
3230.5747 -1061.8703
3125.0873 -1023.4421
3018.2339 -973.2359
2911.7810 -922.6520
2839.3808 -877.3816
2779.4931 -841.4282
2745.9349 -835.6417
2712.4020 -829.7976
2657.6354 -827.4627
2592.2750 -826.6925
2505.6918 -829.0348
2417.6832 -819.6563
2308.5674 -812.9539
2196.9044 -783.0854
2073.7416 -742.7596
1959.1704 -677.9217
1863.8347 -587.5583
1778.3845 -484.4601
1703.9200 -379.9517
1629.9943 -275.3006
1559.0061 -192.8242
1469.3663 -123.4679
1391.6442 -63.8422
1317.6226 -37.3438
1253.9699 -9.5775
1169.4862 27.8393
1075.4235 64.9075
970.2521 124.0965
877.4002 162.3935
767.2055 166.7276
678.1926 150.7173
601.4859 80.1388
524.3380 -1.0695
445.8465 -70.6613
345.9033 -129.1604
234.1889 -142.5991
132.2685 -132.8094
40.6347 -111.1359
-20.2692 -77.8217
-70.7152 -33.1766
-100.6116 22.6110
-110.3995 56.0482
-110.0323 100.5270
-99.5227 167.1665
-39.4998 266.9282
29.4142 355.8581
117.1208 411.9641
223.8522 446.7742
339.6691 482.7601
473.6879 531.6849
625.8418 583.0703
821.3184 684.0735
1063.3527 860.2410
1287.0637 1119.8792
1452.8219 1492.2855
