1266.9905 -1512.2806
1067.3212 -1491.6715
856.2800 -1447.1842
679.6848 -1421.3729
547.0533 -1381.4239
382.9634 -1385.7673
240.7294 -1388.2907
109.4247 -1389.5981
21.9075 -1412.1639
-32.8779 -1423.2665
-87.7187 -1434.1995
-153.5841 -1444.8721
-230.4890 -1455.1631
-329.5911 -1475.8546
-439.8745 -1495.7395
-550.0885 -1503.8321
-681.7274 -1488.1689
-822.9529 -1437.6005
-985.9163 -1395.7629
-1148.2856 -1352.3303
-1278.6705 -1332.0549
-1421.2354 -1332.2273
-1585.6912 -1329.2762
-1750.1997 -1324.7883
-1915.7344 -1329.9836
-2080.3950 -1322.4309
-2247.3623 -1335.8590
-2358.8506 -1344.0000
-2447.4012 -1343.2710
-2514.1539 -1345.2681
-2578.3494 -1324.4026
-2664.2307 -1299.9261
-2737.6724 -1265.3570
-2821.7390 -1228.6015
-2893.1726 -1181.8164
-2967.4031 -1157.3415
-3039.8676 -1121.0991
