-2182.8951 -1138.8536
-2138.4804 -1133.1613
-2073.6295 -1141.2814
-2008.7521 -1149.1436
-1942.7843 -1145.5268
-1898.4822 -1139.2420
-1886.6305 -1129.2428
-1874.7869 -1119.2392
-1862.9513 -1109.2310
-1861.9112 -1098.0189
-1857.7150 -1053.1744
-1863.1192 -995.9116
-1868.3688 -938.6411
-1874.5900 -892.5708
-1880.6997 -846.4918
-1886.6969 -800.4042
-1880.8085 -744.3771
-1874.8286 -688.3606
-1913.2901 -649.5842
-1897.7895 -606.0771
-1863.8347 -587.5583
-1841.6430 -578.9143
-1797.3251 -561.5491
-1762.3570 -531.6747
-1737.9078 -500.5459
-1713.5126 -469.4005
-1698.3669 -425.8694
-1693.5737 -381.1510
-1699.0430 -335.2366
-1704.3966 -289.3153
-1700.6399 -255.7856
-1698.1185 -233.4345
-1695.5836 -211.0850
-1693.0351 -188.7371
-1708.2603 -141.5814
-1723.2997 -94.3918
-1728.0382 -48.4401
-1721.2004 7.4130
-1704.2445 61.9855
-1668.6772 102.8795
-1623.2789 142.6025
-1578.0847 182.4255
-1505.9291 196.6026
-1424.0401 210.0610
-1343.5129 212.8480
-1253.1558 215.1649
-1151.9864 228.3529
-1040.2868 252.6268
-920.0055 265.9634
-790.1909 279.7712
-649.7361 316.5931
-499.0038 387.8538
-329.9666 482.4998
-144.0705 601.3042
94.4362 789.8642
