-951.1669 -1118.3647
-873.0755 -1066.7891
-827.0978 -1002.1776
-759.9698 -938.4944
-714.5629 -873.6511
-659.6258 -831.4187
-614.7528 -766.3553
-549.4082 -713.0803
-494.6415 -648.1042
-420.1466 -616.9254
-325.1900 -596.9854
-230.6317 -587.5862
-146.5689 -566.3863
-83.4661 -511.2652
-10.3820 -433.6572
51.6483 -355.7328
133.3902 -255.1275
223.8328 -131.6450
343.1623 -17.9455
478.8298 142.0426
589.1309 347.1222
677.7969 518.8823
715.7010 688.4811
716.5037 822.5264
679.6583 954.2855
606.5905 1084.0285
531.9479 1102.4957
457.6021 1121.4502
527.7677 1180.3311
647.4612 1298.4363
794.5047 1476.2653
946.0532 1713.6686
1087.2320 1953.8505
