620.4624 -632.3974
270.6836 -475.6822
0.0000 -322.4657
-193.7640 -165.4602
-282.6137 -19.3273
-319.5287 126.1383
-295.6994 292.4858
-195.3752 401.8083
-86.9430 534.0423
104.8266 689.8677
272.4332 848.2737
407.1885 1008.1102
519.8557 1157.6556
740.6911 1259.8204
980.4513 1312.7997
1217.8865 1371.3532
1433.3943 1444.1337
1615.6436 1539.6821
1783.2613 1648.4376
1927.1142 1768.1529
2049.7736 1886.8189
2140.6404 2012.7180
2208.2905 2146.8318
2244.9571 2286.4293
2259.2306 2432.9701
2255.1901 2575.1368
