-1882.4278 -1084.3850
-1929.8421 -1124.3303
-1977.3832 -1164.2040
-2025.0474 -1204.0081
-2040.2300 -1247.6531
-2008.6802 -1262.7299
-1972.9203 -1232.8233
-1945.9677 -1179.1937
-1907.1801 -1115.5836
-1867.4124 -1040.7525
-1836.2757 -942.3043
-1803.9771 -832.6952
-1770.4637 -711.9398
-1757.6456 -690.7526
-1725.1997 -581.2458
-1670.7261 -462.9496
-1669.5651 -451.7705
-1629.1527 -365.8412
-1599.1674 -278.7618
-1559.6323 -102.3811
-1601.2713 72.0302
-1639.0925 178.5314
-1678.7496 262.9167
-1699.4741 333.7292
-1682.1782 388.2117
-1653.6436 452.5522
-1604.3556 525.5234
-1504.4832 614.8331
-1407.1683 693.5587
-1320.4084 773.9112
-1226.5143 842.5935
-1123.1337 922.0764
-1017.7899 1035.6643
-956.6614 1187.2478
-983.5717 1369.2114
-1159.3947 1545.0406
-1221.5480 1608.8511
-1246.6008 1679.7899
-1253.5752 1691.9892
-1392.1331 1756.2059
-1524.3150 1799.0621
-1611.0307 1847.6640
-1680.0029 1894.1402
-1712.4851 1946.0484
-1736.1162 1996.5415
