-1025.5548 -375.6185
-1105.8738 -336.1548
-1185.7741 -296.1979
-1265.2476 -255.7452
-1335.0576 -226.9111
-1414.8253 -196.6810
-1504.4815 -164.8700
-1623.0441 -117.7558
-1752.3724 -79.4104
-1911.4250 -35.5720
-2059.6046 8.7405
-2186.9418 51.5647
-2293.6069 92.2993
-2421.6473 126.3994
-2541.3440 148.7065
-2638.7742 179.3977
-2703.8827 215.9733
-2738.9837 246.6917
-2766.3415 264.2000
-2825.9084 324.0861
-2894.5813 386.6174
-2962.4674 449.6966
-3026.8637 524.5675
-3087.4356 611.2242
-3143.8173 709.6506
-3186.1917 817.2443
-3217.6034 922.5631
-3217.3882 958.8176
-3228.4775 1059.0159
-3191.9210 1182.0038
-3145.5593 1302.0758
-3075.4686 1402.8465
-2944.0172 1485.5689
-2810.6746 1580.2261
-2658.4693 1682.1051
-2399.5969 1911.3740
