2980.3641 -1015.1775
2865.3260 -1058.7983
2728.2811 -1104.9842
2613.7561 -1157.8206
2486.5059 -1199.9710
2357.5833 -1229.7356
2228.3964 -1258.4340
2096.7658 -1263.5879
1942.3912 -1258.9963
1765.5232 -1244.1324
1599.8979 -1226.5580
1443.9294 -1184.2219
1321.0680 -1138.1159
1197.3921 -1068.9331
1064.4042 -1010.8550
940.6307 -906.6630
850.9841 -822.3228
762.0666 -737.5855
683.9794 -640.8464
597.4240 -577.5965
511.4951 -513.9105
446.6797 -438.0471
371.8296 -351.0831
329.0612 -285.3487
286.6350 -219.5035
284.8707 -130.5358
313.1415 -29.7909
320.3350 92.7753
326.9809 226.4701
371.8510 383.4977
453.9316 542.0809
570.9865 714.1706
694.7917 865.8743
886.6383 1046.9214
1130.3845 1271.4859
1320.8161 1474.3701
1531.1390 1663.2661
1755.0767 1827.3449
2005.4750 2028.6850
2165.1776 2206.8877
2260.8525 2373.8548
2353.5870 2531.4596
2479.3606 2605.7588
2729.6333 2726.2371
3034.2638 2816.8180
3362.2207 2866.9792
3809.7834 2965.7530
4230.2334 3418.6424
