-2290.0007 -1216.0509
-2311.7009 -1213.1245
-2330.9126 -1187.6273
-2327.1509 -1153.8187
-2322.0726 -1108.7489
-2314.3208 -1041.1622
-2317.1242 -972.0800
-2328.9820 -890.1986
-2343.2770 -830.7972
-2367.9162 -769.7668
-2404.2949 -718.2825
-2443.4617 -689.1769
-2462.9897 -674.5727
-2493.0081 -658.2363
-2524.5842 -653.0978
-2566.6703 -646.1408
-2607.0674 -627.7801
-2647.3841 -609.2884
-2685.8754 -579.3745
-2722.4218 -538.0271
-2769.1477 -494.6096
-2805.1773 -452.9349
-2818.2955 -403.7947
-2829.2300 -343.3233
-2825.5603 -262.2650
-2819.4806 -228.4030
-2801.0852 -185.2955
-2770.4231 -132.9492
-2713.4471 -109.1180
-2599.6826 -119.1357
-2493.3657 -173.1967
