1108.7884 1055.5524
1169.3572 1095.5103
1239.9392 1125.7501
1299.5495 1166.5132
1369.2617 1197.6754
1393.3192 1223.3854
1451.6590 1265.1122
1514.9077 1330.7207
1568.2516 1395.4630
1601.8782 1411.9906
1630.4215 1405.0279
1643.1870 1384.2074
1666.8483 1353.6956
1694.5125 1300.9836
1731.3137 1249.7422
1759.2458 1197.0792
1796.4060 1145.9243
1852.1013 1097.8782
1911.5387 1280.4583
1945.2983 1344.1972
1978.3727 1408.1072
2010.7521 1472.1850
2086.1390 1545.3712
2169.3281 1656.3376
2261.1589 1759.2345
2338.8052 1872.2844
2425.0920 1977.4358
2547.2999 2263.2592
2702.9286 2791.2587
