-976.7991 426.8780
-898.7984 421.0805
-860.5701 407.2360
-834.2948 360.7685
-844.8544 350.2846
-856.1936 328.6793
-887.2462 308.4194
-915.9573 321.6148
-945.4504 323.7489
-964.2503 336.3406
-983.0104 348.9633
-992.8203 349.7206
-1002.6296 350.4855
-1021.3297 363.1701
-1037.1669 409.2820
-1040.2029 488.0056
-1052.6360 567.5529
-1028.4234 621.5609
-958.4996 649.4481
-858.6013 697.8689
-678.8401 820.2779
-493.6023 944.7073
-238.5411 1092.2798
54.3707 1212.1631
247.4346 1448.5076
430.6450 1677.3666
632.2649 1967.5626
