-2484.0620 -671.2022
-2455.1053 -618.2522
-2411.5271 -613.6707
-2359.0198 -621.8518
-2309.4653 -652.3362
-2261.1650 -693.8550
-2223.1658 -733.6586
-2195.5447 -771.8472
-2179.7072 -819.7353
-2194.3279 -851.9928
-2216.9536 -860.2967
-2250.2531 -867.0835
-2303.5141 -859.5077
-2367.3969 -850.1734
-2420.6067 -842.1915
-2472.2992 -822.7497
-2523.8943 -803.1094
-2595.0073 -768.5047
-2685.3333 -718.5782
-2796.2080 -664.1731
-2897.7734 -622.0743
-2988.4260 -581.2152
-2998.9033 -579.1531
-3089.1377 -537.5453
-3166.4667 -486.1061
-3243.2896 -434.1013
-3307.0090 -372.4926
-3373.3928 -273.8972
-3410.6835 -145.5331
