2260.9135 -957.0860
2062.0071 -926.5195
1874.5900 -892.5708
1687.9910 -856.7055
1491.6210 -819.9079
1361.5125 -797.8774
1220.4129 -764.5296
1090.4701 -729.2931
950.5380 -693.7203
848.8398 -777.7764
746.5381 -872.1932
535.9195 -969.7156
322.9127 -1053.2041
194.4229 -1121.9425
54.2192 -1200.8204
-76.1554 -1267.4553
-218.2779 -1332.9726
-327.0626 -1309.0169
-435.8350 -1295.4920
-544.4760 -1281.2746
-652.9809 -1266.3622
-728.7331 -1252.1683
-815.2525 -1237.1156
-890.8029 -1222.1820
-976.5644 -1195.1365
-1007.4126 -1159.7955
-1048.3412 -1112.5616
-1089.0344 -1065.1984
-1129.4879 -1017.7050
-1138.2232 -983.5066
-1146.2135 -938.1463
-1164.7859 -892.0073
-1172.5729 -846.6184
-1167.4413 -768.5529
-1161.4405 -679.3451
-1156.0710 -601.2971
-1149.7986 -512.1094
