2547.0921 -1547.2874
2469.9485 -1557.9502
2391.6625 -1556.9785
2333.2735 -1530.2986
2263.9915 -1504.8843
2172.8697 -1481.9581
2082.9429 -1469.9058
1993.1356 -1457.4535
1924.4387 -1431.0100
1855.8879 -1404.3640
1787.4867 -1377.5131
1718.3568 -1339.2520
1638.5338 -1301.8301
1569.0022 -1251.9500
1522.2431 -1211.1368
1453.1650 -1160.9432
1385.1411 -1121.7226
1337.3789 -1058.2370
1290.5728 -1005.8431
1275.3036 -939.7192
1273.7727 -917.3993
1295.1406 -915.7001
1304.2437 -892.5165
1313.3100 -869.3238
1321.5219 -834.9601
1340.2848 -799.6910
1348.3478 -765.2992
1327.1597 -767.1023
1307.6184 -791.1967
1284.7768 -770.6218
1261.9776 -750.0240
1175.0270 -723.1551
1088.3547 -695.8524
1023.7044 -677.8749
949.2939 -671.4403
844.4721 -688.6879
750.0304 -704.7000
676.1286 -708.0896
622.1100 -676.9099
566.7617 -601.0531
479.8557 -503.8200
414.0364 -383.3393
369.9089 -273.2281
315.8799 -152.1239
332.2600 15.1695
356.3888 238.3670
380.2384 428.2720
413.7276 585.2048
494.4109 721.8952
612.9107 816.6363
752.6047 847.1415
892.5139 868.2436
992.3432 809.1054
1042.5010 678.8411
1066.2963 523.8612
1017.6418 407.6968
937.2801 300.7689
794.3325 213.0042
627.2963 170.5178
447.3859 185.4892
267.3064 236.2417
88.4804 322.7701
-77.9375 433.9020
-271.2381 503.3367
-494.4100 499.0750
-688.7639 497.1669
-774.5006 524.5524
-770.0838 591.3022
-691.1607 620.0700
-614.4389 615.9504
-559.0322 568.6909
-514.2696 488.7382
-536.6433 422.8187
-587.5368 380.4929
-620.2267 315.1382
-633.9584 237.7433
-627.2963 170.5178
-596.9357 180.2614
-624.0605 237.2669
-689.0764 318.6386
