-2392.2749 -1052.9910
-2454.0617 -1020.9749
-2477.7578 -948.4441
-2496.2518 -922.6021
-2485.9216 -843.6452
-2463.2396 -755.1175
-2441.9132 -677.9131
-2420.4508 -600.7545
-2412.5070 -544.4782
-2487.7523 -474.5739
-2544.9786 -430.2249
-2614.0046 -394.9962
-2708.0261 -319.7951
-2778.1632 -294.8451
-2809.0207 -288.8685
-2870.6982 -276.7045
-2922.0572 -266.3525
-3026.8186 -256.3756
-3123.5376 -259.2098
-3210.1236 -263.7580
-3281.9489 -247.4872
-3353.6940 -230.8246
-3389.8384 -198.3842
-3400.4994 -148.0029
-3421.0637 -95.0993
-3458.9380 -25.6816
-3478.7237 27.4420
-3468.1167 72.8694
-3457.3986 118.2686
-3444.7200 127.0321
-3394.7825 114.2458
-3367.7862 47.4846
-3327.6519 -10.2486
-3287.0323 -67.7511
-3266.2685 -120.2858
-3260.8602 -145.3409
-3283.6083 -151.9407
-3314.1642 -144.7646
-3332.1003 -128.5867
-3347.5350 -101.0189
-3360.3786 -62.0623
-3383.1495 -20.5855
-3400.7712 -4.2383
-3415.7544 23.4967
-3438.0376 65.1679
-3487.3576 126.0598
-3534.4836 150.5660
-3574.3262 161.2404
-3601.3527 180.6966
-3614.1359 172.0476
-3624.0832 174.7702
-3621.2318 186.1361
-3622.6203 137.9423
-3636.6153 81.0613
-3664.0588 -32.8450
-3741.6689 -133.4566
