-46.0299 1056.4482
0.0000 1167.5483
18.3304 1100.8465
46.3827 978.6116
93.8530 856.5816
189.0588 779.8821
285.2957 715.0581
364.5755 617.0352
399.3623 439.9962
415.4046 251.2433
400.3972 94.9242
374.3370 -50.5195
387.7918 -172.5840
472.9830 -281.3393
616.8590 -275.8881
745.8697 -180.4949
927.9440 9.2351
1020.4109 374.3020
961.3980 728.0955
841.2169 920.3382
644.0215 1074.9776
592.1152 1016.3203
588.5238 915.7536
609.1078 883.3637
629.7961 851.0031
639.8482 840.3944
649.9180 829.7932
660.0054 819.1994
670.7963 797.4910
711.4225 755.2187
724.5126 700.1769
738.3784 634.0155
751.5793 578.9815
764.8324 523.9512
778.1363 468.9246
781.7309 413.2943
767.0517 334.2184
703.2325 241.2883
599.4759 124.6383
444.0612 -15.0475
295.5036 -152.5672
112.8690 -255.3039
-103.1446 -333.2191
-321.5880 -419.0381
-531.6232 -490.9341
-784.8735 -546.7388
-988.1497 -613.0857
