-2594.8897 -618.2815
-2643.9583 -586.7164
-2691.0654 -543.6485
-2739.6960 -511.6515
-2786.2589 -468.1416
-2834.4389 -435.7096
-2880.4426 -391.7550
-2926.1331 -347.5753
-2973.5882 -314.4831
-3028.9655 -267.6931
-3081.7402 -209.2599
-3133.9793 -150.4975
-3195.8168 -89.0766
-3133.3569 -44.0556
-3071.1116 1.0685
-3009.0877 46.2999
-2947.2919 91.6425
-2840.3651 103.8688
-2731.5434 128.0704
-2623.1612 152.9737
-2515.2299 178.5821
-2491.2300 197.2523
-2455.3113 225.2979
-2419.4911 253.3925
-2395.6664 272.1498
-2395.2792 329.9962
-2384.8989 385.9942
-2393.8636 445.6632
-2402.5166 505.3520
-2399.0085 574.3566
-2395.2066 643.3397
-2391.1085 712.3004
-2393.8166 794.3255
