1393.7779 -941.2031
1284.4569 -916.5533
1176.1701 -902.3843
1046.7556 -888.9301
950.1483 -883.7532
885.6098 -876.2732
821.1361 -868.5421
756.7284 -860.5596
692.3878 -852.3253
628.1155 -843.8387
563.9127 -835.0995
488.8429 -815.3130
413.9471 -795.1840
328.6290 -774.9360
232.9295 -754.3969
137.4656 -733.2828
42.2426 -711.5912
-31.6405 -689.3772
-94.7959 -666.8794
-157.6764 -633.0017
-209.8086 -599.0100
-240.6210 -554.0615
-260.8206 -509.2303
-291.2977 -464.1684
-311.2157 -419.2605
-331.0043 -374.3216
-340.6000 -340.7187
-360.4404 -306.8548
-369.9089 -273.2281
-379.3245 -239.5934
-388.9831 -217.0728
-398.6072 -194.5444
-407.8809 -160.8857
-427.2697 -126.9120
-446.2008 -81.7842
-465.3610 -47.7477
-484.4143 -13.6800
-502.1206 53.7894
-469.2552 130.5648
-417.2118 195.6342
-375.8541 250.0432
-334.5219 315.6888
-293.8496 370.3296
-253.5146 425.0880
-213.5230 479.9645
-174.0467 523.8402
-154.7093 523.5834
-145.5879 478.9875
-155.8719 434.6254
-175.9998 390.4023
-206.0765 346.3627
-265.6611 314.0845
-335.1174 293.4470
-413.9434 295.7301
-492.3160 309.6170
-530.7305 333.4261
-557.6729 390.2942
-495.7991 465.7091
-367.3876 528.0697
-220.6864 613.5737
-66.7084 689.5950
47.3149 767.3408
159.8784 835.0595
252.3231 903.4475
325.3302 960.9298
370.5886 995.7138
415.9853 1019.5682
461.1688 1043.6130
506.6951 1056.7283
552.1092 1070.0341
588.8795 1071.9200
626.3332 1062.8081
663.8592 1053.8180
702.2241 1033.8296
740.7362 1013.9625
773.4393 949.0969
797.0734 883.6441
810.6262 828.6814
824.2315 773.7225
837.8880 718.7671
852.4288 652.6899
867.0162 586.6140
834.0683 506.0662
790.0384 436.1543
734.9346 376.9951
679.2419 318.1159
603.2095 258.5854
525.9743 210.6706
448.1522 163.2446
369.1307 138.5484
289.8220 114.3342
210.0554 101.7209
120.1355 89.4931
40.0456 89.0157
-20.0228 88.9710
-70.0797 89.1388
-100.0296 100.4486
-129.9284 111.8258
-159.7759 123.2704
