80.8823 -44.2406
140.7395 34.0880
209.5251 135.0813
287.1037 236.6615
336.3001 248.9632
375.5248 261.1645
425.2917 251.5621
522.7654 288.5323
567.4500 390.7274
561.1652 524.2013
489.2361 621.4134
447.7895 697.7771
492.4220 766.3793
544.7032 857.8514
616.5199 917.2243
760.0469 1004.0745
909.2562 1104.7506
1064.4112 1208.5182
1278.8560 1322.1488
1495.2351 1452.9318
1727.0569 1569.6281
1946.8352 1598.4873
2171.4632 1610.1015
2473.0904 1716.6864
2726.4127 1966.0089
2829.1600 2315.4787
2844.5775 2655.5259
2777.5323 3007.0418
2561.7564 3301.5754
