-2025.8519 -1328.8654
-2055.3968 -1291.3081
-2072.8306 -1243.7445
-2131.1570 -1168.2625
-2168.5035 -1106.5102
-2224.4702 -1019.2199
-2290.3528 -930.0809
-2353.9093 -829.2279
-2398.2142 -753.6890
-2459.8504 -652.0422
-2488.9553 -555.1300
-2496.4674 -461.5742
-2503.4228 -368.0021
-2503.1242 -298.7069
-2482.0657 -233.0016
-2454.3595 -191.5860
-2418.3161 -163.1581
-2413.4857 -198.6083
-2408.5635 -234.0522
-2439.6154 -298.0268
-2487.8347 -336.0097
-2522.3282 -353.1909
-2546.5425 -372.1227
-2575.7578 -355.4275
-2604.9111 -338.6570
-2625.5443 -334.9464
-2660.2142 -351.8675
-2665.7690 -385.6917
-2671.2765 -419.5243
-2701.1675 -472.1748
-2750.1285 -509.7444
-2797.3839 -535.9453
-2876.1371 -556.1386
-2936.0195 -591.4103
-2997.9623 -637.9078
-3047.6454 -675.0436
-3095.5344 -700.7638
-3143.5171 -726.4116
-3214.6959 -759.0565
