259.6256 124.8387
147.7285 301.0715
-9.7512 422.5451
-194.1136 479.6476
-320.2640 482.2470
-435.8606 508.0218
-501.2373 566.1951
-574.3852 647.4393
-711.4225 755.2187
-836.2543 864.0454
-929.5108 983.1790
-1013.3456 1080.1483
-1063.1963 1219.6361
-1057.3565 1353.9273
-1034.5863 1475.2805
-1043.0847 1554.8525
-1082.6100 1592.7964
-1133.2995 1609.6939
-1179.6536 1592.5168
-1185.6079 1548.0882
-1194.4552 1481.4351
-1157.4546 1420.8324
-1149.0185 1487.4998
-1181.2743 1513.7391
-1222.3548 1473.4452
-1207.2505 1584.5252
-1191.8588 1695.5695
