625.3914 -487.3046
468.4423 -470.7780
311.8812 -452.6250
155.8382 -443.9612
0.0000 -433.6608
-155.3927 -399.4812
-299.3212 -341.6266
-421.5869 -282.9366
-531.4229 -190.1817
-617.0208 -41.7900
-680.4825 106.2123
-693.9403 229.6333
-637.6103 360.5982
-542.8507 501.0951
-411.3195 651.9301
-254.9590 792.2495
-84.3798 867.6290
140.3358 890.4146
355.4654 895.0423
514.3916 901.0465
663.8716 908.7067
812.3695 929.4403
921.2243 971.2995
990.1123 1033.1840
1056.9182 1106.6770
1125.1348 1158.4160
1192.5924 1210.6422
1242.6797 1250.1309
1256.3675 1285.5863
1251.9804 1318.9315
1238.6387 1351.2167
1235.7038 1373.4432
1249.0284 1408.9005
1276.7567 1468.7842
1312.7108 1529.9072
1349.7059 1580.0998
1387.9392 1619.3684
1399.8965 1655.1059
1396.3002 1677.3033
1394.4970 1688.4013
1377.3055 1685.9667
1337.7499 1657.8147
1299.5812 1618.7451
1257.8367 1602.0672
1211.3289 1618.8953
1167.6099 1681.3577
1138.3622 1768.1462
1166.6324 1873.1649
1251.6025 1986.0428
1355.7746 2069.1045
1480.2309 2123.0413
1618.2939 2147.1766
1763.9575 2175.1435
1900.9901 2203.8442
