-833.6769 -477.1253
-957.2294 -447.3382
-1038.8696 -419.4556
-1120.2321 -391.0888
-1242.6431 -358.7767
-1354.5179 -213.8229
-1384.7733 -98.3162
-1381.6583 36.5229
-1360.3296 146.9889
-1313.3746 311.1212
-1256.3083 384.1781
-1211.6637 436.0552
-1179.1843 466.6814
-1093.2339 548.6564
-1012.1662 586.5677
-937.5336 670.1989
-921.5911 859.3224
-942.9417 1040.3246
-974.4493 1099.0969
-980.3374 1133.2680
-1088.6810 1154.7245
-1051.2309 1072.4424
-1067.3644 1006.5857
-1061.5222 972.3453
-1198.9812 918.5126
-1302.9988 839.6354
-1400.2326 749.2301
-1422.9450 797.1575
-1479.8986 872.1480
-1547.0979 801.5465
-1460.6845 801.7948
-1364.5543 880.5762
-1264.2702 925.5323
-1154.3016 981.4164
-1038.4866 1015.1127
-921.4676 1072.1480
-806.6418 1119.1581
-653.5076 1209.4893
-429.7701 1331.9676
-238.0108 1470.5373
-17.3223 1623.4633
314.0839 1795.3940
756.2601 2066.5001
1171.5407 2326.2592
1566.1106 2494.0073
1938.7447 2586.7178
2308.6837 2662.5916
2488.9342 2693.9825
