-1961.6848 -700.3423
-1993.3412 -696.3118
-2015.7275 -704.8039
-2036.8381 -702.0524
-2057.9452 -699.2713
-2080.3729 -707.6834
-2086.9323 -763.8051
-2105.3023 -829.7650
-2119.7882 -862.0497
-2133.0014 -883.1036
-2134.2762 -894.3387
-2170.4030 -832.4272
-2249.9135 -775.6090
-2324.0874 -764.8310
-2360.5462 -713.4835
-2419.2935 -669.9629
-2480.8944 -648.6667
-2535.7824 -581.9963
-2605.6815 -547.0249
-2654.4304 -515.3498
-2680.3504 -475.9305
-2702.3880 -413.8602
-2725.9523 -362.9886
-2745.3459 -289.4709
-2772.2342 -260.9950
-2776.4959 -225.1627
-2782.6900 -200.6033
-2792.9116 -198.5937
-2799.0330 -174.0159
-2792.8432 -140.1835
-2776.4474 -108.3876
-2751.9922 -89.8810
-2668.7488 -36.2135
-2583.9077 28.9576
-2455.5650 109.4288
-2316.4714 200.0662
-2160.9211 277.0855
-2086.4442 299.3161
-1839.9351 467.1474
-1536.9118 664.2033
-1117.1997 977.6958
-707.7920 1335.8074
-299.5219 1728.1429
0.0000 1945.9139
203.6588 2115.0331
401.0591 2233.1640
636.2896 2303.1560
