-2661.2989 -630.0453
-2687.6197 -590.6654
-2713.7528 -551.2008
-2731.0695 -524.8440
-2748.3012 -498.4497
-2782.5068 -445.5484
-2816.3646 -392.4973
-2876.7872 -310.5979
-2934.1723 -216.9458
-2992.6338 -134.1430
-3032.1738 -66.6509
-3081.7449 50.8180
-3119.7175 166.3649
-3117.0518 225.1591
-3114.1390 283.9347
-3108.3542 353.9622
-3074.7331 452.9478
-3005.8127 483.7770
-2925.5687 476.5612
-2857.5737 460.8348
-2801.6766 436.4419
-2728.4499 396.8975
-2673.7386 315.0265
-2650.9330 275.2539
-2630.0904 224.3276
-2626.6765 188.6489
-2643.0840 156.9264
-2709.3946 135.2439
-2783.6694 127.1368
-2835.8356 126.3915
-2898.0241 127.9993
-2992.5680 125.2868
-3084.8092 134.4729
-3159.6166 128.2440
-3232.1490 86.0198
-3292.3869 52.8599
-3347.8188 -5.3291
-3393.2566 -65.9983
-3420.8659 -143.0552
-3438.0170 -222.6796
-3465.1264 -299.9184
-3481.6634 -379.7108
