-228.9496 -1310.5904
-304.6089 -1264.9264
-369.4746 -1241.3999
-455.6464 -1205.9281
-542.1142 -1192.2552
-650.1355 -1177.3152
-768.8345 -1161.1832
-907.9693 -1120.7616
-1069.3255 -1100.0455
-1241.8902 -1088.0884
-1415.1435 -1085.4968
-1661.9986 -1051.3595
-1896.4027 -1003.4333
-2117.9389 -942.0901
-2327.5965 -878.9403
-2473.7923 -834.0243
-2580.0884 -817.1322
-2656.0373 -816.1628
-2733.6638 -826.1588
-2740.9935 -801.7037
-2736.0041 -767.7738
-2734.3303 -756.4656
-2713.1527 -760.1373
-2690.3191 -752.4773
-2665.8554 -733.4970
-2662.5437 -710.9058
-2681.9832 -695.9831
-2710.2162 -667.8837
-2706.7818 -645.2873
-2676.9189 -662.0971
-2639.7724 -703.2098
-2591.8131 -745.9298
-2522.3547 -872.4843
