249.7747 1949.2854
311.0772 1873.2190
382.4738 1786.7467
446.0885 1711.4879
520.0655 1625.9406
610.5302 1575.2809
702.0172 1525.3888
794.5047 1476.2653
887.9712 1427.9110
980.5500 1223.0369
1068.5132 995.4633
1126.6644 888.7018
1185.5336 782.0987
1283.2500 679.6620
1401.5716 579.9712
1534.0464 460.0168
1679.8275 331.1432
1846.5268 285.7031
1982.7367 317.3185
2070.0807 399.9182
2150.1797 516.8581
2221.7917 668.1115
2292.5699 808.9643
2360.4515 950.5652
2425.3429 1092.8868
2481.6586 1258.1537
2537.0294 1412.8990
2611.7577 1586.0932
2718.7907 1758.7949
2832.4777 1949.5136
2958.4914 2136.9166
