1187.4685 276.4541
1240.0300 247.6444
1319.1256 255.4087
1392.0701 319.3867
1493.5266 387.2884
1616.1961 436.3361
1737.9592 486.7111
1832.6146 580.1458
1912.2622 695.3275
1940.6580 814.5267
1882.1005 873.6656
1902.7724 865.5903
1916.0263 844.8495
1859.5100 778.4863
1836.0249 683.4073
1816.7694 554.9737
1849.9165 400.1829
1905.6677 294.2779
1979.9175 202.5476
2047.9784 155.7304
2111.2081 142.7128
2124.6643 121.9149
2123.2747 64.3612
2098.2116 26.0804
2076.2094 -34.5151
2063.9933 -93.5322
2071.8822 -149.5290
2120.5622 -199.4865
2219.3990 -161.3850
2320.8602 -75.9089
2455.3755 51.4841
2608.1043 231.5928
2769.9529 488.2428
2920.4007 712.5723
3124.0029 860.5801
3349.8120 1021.6803
3632.9280 1147.9928
3941.2719 1256.1310
4263.7271 1381.7146
4565.8373 1579.1482
4831.2618 1971.6541
5113.4037 2529.5801
