1024.7692 767.0326
948.0852 771.8337
874.1513 743.7493
807.7543 739.0453
714.9918 699.6042
621.5969 660.9291
558.4960 579.8131
599.2672 537.1379
703.4590 576.1242
774.4028 669.7827
826.7278 740.3511
888.6102 800.7836
958.1209 873.4893
1034.7746 958.6509
1119.2137 1045.3497
1187.6952 1097.4637
1267.3607 1128.8768
1376.9568 1142.0782
1495.5118 1157.6370
1626.5798 1153.6179
1733.9476 1181.5741
1854.0617 1189.9614
1944.8058 1205.8708
2037.6656 1211.4460
2141.9987 1208.4796
2255.6326 1208.3574
2339.7179 1214.5800
2420.0858 1197.1570
2437.1042 1165.7887
2458.0547 1076.6684
2429.7945 988.5582
2384.2328 885.5619
2297.0906 786.6403
2208.0201 688.6852
2126.6845 593.3728
2068.9453 526.0171
2035.3162 428.6825
1982.7367 317.3185
1943.5487 242.8041
1940.2088 196.6343
1966.6250 154.8606
2003.1018 114.5913
2092.9839 128.3739
