2467.5485 100.0436
2411.6635 124.5915
2352.0859 171.7221
2302.6959 220.7271
2265.3093 260.3303
2233.7659 266.3989
2204.1341 261.3421
2184.3731 258.0101
2166.4431 243.5200
2160.1911 219.5024
2153.8855 195.4923
2147.5267 171.4898
2124.6643 121.9149
2049.7282 75.8875
1987.5009 9.4719
1950.2951 -18.7077
1933.1472 -43.9336
1904.3010 -59.3396
1875.3930 -74.6732
1827.5471 -103.7957
1802.5987 -152.4746
1758.2623 -214.8024
1689.1273 -245.8250
1588.8901 -279.9006
1486.0753 -290.8766
1381.1520 -278.7923
1306.2861 -252.0600
1240.0544 -201.8003
1186.2171 -172.7404
1124.1286 -166.6115
1062.9287 -171.3591
1000.1687 -153.5636
875.1423 -117.1957
740.0661 -69.2037
585.2780 -9.7401
428.6063 151.4642
