-2632.6794 -223.6802
-2659.3599 -174.1119
-2697.8506 -134.3960
-2736.1394 -94.5444
-2754.4771 -68.8815
-2804.5330 -38.6999
-2861.8901 15.9897
-2930.9901 61.1780
-2980.3654 92.0581
-3073.2923 188.6718
-3163.0038 297.5959
-3267.7115 434.0830
-3364.0084 546.9887
-3452.8415 635.9731
-3537.9605 737.3220
-3636.4505 867.0337
-3717.9234 970.3818
-3787.7975 1072.2296
-3859.0511 1163.3040
-3964.4384 1239.7605
-4081.5242 1271.2216
-4165.9877 1269.6324
-4260.5100 1233.6189
-4342.2488 1206.6604
-4420.8704 1191.5580
-4526.0938 1159.1252
-4621.3817 1162.2056
-4713.2511 1177.5568
-4801.4898 1205.2650
-4924.8838 1258.2219
-5018.4656 1302.6478
-5066.8331 1385.2076
-5156.5618 1470.2490
-5221.6540 1561.1975
-5318.6136 1679.5049
-5347.8120 1773.0138
-5444.8080 1909.5565
-5520.2714 2040.0022
-5583.7960 2167.7254
