-2280.9328 -391.0876
-2300.2899 -366.1684
-2331.4537 -351.3360
-2339.9489 -327.5328
-2360.2855 -313.8216
-2348.4028 -303.7190
-2347.2515 -292.4117
-2356.8152 -279.8946
-2366.3624 -267.3687
-2377.0753 -266.1450
-2399.6879 -274.9953
-2400.8716 -286.3108
-2412.7781 -296.3912
-2455.6830 -291.3907
-2509.3002 -285.0101
-2529.4973 -271.0793
-2581.7859 -253.1395
-2608.6673 -203.7041
-2624.6641 -155.5631
-2629.8471 -108.7750
-2665.2911 -46.3753
-2688.3006 26.0766
-2710.8825 98.6239
-2755.5839 162.9469
-2799.7991 227.4974
-2874.7440 297.1247
-2961.1299 357.5829
-3057.1742 420.4393
-3113.5430 524.2579
-3156.6003 579.1302
-3213.1130 672.3174
-3270.7714 754.5321
-3325.0943 848.6205
-3318.2743 930.6553
-3293.5853 997.0882
-3261.3276 1049.9863
-3214.1678 1123.5594
-3218.9679 1148.3859
-3221.1434 1184.6010
-3225.7938 1209.4409
-3232.9868 1222.9097
-3273.9118 1267.6209
