-1792.2399 -539.2043
-2042.3844 -528.7276
-2260.0251 -518.7783
-2436.5232 -534.1914
-2580.7880 -552.1868
-2669.8696 -564.6210
-2714.4486 -570.7296
-2749.3761 -589.5024
-2773.4646 -609.6033
-2729.9745 -614.9467
-2657.8605 -554.5537
-2606.3607 -480.1963
-2575.2370 -391.9556
-2554.6801 -302.4868
-2593.7758 -263.1503
-2691.4780 -262.2302
-2864.1724 -250.6465
-3018.4114 -263.6253
-3159.1349 -254.3372
-3337.7440 -202.6955
-3538.7556 -156.9720
-3703.5314 -91.6372
-3827.0093 -44.3194
-3939.4286 1.9207
-4074.6491 41.7922
