-4323.2683 -515.7245
-4389.7604 -441.4115
-4453.6247 -354.7158
-4518.6964 -279.3360
-4580.9167 -191.5341
-4642.2306 -103.1678
-4675.5242 -45.6122
-4687.2976 7.0608
-4706.9087 74.2578
-4728.5716 129.6606
-4710.8040 212.9766
-4687.2481 319.9234
-4675.9739 417.5147
-4650.8444 524.1125
-4648.2487 624.2150
-4675.1716 732.7396
-4710.8314 844.4202
-4754.9653 959.4542
-4777.6120 1068.9101
-4791.6950 1202.1552
-4797.8166 1320.6194
-4825.4729 1433.8293
-4839.4070 1582.5311
-4819.3082 1759.7027
-4773.4857 1967.9329
-4710.1358 2156.7581
-4634.0640 2367.5387
