-2708.5023 -732.7439
-2705.2139 -698.5829
-2712.7711 -663.1254
-2710.5095 -640.3539
-2729.9745 -614.9467
-2745.8176 -555.3316
-2754.2550 -531.2004
-2783.0604 -492.9179
-2800.9143 -455.9523
-2849.6900 -403.2641
-2899.5096 -361.7686
-2949.0959 -320.0677
-3021.3430 -286.4969
-3102.5569 -239.5199
-3195.6559 -201.8615
-3274.4824 -142.3776
-3340.4142 -72.6439
-3373.9708 -7.9425
-3408.9431 45.4204
-3441.6795 110.4565
-3502.7965 133.4369
-3653.3215 78.1296
-3789.8567 44.5148
-3893.0373 16.7559
-4015.5196 5.2788
