-2097.5414 -671.2206
-2100.1679 -705.0524
-2165.6324 -698.9371
-2319.2822 -695.2237
-2482.8461 -677.9688
-2635.4035 -660.7527
-2728.8148 -603.5588
-2847.1157 -577.2129
-2943.5352 -553.0351
-3049.3075 -515.4010
-3156.1798 -488.5764
-3230.4517 -465.9773
-3336.9945 -438.0730
-3417.1107 -378.3658
-3527.2640 -301.1710
-3654.2201 -267.4413
-3798.8180 -277.3311
-3927.3640 -253.4247
-4053.8324 -216.9107
-4195.2110 -139.7706
-4337.3576 -11.5534
-4487.6346 121.3054
-4564.7319 226.7303
-4713.3640 301.5010
-4894.7924 374.6090
-5023.5116 435.6765
-5161.7813 501.1838
