-2265.5614 -130.1480
-2328.1871 -111.5673
-2446.4173 -108.9662
-2564.6904 -105.6890
-2661.7426 -104.5685
-2749.6419 -115.8325
-2855.9693 -100.9833
-2971.2770 -72.5381
-3052.9246 -36.8112
-3132.6068 10.8208
-3231.1812 73.9227
-3341.4197 128.1699
-3454.9607 160.3073
-3585.0503 220.3387
-3697.8165 254.3403
-3797.6470 298.6320
-3871.6760 362.4706
-3952.9577 440.7851
-3992.1762 510.4528
-4002.6013 610.4872
-4012.1102 710.5849
-4013.3626 796.6843
-4041.1950 901.8530
-4023.8885 971.3845
-4128.1997 1060.1643
-4263.4695 1109.1728
-4345.6466 1157.2868
