-2132.8488 -565.6105
-2241.3485 -554.8879
-2373.5724 -563.9278
-2496.1691 -584.8240
-2599.4499 -630.4419
-2784.3356 -608.2535
-2969.0515 -584.4473
-3150.8685 -536.0463
-3344.3957 -495.6831
-3532.7583 -418.6184
-3684.3038 -321.6747
-3884.5311 -261.4927
-4055.7655 -228.6210
-4230.7598 -217.6686
-4390.9602 -183.9572
-4546.5096 -125.0443
-4724.9146 -71.3359
-4913.2958 -12.9148
-5043.1100 58.1935
-5158.8741 140.0215
-5268.7117 196.0413
-5382.6241 280.4797
-5505.7693 369.5007
-5614.1255 469.1793
-5710.7282 567.0301
-5795.7150 662.7448
-5895.9042 779.1180
-6048.0002 903.5423
-6185.7867 998.3494
