-5798.8184 -17.2164
-5912.9580 -23.0905
-6011.0056 -6.7317
-6059.9731 75.6147
-6105.0884 171.0229
-6125.1247 272.5837
-6116.7551 392.3782
-6107.0276 512.0457
-6085.7345 627.9314
-6069.6358 759.6659
-6068.5156 800.6291
-6071.0279 829.1814
-6079.6449 873.9097
-6068.0194 911.0962
-6056.2751 948.2395
-6048.3796 972.9777
-6036.4377 1010.0486
-6028.4106 1034.7382
-6013.8764 1112.5490
-5980.5411 1210.9069
-5942.0395 1321.1744
-5907.6271 1447.1815
-5876.5825 1588.9064
-5862.4740 1710.0888
-5931.4994 1811.9924
