-2767.2353 -656.5320
-2842.2750 -635.6549
-2905.1109 -604.4600
-2963.9403 -538.7000
-2991.1896 -488.5378
-3000.6695 -475.6094
-3012.8237 -485.5575
-3028.9699 -529.8506
-3047.6477 -597.0825
-3119.3446 -645.4513
-3209.0559 -656.2293
-3275.7299 -658.3748
-3362.8443 -645.5857
-3462.2105 -642.3245
-3539.8318 -642.0776
-3617.4791 -641.5909
-3715.4112 -625.6523
-3844.3140 -591.9934
-4005.5106 -551.5463
-4103.0854 -533.6353
-4200.5872 -515.2351
-4370.0322 -457.6234
-4495.7274 -407.2820
-4608.1808 -346.2794
-4741.4777 -279.3982
-4884.7123 -208.5792
-5017.5369 -87.8908
-5174.6024 16.2283
-5311.6483 104.7570
-5484.5418 179.8300
-5620.5715 220.0832
-5729.3750 279.8054
-5830.3288 324.9421
-5930.1236 330.2771
-6040.3538 339.4929
-6157.7179 365.3492
-6257.6098 372.2397
-6388.6075 390.5714
