-3985.8588 -735.1068
-4017.0858 -717.6793
-4097.9925 -655.1730
-4165.8400 -582.3361
-4269.1197 -453.3636
-4393.9544 -330.4240
-4516.8435 -205.7667
-4614.1831 -72.3953
-4683.4005 81.0316
-4770.8952 240.8041
-4840.1944 372.5938
-4892.6207 475.7559
-4883.5176 600.6894
-4872.2759 686.8998
-4850.3080 770.0635
-4817.7822 850.1090
-4774.8674 926.9919
-4731.6760 1003.6725
-4674.9274 1088.9323
-4624.8251 1150.4742
-4591.3869 1191.4263
-4557.9218 1232.3193
-4518.1784 1258.5181
-4455.5404 1290.5215
-4399.2662 1337.1050
-4382.5871 1357.4644
-4395.7695 1348.7376
-4411.6086 1366.1963
-4456.3512 1392.5454
-4457.5062 1456.6782
-4444.9565 1529.4138
-4456.1019 1686.9117
-4360.6929 1874.1351
