-4606.5883 -210.5376
-4570.0013 -132.1082
-4503.5342 -72.9453
-4455.9608 2.7070
-4418.7211 80.5840
-4396.4534 137.1458
-4350.6834 200.5412
-4323.2113 280.4185
-4300.4086 336.6886
-4272.3568 416.3238
-4246.5709 484.1192
-4251.2937 559.2964
-4245.3097 631.9594
-4232.0901 777.1680
-4243.1601 904.1683
-4363.8907 974.0527
-4463.0141 963.8540
-4496.1003 960.5503
-4549.1577 962.9759
-4585.5101 948.0570
-4635.3990 962.4758
-4731.7072 965.3149
-4834.6931 983.5136
-4941.0722 990.5481
-5030.5486 1018.8419
-5129.7459 1051.0224
-5228.7033 1083.9937
-5350.9243 1112.6117
-5445.1078 1092.1448
-5516.3115 969.7052
-5560.0309 824.1448
