-4239.6317 -337.5930
-4282.6120 -328.9090
-4304.0958 -324.5293
-4325.5754 -320.1244
-4338.2726 -329.7265
-4350.9711 -339.3314
-4376.3717 -358.5493
-4392.9374 -391.8394
-4422.1434 -434.8026
-4471.0226 -461.5214
-4502.0260 -516.4958
-4541.9228 -557.4419
-4587.1571 -560.4337
-4632.4079 -563.3605
-4679.5383 -578.1895
-4726.6971 -592.9934
-4791.8592 -579.1037
-4840.3363 -531.2596
-4910.1634 -478.2882
-5011.9736 -417.3278
-5076.5955 -338.9925
-5094.5267 -195.3532
-5068.1808 -62.4005
-5024.5615 40.6750
-4961.9205 125.9286
-4927.8170 129.7523
-4903.9439 85.6933
-4895.3541 20.4244
-4933.5960 -58.3072
-4900.6117 -116.8059
-4852.0127 -153.6585
-4743.1527 -166.8677
-4621.4200 -170.0105
-4457.0107 -120.3629
-4411.9908 -56.4755
-4338.9682 37.9209
-4247.8219 54.5462
