1357.7161 -558.9564
1370.9990 -603.0267
1395.1644 -646.4316
1440.5610 -677.2711
1485.4169 -696.8562
1520.0454 -728.3042
1576.5959 -758.2464
1621.6471 -777.6478
1633.9025 -799.3115
1601.0494 -801.5895
1642.1946 -753.6757
1658.5103 -662.3679
1662.8669 -560.6135
1678.4492 -469.2319
1692.8338 -366.5875
1717.4610 -263.0137
1753.0824 -169.6475
1810.3127 -85.4387
1894.2362 -66.3142
1971.6875 -92.8335
2049.3229 -119.1288
2136.6680 -132.8100
2225.3042 -157.4521
2312.9468 -170.5040
2391.2662 -195.8021
2437.6778 -224.7185
2473.4639 -254.8714
2498.5780 -286.2978
2542.7087 -292.4528
2586.8683 -298.5308
2640.5025 -291.8214
