1285.7202 -641.7258
1133.7867 -661.0704
1013.9417 -666.7584
915.8679 -670.9365
818.1288 -685.8303
731.2007 -699.9398
655.1031 -713.3949
546.1688 -727.3904
436.9480 -729.7302
338.4996 -720.2673
240.1279 -710.3871
163.6555 -699.9417
87.2088 -678.1224
0.0000 -667.1705
-87.0956 -644.7631
-184.8327 -610.8090
-282.1761 -565.2969
-390.3419 -541.3980
-487.2420 -506.0692
-583.8533 -470.2859
-690.6310 -422.5627
-775.4253 -375.0527
-859.8447 -327.1569
-943.8789 -278.8695
-1038.2120 -229.6485
-1185.4325 -176.8879
-1343.2754 -133.4001
-1446.5901 -81.2774
-1560.8003 -38.8665
-1686.0485 -5.9900
-1810.9228 27.7802
-1924.8707 61.4025
-2039.6303 84.5457
-2164.6892 109.6245
-2299.9972 136.8666
-2411.2185 185.0899
-2521.8759 234.1519
-2603.8421 256.9761
-2685.6423 280.2239
-2746.4646 300.7780
-2815.8358 334.5400
-2967.8299 382.0599
-3121.1075 419.7103
-3315.1469 466.5218
-3537.0278 533.4758
