1020.3343 -554.7089
986.8950 -533.8817
975.6108 -523.2132
964.7771 -523.6923
910.6051 -526.0068
845.5922 -528.6067
802.6124 -541.3740
781.2829 -553.2939
749.0791 -565.5600
727.7007 -577.4214
705.9850 -578.1226
673.1079 -567.9993
640.2575 -557.8310
617.9971 -536.1835
595.7710 -514.5185
563.2811 -515.3783
541.8696 -527.0543
520.4367 -538.7072
477.2906 -550.8170
434.2982 -573.9645
390.8727 -574.7722
325.8780 -586.9474
271.8095 -609.9208
228.5228 -632.6499
185.1572 -655.2918
130.7565 -666.7928
65.4904 -711.5547
21.8577 -744.9967
-21.8758 -767.2357
-65.6544 -778.2727
-109.5132 -800.3474
-142.4245 -811.2901
-197.2022 -810.8920
-273.8893 -810.1190
-350.5739 -809.0941
-438.3862 -818.7405
-515.3007 -828.3070
-569.8824 -815.9078
-624.1627 -792.2422
-667.6812 -779.8910
-711.4521 -778.5904
-765.8483 -765.7077
-809.2620 -753.0753
