2821.7364 -545.7661
2809.6652 -535.7474
2786.7631 -527.1048
2763.8732 -518.4489
2728.9539 -499.7482
2706.0976 -491.0614
2671.2340 -472.3198
2615.9903 -467.5369
2528.3577 -466.4388
2463.5009 -473.8976
2387.8092 -482.3431
2311.0413 -479.2069
2235.3334 -487.1153
2148.7797 -495.8186
2051.3699 -505.1845
1932.2631 -516.0230
1802.2691 -527.0867
1662.8669 -560.6135
1523.1327 -593.1569
1371.6005 -614.2120
1219.3420 -623.0160
1055.6905 -620.1299
891.7380 -604.9230
728.0261 -588.5592
553.7103 -571.3042
368.6582 -541.7716
194.9092 -510.6292
21.6266 -478.1281
-161.8911 -433.0517
-366.0531 -374.9105
-526.2160 -315.8696
-611.4913 -291.2747
-708.0098 -288.2217
-794.5924 -307.4123
-892.0710 -325.8142
-977.9979 -321.9905
-1063.3782 -306.6557
-1084.8426 -305.5543
-1105.7510 -293.2706
-1124.9162 -247.4775
-1142.7582 -179.3271
-1161.0051 -122.3025
-1169.1066 -77.0319
