992.6508 -991.6770
905.1107 -1017.4120
795.3384 -1043.5269
696.4400 -1068.8102
607.8028 -1060.0052
584.6476 -1004.8784
572.3368 -938.3514
560.4722 -894.0873
526.8901 -861.4520
438.0318 -796.4878
349.5651 -731.2271
239.6136 -654.7795
141.1542 -577.7657
10.8284 -511.4947
-107.9279 -433.3901
-225.7642 -343.4971
-342.9771 -275.1598
-459.1919 -194.9957
-597.0343 -158.0118
-723.3636 -109.2960
-872.2073 -103.3754
-999.2058 -86.2644
-1136.0082 -56.5529
-1239.2846 -5.5221
-1353.3251 35.7051
-1457.1954 65.7093
-1563.4648 62.7486
-1690.8913 62.1833
