2041.8722 -392.5408
2030.1315 -382.3083
2029.1604 -371.0480
2062.4353 -379.2019
2106.5045 -386.2526
2139.8298 -394.3092
2163.4176 -414.6986
2196.7962 -422.6947
2215.2375 -386.6093
2178.7478 -344.8131
2132.6278 -315.3811
2098.3519 -296.0918
2020.2370 -269.7219
1920.8894 -245.1387
1800.3878 -222.0548
1691.7201 -208.7024
1583.2200 -194.8296
1485.5613 -179.6584
1388.7938 -175.2474
1302.0727 -158.5389
1216.1486 -152.6640
1130.2927 -146.4397
1045.0640 -151.0201
981.1305 -154.2178
928.3378 -167.8746
875.4802 -181.3842
854.1393 -182.2897
821.6922 -172.4644
799.9361 -162.1746
