3157.2941 -1013.1017
3021.7537 -995.3524
2896.3754 -964.2837
2794.2308 -941.6681
2703.2228 -917.5182
2568.3912 -897.9143
2457.5664 -898.1302
2345.0108 -875.2129
2265.5442 -848.7504
2174.3902 -811.8366
2085.0892 -797.2556
1994.2853 -759.8634
1903.6858 -722.2372
1833.5537 -660.1422
1752.7528 -598.8231
1683.8136 -547.7533
1625.8972 -495.7667
1579.6814 -454.1272
1522.0648 -402.0118
1496.8840 -347.5586
1504.6610 -302.0114
1523.0534 -255.6688
1550.3802 -186.0865
1555.2772 -106.8823
1568.7811 -4.4329
1572.1957 85.9971
1552.4877 197.0836
1532.5886 308.1297
1491.8359 417.4062
1460.4568 538.6894
1429.0164 659.9286
