2693.2022 -688.4893
2681.1942 -678.3951
2657.1890 -658.2051
2645.1920 -648.1091
2621.2095 -627.9149
2597.2428 -607.7177
2584.1539 -586.2592
2534.0462 -523.1658
2479.4111 -414.7597
2450.8884 -349.2742
2466.4077 -290.1261
2569.8013 -243.1273
2674.0946 -206.7982
2767.4028 -171.2579
2810.0571 -165.4068
2843.4886 -172.3494
2899.7450 -187.6329
2969.7139 -224.1123
3042.7866 -283.3787
3116.0122 -342.6303
3220.2275 -385.5403
3301.6314 -420.0366
3355.5528 -411.6729
3383.2522 -371.9962
3372.1756 -291.3290
3368.9489 -268.2909
