1105.7278 -774.3107
984.1538 -746.2735
862.8401 -717.6555
774.8401 -698.4985
697.5745 -667.5560
642.2536 -635.7671
586.8002 -592.7296
541.8696 -527.0543
508.4204 -483.3191
464.0584 -428.6533
419.8783 -373.9147
365.3307 -330.4147
311.2978 -309.0333
236.0415 -298.8939
160.9391 -299.6072
107.2933 -299.9514
53.6197 -289.0383
0.0000 -277.9877
-64.2120 -244.5294
-128.0887 -188.6297
-202.1557 -121.2991
-286.4839 -64.6532
-370.1128 3.4944
-442.8522 60.6605
-494.4049 106.4464
-535.1983 152.0906
-554.5011 208.3376
-553.8214 230.5950
-532.2700 252.2430
-500.9681 251.3732
-459.5144 239.1698
-407.8076 215.7072
-355.7491 203.5190
-303.8073 180.3566
-251.7336 157.3434
-199.7668 112.2370
-147.3712 89.5204
-84.3110 66.9009
-42.2044 44.5239
10.5572 33.3614
