2221.0929 -704.9893
2205.5664 -649.5758
2224.4923 -613.5485
2222.5697 -590.9584
2189.9773 -594.1846
2133.7860 -576.8906
2095.6153 -512.3501
2035.8724 -449.8786
1945.8120 -412.8431
1856.8860 -386.7854
1768.1525 -360.4387
1680.4383 -345.0133
1582.1128 -330.0806
1483.1998 -303.5440
1384.5241 -276.6134
1275.3870 -249.9466
1167.7276 -245.1028
1049.4469 -240.2621
931.7329 -245.9085
813.9899 -250.8796
695.8640 -244.0413
587.9237 -213.9761
512.3060 -182.5985
468.8732 -150.2466
425.7970 -128.9380
383.0155 -118.6683
329.6450 -108.4880
265.8468 -109.4346
223.4344 -121.0741
202.3738 -143.5407
