2392.1038 -527.6247
2281.6871 -516.5349
2194.0427 -514.0870
2149.7526 -507.0995
2094.6679 -501.0773
2027.8719 -484.6793
1961.1659 -468.1199
1895.4309 -462.6411
1839.6844 -444.8276
1783.1743 -415.6757
1725.9490 -375.2064
1658.9356 -346.7136
1580.5495 -307.6738
1524.5932 -278.0621
1468.0147 -237.1539
1410.1273 -173.7804
1362.3675 -98.4324
1295.7666 -57.9742
1240.6706 -27.8584
1206.8694 3.6660
1163.2570 23.4311
1130.9241 32.7274
1087.4460 52.6339
1054.5874 73.1937
1032.3149 94.3593
1010.6757 104.3914
988.4751 125.5936
966.3152 146.8136
944.1967 168.0515
932.5897 189.8231
921.0004 211.5979
909.4289 233.3758
897.3183 266.3004
934.8815 346.3839
1002.2969 439.4455
1049.6868 509.3200
1096.5677 579.3774
1144.5376 627.3092
1204.0476 653.8163
1233.7270 667.1585
1224.4175 655.2645
