1492.7046 -831.2418
1448.2758 -822.7923
1403.8753 -814.2688
1358.9571 -794.4852
1314.0957 -774.6360
1280.7498 -765.2944
1247.4263 -755.9118
1203.1960 -747.0614
1158.9961 -738.1347
1114.8270 -729.1314
1081.6073 -719.5383
1037.0592 -699.2436
1003.9030 -689.5535
970.7710 -679.8207
958.6307 -646.8290
946.5016 -613.8370
923.1117 -570.1498
911.4347 -548.3029
888.5274 -515.7483
876.4790 -482.7476
852.8341 -427.8874
819.6766 -406.8632
786.1905 -374.6570
796.9555 -374.2558
807.3252 -362.7079
838.3595 -328.0244
877.7651 -237.1069
907.9673 -191.1300
970.9893 -165.8810
1046.1724 -173.3299
