3086.6475 -370.2717
2953.2951 -354.3386
2929.0114 -334.4890
2796.0067 -317.8151
2552.1825 -279.8014
2299.7813 -251.9924
2063.0904 -265.5085
1858.5362 -273.4750
1705.8874 -252.6812
1565.0834 -241.2729
1413.7939 -229.7049
1263.3858 -228.2597
1155.8352 -223.3780
1080.4287 -216.2891
1015.2387 -197.2559
960.3268 -166.3878
916.2084 -134.9189
892.9808 -91.2939
891.5112 -57.8594
878.9438 -13.7571
877.4543 19.6740
865.4022 52.6307
863.3945 97.2011
850.3542 152.4395
879.1690 209.5901
907.7437 266.8081
851.8474 342.3152
702.8394 425.1807
