2337.1861 -647.7293
2260.9596 -655.4898
2196.5269 -673.2210
2142.9225 -689.7127
2088.3891 -694.7768
1979.2911 -704.5008
1870.1534 -713.6879
1771.8976 -721.4994
1673.6133 -728.8795
1554.0910 -748.5219
1434.4282 -767.4994
1292.7382 -787.0447
1139.4743 -795.0535
963.8738 -791.8066
799.3135 -786.8826
547.0767 -771.9107
305.9998 -742.9736
174.5657 -699.8608
54.4110 -633.7461
-32.5742 -578.1905
-130.0003 -522.2316
-227.1817 -488.0731
-324.5397 -486.8392
-422.0885 -496.2950
-530.2987 -493.9317
-627.6778 -491.3444
-713.8941 -477.5413
-821.2425 -451.4322
-927.9158 -413.6077
-1055.2530 -362.9809
-1171.2746 -312.0916
