427.6074 -217.9411
309.3745 -175.5615
191.6198 -132.5239
53.0543 -66.6463
-84.6020 0.1825
-231.8504 68.1075
-377.8127 148.3081
-512.6631 207.1480
-647.0295 255.8845
-801.9720 295.4124
-956.8551 325.1681
-1090.5139 355.0402
-1224.5410 374.7930
-1328.1283 382.0975
-1442.0208 390.8279
-1585.8592 414.1897
-1729.3930 438.7694
-1870.1429 487.0181
-1995.8327 569.0902
-2117.1677 674.8699
-2238.1519 770.6779
-2342.4527 831.0781
-2445.8745 892.3614
-2538.4124 952.9518
-2640.0490 1015.9498
-2762.6734 1072.0357
-2901.7839 1144.3866
-3044.3068 1243.0838
-3184.5468 1343.7789
-3312.8049 1444.2794
-3429.2380 1544.2575
-3561.7050 1723.9331
-3700.9376 1897.5075
-3827.9569 1971.9031
-3970.3427 2028.1467
-4106.7197 2071.9864
-4246.6861 2106.1317
