1864.5394 -793.2862
1810.5147 -808.8396
1755.7388 -813.0162
1700.2793 -805.8377
1644.8530 -798.5417
1554.7272 -759.7278
1464.8243 -720.6584
1364.2501 -681.9840
1253.0625 -643.5664
1153.0603 -604.1369
1042.9658 -576.0102
933.1240 -547.3960
823.9197 -529.4303
714.8898 -510.9520
606.3204 -503.0891
498.0679 -505.8251
389.8042 -508.0238
281.6618 -520.8080
173.4919 -544.1730
65.1191 -566.9992
-43.4518 -589.2915
-163.0156 -599.8578
-282.4299 -587.5414
-390.5196 -552.5227
-498.0679 -505.8251
-605.4724 -469.6931
-723.3389 -432.6341
-830.4569 -406.4474
-970.1120 -389.3932
-1130.5637 -359.0952
