2978.9863 -675.9788
2901.4876 -674.4182
2832.5736 -648.4365
2754.0432 -635.0727
2651.5889 -601.3377
2549.3587 -567.3126
2436.5232 -534.1914
2325.0050 -511.9810
2212.6900 -478.0341
2113.4156 -465.1649
2035.8724 -449.8786
1969.2279 -433.3789
1903.5721 -427.9591
1836.2190 -399.8863
1759.0888 -383.7829
1669.6872 -345.8663
1581.3327 -318.8771
1503.1554 -279.6215
1425.9461 -251.3411
1339.6088 -245.8849
1264.0352 -239.4317
1211.7701 -264.9742
1146.9085 -257.4642
1081.5452 -238.6047
1006.1272 -231.2408
930.2891 -212.4649
844.3539 -205.0193
768.7666 -185.6870
672.3521 -177.9457
575.7173 -158.6282
479.5275 -149.9970
383.4290 -140.9167
276.7797 -131.5349
159.5976 -121.6817
53.1708 -111.1247
-42.5135 -100.0305
-148.7960 -99.5228
-223.1915 -98.8319
-286.7997 -86.8974
-350.5271 -85.8805
-403.6306 -84.8777
