2847.1157 -577.2129
2716.7855 -593.4978
2597.2428 -607.7177
2488.5099 -620.0611
2391.6192 -642.0220
2261.9108 -666.7925
2131.1269 -679.4541
2011.1869 -690.3757
1913.0175 -698.8269
1846.7825 -692.9784
1779.8367 -675.7225
1691.1914 -659.9481
1579.5235 -622.9966
1447.0734 -598.2236
1325.7590 -572.1109
1193.3260 -534.8354
1094.7673 -517.5875
1039.6514 -497.9124
974.2623 -489.7570
919.7388 -480.9607
843.6377 -472.8873
800.0172 -463.3839
745.2777 -443.0356
689.9667 -400.2917
667.1089 -356.4393
644.3141 -312.5732
631.6505 -246.1044
629.3432 -168.1774
616.6869 -101.7143
604.3921 -46.3830
581.5550 8.6321
527.1856 62.7740
473.6492 94.7892
420.5350 115.8144
356.8257 147.9024
303.9909 169.2343
240.6618 201.6921
167.2144 223.1375
