1934.0024 -538.5228
1863.0274 -612.4986
1779.8367 -675.7225
1672.9201 -717.6601
1564.3771 -736.5757
1498.2012 -729.7401
1431.4696 -711.5362
1374.5673 -670.1405
1317.8034 -628.6568
1262.2966 -609.4323
1217.7331 -589.5022
1162.3793 -570.0736
1106.6072 -539.3669
1028.8290 -498.4253
940.9275 -468.8850
853.2403 -439.0315
754.9913 -409.2434
624.0817 -357.7519
504.2341 -294.1415
396.1556 -251.9575
288.4953 -209.2412
170.5122 -154.9558
42.5135 -100.0305
-105.9905 -44.1942
-253.6554 12.7644
-348.1682 47.5995
-452.8671 83.1562
-557.5034 108.1779
-662.2622 122.6594
-808.8699 139.4671
-955.8209 146.2830
-1123.6928 155.4739
-1281.7549 154.2832
