1316.6513 -606.2965
1227.5014 -566.5616
1138.6103 -526.5438
1027.8735 -476.1141
917.5712 -425.2199
808.1139 -384.9906
710.1335 -355.0388
623.4649 -335.4870
537.2213 -326.7266
451.5041 -339.8728
344.1838 -353.0237
225.8760 -354.6183
107.5083 -344.4309
-21.5017 -344.6938
-150.5855 -355.2883
-269.0305 -365.2370
-376.8184 -374.7223
-462.7096 -361.8931
-537.4887 -337.8557
-600.7663 -291.5862
-663.7580 -245.0979
-736.7484 -186.8684
-788.4337 -140.3128
-840.3159 -104.7376
-892.0028 -69.0042
-955.1437 -54.8987
-1018.7665 -51.7323
-1082.9767 -59.5169
-1147.2446 -67.1044
-1222.1840 -73.8469
-1319.1394 -90.1035
-1406.3895 -117.8607
-1493.8678 -145.3003
-1602.0581 -159.5529
-1729.9356 -149.0396
-1837.4170 -150.8770
-1923.6485 -154.1994
