1794.7944 -154.6981
1781.3091 -121.9687
1768.7771 -100.4647
1757.2028 -90.1806
1745.6362 -79.8934
1723.4647 -70.5249
1702.2379 -72.3512
1670.3943 -75.0471
1650.0565 -88.0228
1640.3186 -100.1037
1630.5653 -112.1768
1611.8664 -147.5039
1592.2347 -171.5942
1561.8651 -196.4722
1530.6220 -210.0900
1499.3384 -223.6505
1468.7644 -248.3447
1478.7128 -236.3897
1488.6467 -224.4271
1499.3384 -223.6505
1530.6220 -210.0900
1583.2200 -194.8296
1614.4084 -181.1179
1656.2185 -166.4819
1697.9723 -151.7453
1718.3735 -138.7312
1728.1042 -126.6054
1736.8892 -103.2541
1745.6362 -79.8934
1719.6901 -25.6660
1663.0288 14.6197
