2305.7236 -422.6816
2236.7778 -384.3585
2167.9967 -345.9195
2119.8055 -293.9257
2071.7190 -241.9133
2023.7433 -189.8795
1977.9591 -160.3177
1923.6485 -154.1994
1881.0189 -158.1995
1848.0714 -149.9074
1855.7753 -115.2349
1851.7894 -70.3102
1829.5688 -61.0455
1816.9733 -39.5676
1824.5429 -4.9119
1842.6011 30.7499
1858.4194 88.9037
1839.4707 64.4303
1819.4241 51.2132
1831.0086 40.9800
1863.7172 32.7592
1855.2398 9.2937
1834.0982 7.3013
1811.9405 16.5564
1747.5519 21.9994
1692.8169 39.7638
1637.2408 68.8548
1580.8884 109.2547
1525.6228 138.5649
