1501.9367 -425.9282
1383.2351 -433.8919
1242.9012 -442.4467
1114.3645 -471.8461
1007.1836 -499.4350
921.8606 -536.7033
869.6128 -594.6346
805.4825 -630.5089
730.2635 -666.5252
665.1698 -679.6745
599.7574 -681.4965
545.0097 -671.7407
522.7605 -649.9963
489.6648 -628.4741
401.9095 -585.7033
325.2897 -542.4548
270.5786 -498.7005
205.2562 -454.9253
107.9794 -444.5100
53.9123 -411.3539
0.0000 -366.9438
-32.2205 -322.4410
-117.6607 -233.1738
-213.2526 -165.6733
-265.8468 -109.4346
-338.9650 -30.4484
-443.8713 16.1581
-559.4537 41.4032
-685.2823 67.7301
-801.1910 72.1892
-935.9405 122.9468
-1102.7134 154.2431
-1280.2248 176.6224
-1470.5065 167.9906
-1637.1800 192.9845
