1720.8823 -454.6204
1655.2879 -448.4664
1534.3027 -423.6406
1403.4855 -410.1204
1283.0165 -384.0361
1162.2650 -346.1823
1041.9127 -307.7348
921.5022 -257.5357
801.6233 -206.7358
692.5822 -143.8250
583.8378 -69.2792
486.6886 -5.0898
368.8393 70.2368
273.1988 124.2682
156.9559 200.8065
52.1257 266.9415
-31.1770 322.4923
-114.1687 345.0622
-207.1744 379.2488
-300.0037 402.8002
-382.5005 415.4926
-455.4466 394.9285
-518.2094 374.3487
-591.1153 365.4391
-653.7321 356.4397
-726.7969 348.0602
-789.0544 350.6510
-851.3023 353.4558
