1050.9582 -508.5513
973.8089 -478.6051
896.8449 -448.4243
798.4991 -418.8194
700.4044 -388.8048
580.7656 -347.8460
461.0939 -284.0071
331.4049 -219.7183
191.8257 -154.7653
21.2451 -88.9448
-137.7102 -32.8783
-285.1974 24.3234
-421.5227 71.3146
-556.8442 130.4358
-681.6484 167.9341
-816.4135 206.7546
-961.6485 235.9941
-1116.1829 278.2038
-1269.2200 332.9766
-1421.3174 389.1862
-1571.4083 458.0444
-1730.5160 529.4185
-1878.0171 601.4099
-2024.1729 674.9559
-2168.9340 750.0797
-2330.6746 840.9116
-2498.4776 946.6776
