21.4696 -311.3352
0.0000 -322.4657
-21.4911 -333.5743
-32.2526 -344.6801
-53.8074 -366.8755
-75.4772 -411.2888
-86.4655 -466.8468
-54.1169 -500.3108
-43.3336 -522.5741
-183.9101 -488.4816
-312.9819 -431.3837
-409.7106 -407.5002
-506.4868 -394.2935
-635.4612 -379.6979
-764.6598 -375.4428
-904.1521 -358.7957
-1043.4673 -341.2020
-1234.4418 -286.0517
-1424.4882 -228.9679
-1519.1503 -199.6892
-1625.0783 -180.2698
-1753.9972 -180.8681
-1874.2487 -204.1261
-1963.6944 -241.1136
-2042.6836 -278.8865
-2121.8909 -316.4696
-2201.3096 -353.8682
-2311.0507 -364.9988
-2441.3011 -361.8428
-2583.5736 -367.9494
-2715.2355 -374.5671
-2833.6099 -359.0922
-2962.6508 -341.4084
-3103.7979 -332.7557
-3246.4825 -334.6593
-3376.9640 -325.8943
-3507.4520 -316.3315
-3657.6836 -290.6314
-3805.9276 -252.0977
-3928.6434 -193.0308
-4029.4201 -137.1105
-4101.8898 -110.3701
-4172.1143 -71.5360
-4250.4937 -18.2643
-4326.1541 47.3452
-4414.0412 104.1864
-4503.8126 149.9130
-4580.2191 205.6001
-4656.1171 261.8755
-4754.9691 312.2386
-4863.7031 366.2238
-4964.4127 406.3955
-5051.5236 456.4296
-5097.0463 495.2122
-5125.9123 555.2522
-5161.3588 630.5701
-5192.8049 718.1975
-5219.9148 818.1254
-5239.3503 903.0678
-5277.8394 994.8124
-5315.2088 1086.9605
-5341.6228 1176.0464
-5351.4656 1246.3991
-5359.0336 1289.3489
-5370.4223 1320.3631
