1559.8552 -320.4837
1413.7939 -229.7049
1279.3948 -137.5508
1135.3807 -45.3924
970.2948 68.7753
816.9102 195.6150
655.4029 311.9118
507.1881 396.3092
350.5613 459.3511
215.9509 501.6995
82.0447 545.0484
-40.9375 578.2627
-143.0797 601.0459
-234.7241 624.2946
-336.2891 648.2361
-457.8937 673.3277
-559.2093 687.4979
-640.0471 701.5040
-710.0885 726.6093
-758.5425 773.3634
-786.5134 819.3133
-814.2720 865.3272
-831.8034 910.8877
-839.2002 955.9526
-817.3065 988.3272
-786.1836 1009.0905
-756.3549 1007.6394
-726.5231 1006.2447
