2817.2556 -950.5255
2731.1143 -856.7836
2635.1692 -775.7338
2529.5689 -707.2126
2426.3147 -661.1933
2314.4297 -638.6626
2201.7956 -604.4061
2065.8993 -549.2404
1930.5083 -493.5245
1807.2888 -447.5648
1706.0523 -399.3807
1605.1716 -350.8664
1504.6610 -302.0114
1415.2406 -252.0761
1315.4882 -202.5552
1216.1486 -152.6640
1106.6067 -102.9826
998.6592 -75.1130
880.9048 -58.3329
763.3727 -40.8892
646.4306 -33.9106
519.0061 -26.5332
391.7018 -18.3434
253.9434 -9.4787
126.9743 -10.7093
10.5872 -22.2362
-95.2310 -10.8888
-211.5015 1.1408
-317.0643 13.6898
-443.6178 27.2837
-570.3335 30.5802
-697.0250 34.7030
-823.6867 39.6535
-960.8638 45.9528
-1109.1746 42.6706
-1247.0360 39.8226
