2420.1315 -593.2148
2338.9566 -544.7647
2247.1692 -497.2983
2187.0280 -435.0803
2148.5570 -370.6700
2122.9272 -327.7422
2098.3519 -296.0918
2086.5918 -285.8996
2085.5550 -274.6333
2117.7030 -271.3835
2148.7718 -256.8070
2157.3067 -233.1414
2156.2137 -221.8661
2155.1164 -210.5912
2142.2348 -189.1655
2128.2504 -156.4724
2102.5072 -113.6363
2055.5599 -73.0104
2000.3156 -55.9158
1946.2235 -49.9459
1892.1731 -43.8436
1827.5695 -38.5910
1784.2003 -31.2407
1739.9028 -12.5907
1695.6795 6.1324
1661.1536 37.0336
1635.3565 91.2614
1608.6472 156.6833
1582.9274 210.8982
1558.2112 253.9173
1489.1098 327.0775
1427.9523 434.7189
