1260.4083 -800.0232
1172.7930 -804.5919
1073.7764 -798.1738
919.3317 -771.2795
775.4947 -720.7798
653.9871 -668.8568
543.5831 -604.9618
444.5498 -540.3704
345.8493 -464.2587
258.3965 -376.4925
171.5813 -288.4013
96.1678 -211.0452
10.6514 -144.5508
-85.0268 -99.8951
-190.9929 -65.7998
-264.8215 -31.5825
-349.1635 -8.0170
-422.7379 15.6895
-506.9784 28.8287
-622.4086 54.4606
-737.9714 69.6703
-883.3987 120.4456
-1028.6607 161.2715
-1194.9552 193.4554
-1361.5614 216.0201
-1526.9108 251.3195
-1681.2891 287.2565
