2008.5160 -259.5059
1995.7928 -238.0347
1983.0754 -216.5651
1970.3639 -195.0969
1946.9923 -174.6534
1905.3082 -189.9282
1863.5667 -205.1007
1821.7683 -220.1712
1779.0054 -223.9156
1725.5413 -228.4679
1671.2103 -221.6660
1616.0868 -203.5285
1561.0526 -185.2727
1484.0007 -157.2754
1407.1428 -129.0442
1330.4832 -100.5759
1264.6397 -71.1959
1187.7151 -31.1171
1111.0689 9.1963
1044.6554 61.4678
1000.1575 103.8401
966.8897 135.6656
923.2317 167.0172
880.2373 187.3045
837.3331 207.6763
784.0725 227.6919
730.9281 247.8441
677.4780 279.2672
613.8068 310.4740
539.6273 352.6975
455.1489 406.0539
371.1795 459.7692
318.7746 503.2583
287.5373 524.9713
246.2952 535.4677
225.4616 557.4330
256.0270 568.9790
286.9457 558.3366
307.8628 536.4418
329.0564 503.4471
350.3270 470.4741
