1801.2961 -368.9491
1769.0070 -371.6644
1715.1834 -376.0779
1661.3495 -380.3520
1585.9653 -386.1019
1521.3355 -390.8137
1456.6926 -395.3260
1412.9107 -387.0364
1369.1629 -378.6668
1325.4494 -370.2169
1271.0114 -362.3344
1215.4195 -331.9850
1139.6347 -325.0290
1053.6949 -329.5109
968.6937 -355.9401
883.0688 -370.8492
871.8784 -360.1493
860.2715 -338.3010
848.2542 -305.3066
803.6960 -262.4387
758.8894 -208.3628
714.6458 -165.3558
659.5609 -111.4938
615.6738 -68.3196
561.0476 -14.2433
506.6877 39.9562
463.1257 94.5327
398.5601 159.8612
334.8250 203.1344
250.8172 224.0718
177.5555 234.3543
93.9429 244.8662
-10.4381 244.6321
-104.1858 278.2812
-197.3243 334.6507
-269.1472 391.1885
