1581.3327 -318.8771
1591.2823 -306.8610
1578.9736 -285.2679
1556.7469 -275.6809
1536.8499 -299.6705
1549.1158 -321.2786
1569.8164 -308.4810
1569.0354 -297.2791
1557.5287 -286.8813
1535.3115 -277.2740
1501.6377 -257.2325
1457.3163 -237.9125
1413.0662 -218.5196
1358.2092 -199.7648
1302.7603 -169.7136
1237.4591 -151.3731
1172.8998 -144.0135
1108.3955 -136.4596
1032.7479 -118.1054
946.0966 -88.8502
849.0844 -59.7192
741.7640 -30.5589
614.3054 -23.7938
486.9632 -16.2168
349.3604 -19.1403
222.5764 -43.2265
84.9336 -77.6556
-53.1708 -111.1247
-191.7229 -143.6446
-341.1947 -163.9267
-490.9640 -183.1236
-630.0088 -190.4420
