1612.8532 -631.8853
1523.1327 -593.1569
1419.5796 -498.9159
1295.0320 -405.7365
1183.7676 -344.9876
1062.3095 -284.3417
952.6473 -233.7829
854.5885 -193.4329
756.4850 -141.5343
637.2476 -78.7838
508.4165 -26.8091
380.4698 14.8210
253.0734 57.2503
147.3712 89.5204
31.5427 111.2211
-73.5122 133.5758
-188.8027 156.6126
-314.2824 180.5281
-418.7735 193.6882
-512.3495 218.2754
-595.2376 243.0111
-677.9013 268.1341
-760.3364 293.6471
-863.3260 320.5205
-977.0145 337.4137
-1060.0707 342.0493
-1142.3733 358.2242
-1214.9598 362.9331
-1307.4144 380.5885
