1834.3312 -671.3812
1657.0903 -639.9348
1502.7197 -617.0284
1392.7360 -601.6813
1283.4739 -597.0171
1184.6166 -580.0926
1064.2024 -563.8204
965.6564 -545.9953
867.2639 -527.7615
779.8558 -508.7323
703.7361 -500.1667
627.6778 -491.3444
562.4972 -481.9874
508.1823 -472.1908
443.1082 -462.4868
378.0909 -452.5923
313.1312 -442.5065
237.4378 -432.3504
150.9534 -410.8896
64.6947 -411.3241
-32.3474 -411.3974
-140.2387 -422.0831
-248.1111 -421.1070
-356.1484 -430.7120
-485.4063 -417.0490
-603.7438 -402.9020
-765.0323 -386.5819
-914.4596 -347.1861
-1074.1105 -306.1077
-1223.1018 -275.5148
-1382.4166 -243.0647
-1530.6220 -210.0900
-1668.6228 -188.0315
-1786.0050 -178.0874
-1891.6771 -157.2082
-1986.5322 -136.7766
-2081.2352 -115.8508
-2184.0654 -70.7171
-2287.6845 -36.1975
-2379.0919 8.9930
-2480.6142 56.0985
-2583.1091 92.5707
