2681.8827 -574.6875
2567.6816 -530.7428
2433.2629 -500.2055
2266.7490 -472.4605
2124.2226 -464.1083
2005.3197 -475.4245
1895.4309 -462.6411
1775.7156 -461.4801
1666.0873 -447.6357
1579.6814 -454.1272
1500.5081 -403.5358
1423.6815 -386.3193
1359.0517 -390.5392
1294.4103 -394.5603
1229.7577 -398.3829
1144.0865 -414.3354
1058.3122 -429.9237
973.3536 -467.4533
887.7071 -493.4554
813.0831 -529.8340
727.3738 -566.2836
630.2568 -591.5421
532.7133 -605.2237
424.1970 -618.6773
304.4250 -609.5004
162.9429 -588.7374
0.0000 -555.9754
-162.4249 -510.8945
-324.2352 -464.5931
-474.3925 -406.1634
-613.3245 -358.0663
-750.9024 -286.7210
-867.0667 -237.5595
-972.0140 -188.1812
-1066.9396 -161.0653
-1129.6894 -135.2789
-1192.9234 -120.4354
-1234.8109 -106.6977
-1277.3354 -104.0340
-1330.4832 -100.5759
-1394.2483 -96.2373
-1457.2084 -80.5046
-1531.5252 -74.9336
-1595.2086 -69.9338
-1638.5464 -77.6910
