-313.1312 -442.5065
-388.7078 -441.2760
-464.2799 -439.7801
-529.0519 -438.2866
-604.6135 -436.2974
-690.9611 -433.6984
-777.2984 -430.7515
-863.6241 -427.4564
-960.7250 -423.3325
-1121.4400 -393.1520
-1269.7659 -339.9871
-1427.3924 -273.7151
-1573.3577 -206.8547
-1676.6612 -153.5205
-1779.4055 -99.5234
-1871.9961 -57.0910
-1964.1885 -14.1197
-2077.0905 31.6367
-2200.0074 79.3987
-2293.4567 101.7448
-2386.7314 124.6059
-2460.2601 133.9478
-2533.7514 143.5877
-2586.2216 150.6565
-2640.1966 146.5373
-2694.2097 142.5529
-2746.6822 150.0641
-2809.6207 159.2810
-2874.1830 157.3369
-2928.2946 153.9696
-2982.4418 150.7368
-3066.3475 164.1220
-3150.1913 177.9086
-3319.5957 195.2184
-3490.9347 202.5680
-3601.6639 187.7110
-3691.6474 169.2289
-3781.8037 151.0219
-3861.6264 130.9554
