1912.2181 -687.5768
1810.9949 -650.6619
1710.0279 -613.4166
1609.3264 -575.8328
1508.2168 -526.7039
1429.7429 -487.0194
1340.6930 -447.8036
1218.3937 -387.8311
1097.2099 -338.4739
986.7527 -276.8803
888.0042 -225.5035
789.6941 -173.7316
692.2106 -132.6901
595.1033 -91.2265
498.9350 -71.5886
392.5772 -62.8408
297.0936 -64.4974
222.8238 -65.4686
148.5509 -66.1622
63.6652 -66.6151
-21.2217 -66.7057
-74.2760 -66.5783
-137.9403 -66.2386
-212.2136 -65.5847
-296.9290 -53.3751
-371.1535 -52.1247
-445.3728 -50.5961
-540.4872 -37.0930
-634.7656 -0.8580
-697.0250 34.7030
-770.0280 59.7659
-853.3707 85.5891
-947.0060 112.3176
-1041.0021 128.3861
-1145.3523 145.5686
