2819.9466 -430.3434
2705.7394 -387.3138
2581.1164 -345.2489
2459.2727 -325.3693
2337.6715 -304.9202
2228.1407 -294.0399
2129.4769 -281.5612
2020.2370 -269.7219
1921.8592 -256.3816
1812.9249 -243.5732
1738.0034 -250.0084
1661.3697 -233.7431
1573.3577 -206.8547
1496.2305 -178.8776
1429.1908 -138.7323
1361.6291 -87.2532
1283.7418 -36.3196
1194.9432 25.3464
1095.4508 97.8554
996.0044 181.8895
886.3403 276.9414
756.9520 371.6012
639.5824 456.2514
534.2988 519.6128
429.7960 583.5383
346.9695 626.1940
274.7596 669.3865
