2472.0528 -450.0010
2414.6974 -422.1393
2387.4990 -367.9673
2371.0211 -312.6107
2323.5047 -272.2057
2213.0099 -250.0399
2123.0589 -213.9330
2022.6972 -178.6243
1891.6771 -157.2082
1752.1640 -158.4271
1670.3512 -210.4542
1598.8061 -261.2225
1569.8164 -308.4810
1517.6430 -334.8265
1431.6626 -340.8417
1344.3340 -324.1404
1289.9853 -316.3312
1256.5173 -295.9424
1211.1533 -253.8063
1143.9555 -201.6513
1062.9276 -82.9733
961.9629 23.6561
821.3043 95.3557
682.0578 156.8005
574.0034 253.4849
456.9207 339.3009
300.7844 358.3118
134.8396 356.3241
-31.1371 344.7313
-207.7093 334.7658
