1923.8087 -856.3604
1854.3293 -805.4036
1785.0138 -754.3532
1726.7829 -702.3807
1691.1914 -659.9481
1669.4044 -661.5667
1657.8020 -651.1512
1644.7819 -618.3036
1620.8998 -586.2543
1597.7592 -565.4086
1574.6440 -544.5518
1552.2574 -534.8867
1519.0517 -525.9571
1485.8701 -516.9855
1441.2243 -497.4972
1407.4558 -477.2418
1363.5677 -468.8171
1319.7129 -460.3131
1275.8916 -451.7297
1253.6979 -441.8216
1232.1042 -443.0665
1188.9134 -445.4906
1134.9186 -448.3978
1091.7181 -450.6254
1037.2217 -442.1311
971.5129 -422.8470
916.6913 -402.9242
872.7306 -382.4392
828.4363 -350.7345
794.9902 -318.5527
771.9558 -274.7982
749.3703 -242.1690
726.8369 -209.5243
724.9219 -153.8414
733.5976 -97.7732
753.1937 -52.4328
784.1290 -28.9209
858.2589 -25.8343
923.8379 -67.5513
947.1254 -111.1466
959.3057 -144.0893
957.2402 -99.4932
955.1437 -54.8987
975.2688 -31.5668
1007.0442 -29.9710
1082.3788 -48.3601
1169.1066 -77.0319
1224.1789 -107.3494
1278.7110 -126.3784
1309.9317 -113.1510
1318.4217 -78.9282
1316.2527 -45.4033
1302.7475 -1.4113
1267.4174 52.3578
1222.3991 94.3111
1125.0283 133.1576
1028.0443 172.4232
983.7385 214.7857
949.4420 268.8979
925.6815 323.5654
912.3634 378.7621
