1808.2810 -187.4322
1763.7464 -168.7251
1709.5261 -162.0643
1656.2185 -166.4819
1592.2347 -171.5942
1464.2218 -181.2030
1314.1150 -180.2031
1186.0550 -188.0532
1068.6267 -194.5350
959.8172 -155.2385
861.5771 -103.8352
786.3012 -84.6161
710.7787 -53.9984
624.5423 -12.3291
538.3478 40.8072
410.5064 93.3369
283.3678 146.6652
157.0515 189.6863
20.9021 222.4018
-104.2511 267.1614
-228.6250 323.8927
-310.9542 369.6087
-392.8366 415.7157
-504.8452 474.1966
-616.4646 522.3039
-727.4186 571.1704
-848.4905 610.1660
