1786.9081 -618.7013
1774.4859 -597.1050
1729.4967 -578.0707
1660.6280 -526.9668
1565.9212 -410.1002
1451.7264 -316.9909
1338.2345 -223.5278
1182.9187 -132.2281
1040.5460 -61.7850
901.1166 -35.0897
762.0908 -7.4758
644.2402 32.8846
537.1011 85.3209
430.7913 127.1735
303.9909 169.2343
146.4029 211.8422
-20.8633 255.7604
-187.2961 301.1799
-353.0907 336.9976
-517.8732 385.4760
-671.8475 423.9924
-825.6905 452.7498
-979.7016 471.7402
-1133.4230 492.1041
-1296.2389 525.7720
-1458.4701 561.0477
-1589.4252 595.1006
-1709.6892 629.2245
-1820.5912 651.9888
-1921.0707 674.3794
