1091.1426 -685.5354
1090.6773 -674.3741
1101.5765 -673.8473
1101.1044 -662.6852
1098.7107 -606.8763
1084.9250 -540.4458
1039.6514 -497.9124
984.6223 -478.1178
940.9275 -468.8850
930.1183 -469.3514
919.3090 -469.8124
907.6444 -447.9729
895.9930 -426.1309
808.8962 -407.2735
721.2435 -365.8119
655.3771 -323.3742
579.3157 -292.1927
492.7549 -261.0153
406.8612 -251.7497
310.1868 -231.1746
192.2328 -199.2480
85.3023 -166.6135
-10.6342 -111.1923
-74.3170 -77.6980
-116.6543 -55.2546
-169.4887 -32.6311
-211.7406 -21.1010
-264.3740 1.7826
-306.6706 2.3988
-349.3604 -19.1403
-423.6947 -28.8110
-476.9135 -38.7292
