1822.8200 -367.1110
1651.3741 -392.4022
1468.1703 -405.7804
1381.2602 -400.3387
1294.4103 -394.5603
1228.5697 -376.0420
1162.8356 -357.3471
1053.6949 -329.5109
934.1019 -301.6496
824.6949 -250.4555
715.0246 -176.4919
583.1915 -47.0187
442.3372 82.9116
272.2161 190.9987
83.4010 267.0559
-41.6221 300.2738
-166.1688 334.3408
-310.5504 391.8533
-443.6341 450.2958
-535.3846 486.2303
-626.7344 522.6673
-687.4073 547.2401
-747.8957 572.0394
-868.3083 622.3235
-987.9505 673.5303
-1154.9551 762.5458
-1311.8340 830.3560
-1381.2551 847.2953
-1450.5372 864.5516
-1479.5463 878.4305
-1509.6459 881.1931
-1529.7091 883.0663
-1538.5705 895.1920
-1535.0430 928.7287
-1531.4858 962.2626
-1622.4969 959.9275
-1732.2000 971.4358
-1841.8097 983.7179
