3103.4480 -507.7996
2963.9403 -538.7000
2868.8290 -574.4200
2769.9096 -575.4154
2631.5238 -511.6856
2487.3715 -494.1075
2364.0226 -462.0750
2243.0667 -452.1169
2144.8450 -450.6991
2056.5149 -436.5659
1968.3045 -422.1260
1868.5480 -397.0826
1770.7055 -394.1166
1672.9203 -390.7229
1564.4235 -387.6947
1455.2883 -372.9435
1357.7370 -368.1756
1238.7323 -364.2457
1119.8058 -359.6668
1000.4686 -343.2850
892.0710 -325.8142
783.4654 -296.6770
685.8651 -266.6689
588.5346 -236.2377
480.7982 -205.6318
383.8394 -163.1652
265.8468 -109.4346
159.2493 -77.2004
53.0543 -66.6463
-42.4435 -66.6718
-127.4000 -77.4294
-233.3046 -54.2256
-328.5570 -41.7504
-403.4087 -73.7530
-498.9350 -71.5886
-573.2255 -69.5877
-647.1503 -56.1760
-731.9866 -53.2270
-806.6538 -61.4877
-870.7782 -69.9443
-934.4491 -67.0556
-996.4527 -30.5087
-1059.4048 -16.0418
-1111.0689 9.1963
-1151.3804 45.1263
-1179.6132 102.8430
-1227.8333 173.1452
-1286.7986 233.1845
-1346.1327 282.3078
-1417.2615 310.1265
