1729.6415 -747.2855
1685.2295 -739.3017
1704.2463 -692.7979
1766.6790 -642.8840
1825.5778 -547.7688
1839.6844 -444.8276
1831.8044 -343.7166
1812.9249 -243.5732
1762.8223 -157.5035
1693.4549 -95.6798
1614.6644 -45.8144
1536.1861 4.2512
1460.5200 20.9640
1427.2065 40.9863
1404.4927 61.8110
1393.1493 72.2290
1370.4898 93.0764
1350.2228 80.4115
1330.6913 56.5985
1311.8426 21.6416
1281.5947 -2.8047
1229.3944 -17.3542
1176.4670 -20.5882
1113.5630 -35.4378
1050.5740 -50.0720
986.9563 -53.3412
923.8379 -67.5513
871.2563 -81.0879
828.7806 -82.8974
797.3569 -95.3347
765.4782 -96.5795
733.5976 -97.7732
723.7553 -120.4323
756.0789 -130.3964
788.4337 -140.3128
820.8194 -150.1818
841.6772 -138.1642
862.5094 -126.1218
903.1105 -79.6710
974.1773 -9.2678
