2549.9720 -463.9073
2428.8474 -454.8983
2317.5890 -432.8265
2215.2375 -386.6093
2104.4917 -363.7099
1986.1030 -375.1171
1866.7614 -374.6055
1737.5492 -385.5513
1618.2751 -383.6710
1508.3722 -357.9899
1398.0345 -320.6354
1320.8751 -291.9701
1222.4820 -264.3458
1090.5493 -204.5655
948.1466 -133.4433
818.1611 -83.3356
688.8030 -32.4780
581.8847 -2.4980
496.9849 6.3025
433.5511 4.7956
370.5313 -18.7532
307.7033 -64.3360
244.7129 -120.8265
191.9280 -165.8859
138.9085 -210.8002
85.5272 -222.2123
32.0224 -189.0065
-10.6457 -133.4313
-42.3489 -22.1935
-73.4243 155.8152
-114.2419 333.9423
-92.5524 500.6206
-30.5303 667.1978
0.0000 833.9631
19.8968 1000.7682
176.8801 1168.5688
349.1808 1338.4628
363.9220 1494.6432
264.8780 1637.0970
