2580.7880 -552.1868
2537.3983 -557.2089
2503.7530 -549.5744
2470.1279 -541.9020
2424.6077 -524.0612
2367.2487 -496.0215
2298.1246 -457.7454
2242.0298 -440.8227
2175.2200 -424.8904
2096.7284 -398.5851
2017.4269 -360.8152
1930.4126 -357.5839
1853.3041 -341.8395
1785.2882 -302.4946
1717.4610 -263.0137
1659.6660 -211.3216
1602.0581 -159.5529
1490.6753 -100.5336
1371.5036 -75.3464
1169.7447 -88.1952
957.7594 -110.6421
798.6538 -128.7544
628.3354 -134.7807
489.6551 -127.4874
361.3458 -96.8149
222.8238 -65.4686
84.6976 -22.0569
-73.9002 33.4988
-242.2474 79.3581
-389.2290 104.0232
-536.1546 118.7059
