2361.9297 -679.4217
2293.6310 -652.1967
2215.5139 -637.2143
2103.9537 -613.8227
1980.8721 -579.6984
1813.9205 -537.4290
1638.2138 -517.3818
1561.6774 -511.7112
1475.0391 -517.7172
1345.0426 -526.0732
1204.1647 -534.2447
1106.6072 -539.3669
998.1869 -544.5464
889.7447 -549.1883
781.6359 -564.4344
651.4004 -568.6482
521.1447 -572.0937
391.0481 -585.8970
271.6889 -598.7987
173.8832 -599.7757
86.9808 -611.4038
-43.5288 -633.7698
-185.0766 -644.1711
-348.5223 -653.3607
-522.9871 -661.1253
-708.1651 -656.0806
-892.9128 -638.3646
-1077.4426 -619.0945
-1249.7649 -576.5216
-1398.5748 -511.4996
-1535.0281 -434.8404
-1693.6510 -377.8043
-1861.3116 -307.1823
-2047.1938 -210.2697
-2219.4614 -101.0392
-2330.0580 -31.2438
-2429.2376 38.1138
-2517.0871 106.8403
-2616.1765 166.3081
-2759.6249 209.9231
-2921.5313 199.5434
-3127.4373 185.8596
-3331.9720 185.5890
-3459.5425 196.7606
-3578.6865 195.2601
-3677.0173 190.3216
-3790.1821 164.7158
