743.4904 -387.3448
646.2286 -379.3734
548.7784 -359.8378
462.2526 -339.6398
397.5623 -329.8303
332.7649 -308.7033
278.9559 -298.3651
214.3663 -276.8832
139.0533 -233.0405
74.8363 -222.2540
21.3707 -211.2595
-53.3987 -200.0815
-106.7408 -188.7525
-160.1103 -188.4037
-234.8258 -187.6807
-320.2111 -186.5194
-416.2630 -184.7854
-491.2228 -194.2509
-566.2540 -203.4474
-651.7003 -200.9054
-735.9696 -164.5943
-809.2969 -128.3297
-892.9808 -91.2939
-1018.7665 -51.7323
-1133.4845 -11.9117
-1258.3061 29.3333
-1370.4898 93.0764
-1483.6236 135.2471
-1595.3040 189.3899
-1741.8328 202.3881
