1599.8798 -599.0350
1487.2185 -539.3774
1375.6525 -490.5033
1286.6926 -451.0890
1188.3511 -434.3231
1079.3789 -417.6914
949.4823 -412.6626
797.7305 -396.5375
700.4044 -388.8048
592.6781 -392.0724
484.9377 -394.7942
377.1857 -396.9708
269.2939 -387.4808
150.7336 -377.5288
43.0459 -366.9001
-75.2932 -355.6903
-182.7627 -343.9134
-333.0983 -330.9496
-472.5295 -317.1476
-611.7999 -302.4065
-750.9024 -286.7210
-901.0014 -280.7697
-1061.2324 -262.0283
-1232.5658 -252.5421
-1393.1176 -242.3456
-1532.9806 -243.6810
-1704.1525 -230.2490
-1874.2487 -204.1261
-2034.4175 -188.8188
-2183.7993 -173.3613
-2301.0910 -160.4180
-2459.6302 -130.3074
-2608.5799 -111.5496
-2746.7645 -93.0884
-2893.9034 -60.6747
-3021.1357 -41.6936
-3202.8748 -24.7598
-3377.5483 -30.9516
-3582.3992 -18.4986
-3772.7621 17.1999
-3973.3110 57.1323
