1424.0689 -779.3664
1160.4285 -771.6366
1061.0925 -754.0370
961.4939 -724.8922
862.4766 -706.5098
763.2791 -676.5868
587.8369 -637.2555
424.0095 -607.5515
271.3236 -565.4326
140.7685 -511.0445
0.0000 -467.0193
-129.5750 -444.3910
-269.6850 -420.8466
-388.1491 -407.9022
-484.9377 -394.7942
-571.1311 -392.6604
-668.0882 -389.8425
-764.6598 -375.4428
-861.1200 -360.5894
-968.2170 -344.7893
-1075.1814 -328.4236
-1171.2746 -312.0916
-1256.5173 -295.9424
-1352.3691 -278.7282
-1458.8016 -260.2923
-1565.0834 -241.2729
-1681.9006 -220.7942
-1807.3412 -176.2050
-1921.6239 -131.7176
-1995.0655 -113.2257
-2079.0196 -93.3284
-2173.4521 -71.8785
-2268.9494 -61.2132
-2394.9005 -34.9414
-2520.6033 -7.7730
-2636.9325 7.5257
-2736.5174 -13.5082
-2811.9762 -95.6104
-2878.3967 -190.6530
-2941.9778 -262.9658
-3002.7812 -312.4573
-3071.5595 -337.4776
-3138.9845 -350.9119
-3215.7477 -351.0816
-3291.0045 -339.4941
-3373.7786 -302.8497
-3454.6301 -254.2016
-3536.8174 -216.6047
-3618.7315 -178.5331
-3730.4374 -122.4987
-3841.5544 -65.5292
-3960.5748 6.1844
-4078.6926 79.0908
-4183.0919 162.6102
-4296.8172 249.6436
-4422.2278 328.7244
-4564.4786 426.3455
-4715.2967 528.7571
-4861.1600 645.3879
-4984.4388 758.3893
-5082.1022 878.9789
-5147.6671 991.3319
-5224.9981 1095.9540
-5350.9243 1112.6117
-5497.5879 1030.1848
