482.6058 -840.1342
372.3323 -797.6305
251.5677 -765.8785
109.2424 -733.6278
-43.6232 -689.3677
-195.9632 -644.0790
-347.7568 -597.7422
-455.3911 -540.1488
-551.6821 -482.2645
-605.1873 -458.5611
-669.3751 -434.3807
-805.7284 -318.1432
-939.9918 -189.6809
-1011.4718 -119.1868
-1082.9767 -59.5169
-1164.5734 1.1070
-1256.8704 51.6713
-1348.6550 102.7635
-1452.1193 132.8206
-1619.1356 157.5759
-1798.4231 162.4389
-1935.8286 164.6491
-2083.7752 168.9897
-2263.2003 178.2121
-2451.6554 201.8051
-2648.7275 240.2019
-2846.9395 269.5306
-2952.8958 274.4820
-3048.4642 278.3021
-3208.4522 281.9124
-3352.1663 319.3639
-3404.1664 388.3311
-3440.8876 478.6093
-3493.7274 536.7227
-3546.0529 595.1609
-3579.8561 638.1357
-3595.4570 665.4320
