1850.5397 -590.9206
1608.6114 -564.6230
1409.4030 -510.8049
1287.2963 -462.2651
1165.6535 -413.1729
947.6448 -368.0636
720.8892 -354.6750
602.8632 -369.5069
484.7019 -383.6668
344.5224 -375.2706
204.4653 -365.9580
43.0247 -355.7805
-118.2590 -344.3734
-290.1206 -331.5860
-461.3275 -295.1336
-620.9477 -246.4288
-768.7666 -185.6870
-883.7928 -125.1990
-998.6592 -75.1130
-1176.4670 -20.5882
-1364.6556 25.2641
-1541.4968 72.2507
-1728.0538 121.9808
-1904.3736 161.4603
-2082.5448 180.2440
-2250.0614 199.5141
-2396.4878 217.6511
-2544.2784 225.6667
-2702.5291 236.3536
-2879.9278 262.9882
