807.3252 -362.7079
752.4104 -331.2738
708.7234 -310.4939
665.1144 -289.6339
621.5845 -268.6931
567.4312 -247.9673
480.7982 -205.6318
394.2898 -151.8363
276.1782 -87.0471
158.8068 -21.5989
42.1801 55.6434
-94.6835 100.3091
-220.6633 123.5890
-346.5389 136.5851
-471.9648 161.5471
-596.6999 198.4906
-677.0533 290.4002
-746.1060 382.3070
-854.9145 487.6309
-944.3170 548.0736
-1033.0047 609.0532
-1130.3259 682.4029
-1237.6554 746.0222
-1324.8551 797.6675
-1421.4732 850.7336
-1517.3672 904.4822
-1553.8417 941.8260
-1575.0339 932.5890
-1596.2514 923.3739
-1607.4844 913.1822
