1923.8087 -856.3604
1813.3594 -853.7941
1724.9020 -849.1407
1636.4910 -844.1759
1547.5176 -827.6928
1458.6550 -810.9164
1369.9057 -793.8439
1269.2921 -754.7202
1157.0542 -693.4669
1033.4834 -609.9873
900.1809 -537.6009
778.7691 -475.3116
646.8565 -401.6405
516.5035 -360.6496
386.6253 -318.9061
278.6730 -276.1210
160.6115 -255.1257
42.7637 -222.3457
-74.6792 -177.7752
-191.6198 -132.5239
-296.9290 -53.3751
-433.3047 15.9209
-557.5034 108.1779
-679.5807 223.6013
-822.7882 296.3304
-956.2470 336.3144
-1089.8147 366.1944
-1200.7005 418.0495
-1321.1957 471.4577
-1399.8369 522.4874
-1478.9594 562.7759
-1535.1061 624.0331
-1591.8439 674.3694
-1648.1522 724.9669
-1683.8128 773.7708
-1715.3246 856.2863
-1736.2202 937.8519
-1735.3531 1028.4893
-1748.2169 1086.6527
