1924.2450 -414.7903
1788.7995 -347.4035
1632.5787 -281.1360
1488.6467 -224.4271
1356.7907 -177.4053
1202.9138 -108.6356
1082.3788 -48.3601
974.1773 -9.2678
877.9526 8.5304
803.4957 16.4917
718.1375 35.4705
632.5880 65.9340
526.2642 96.1581
420.5350 115.8144
315.2258 124.9156
209.9057 145.7122
104.8285 167.0829
0.0000 200.1511
-104.4455 233.8019
-198.0742 267.9268
-301.7462 302.7011
-405.0074 338.0753
-508.1764 362.9284
-611.4525 377.2565
-725.3927 381.4645
-818.5941 385.4435
-902.0047 378.2430
-975.1381 370.8554
-1037.9795 363.1565
-1090.5139 355.0402
-1153.4812 347.7206
-1216.5121 340.6077
-1279.6058 333.7010
