2148.3685 -620.9756
1991.7305 -578.7277
1814.7331 -548.6633
1659.8750 -515.7517
1517.6672 -503.5587
1375.0159 -479.3189
1230.3480 -409.5536
1121.4400 -393.1520
1023.9696 -386.8728
916.2487 -391.7764
808.8962 -407.2735
690.2996 -411.4272
582.4672 -414.6309
518.0095 -427.4205
464.0584 -428.6533
420.4912 -407.2910
366.0531 -374.9105
311.6096 -331.2788
267.6812 -254.0181
256.3075 -198.5455
234.4519 -154.3169
223.1915 -98.8319
212.0960 -54.4638
158.7173 -10.4786
63.2700 55.7008
21.0160 122.3261
-41.9568 155.7195
-115.1717 189.3837
-198.8094 201.2027
-282.1671 224.5186
