2797.5678 -629.7024
2591.8262 -665.7816
2428.3370 -683.8569
2306.4565 -673.7083
2226.3971 -636.1403
2167.3034 -585.0221
2119.1742 -532.8197
2071.1327 -480.6039
2023.1850 -428.3718
1975.3375 -376.1204
1917.7925 -336.0728
1849.6627 -296.8986
1781.7196 -257.5905
1735.3456 -216.3495
1679.2962 -187.1561
1592.2347 -171.5942
1495.4460 -167.6850
1388.0633 -164.0650
1271.4337 -182.9103
1145.7342 -235.1387
1031.6944 -319.4210
917.5712 -425.2199
801.1390 -496.8079
789.5810 -474.9211
809.6720 -429.5567
733.0743 -398.8555
666.7798 -345.3049
610.5582 -257.8793
543.7407 -159.5106
467.3511 -83.4875
391.4810 -7.2191
284.5402 68.8114
178.3140 156.5111
157.1468 178.5660
136.1117 189.5233
115.0313 211.6235
104.4455 233.8019
93.9429 244.8662
83.4010 267.0559
83.2965 289.2953
103.9888 311.6407
