1785.7392 -765.5873
1608.0754 -733.5608
1420.5546 -712.2167
1214.1255 -746.4881
1071.1364 -731.2113
937.6635 -670.0450
804.7746 -608.2248
674.0110 -601.4048
564.5653 -571.0304
487.6912 -528.3244
432.5056 -473.8312
377.9114 -441.4680
312.2257 -375.7698
246.7702 -298.7700
192.4340 -221.4895
117.0388 -121.9742
31.7795 -33.3330
-42.2044 44.5239
-136.5218 133.9230
-187.7666 256.6977
-269.4972 368.9453
-360.6292 470.6803
-429.4965 594.6628
-518.1804 697.3332
-595.0343 811.3034
-640.0291 935.6230
-694.4565 1049.4301
