2770.3536 -379.0071
2703.1956 -364.5652
2646.8749 -348.6239
2595.5613 -377.9898
2544.1038 -407.1753
2492.5046 -436.1816
2441.8775 -476.3387
2380.2067 -517.4820
2306.4251 -548.1890
2243.3177 -577.4823
2180.0562 -606.5370
2115.7372 -624.0766
2039.5821 -631.1216
1963.4061 -637.9003
1875.5193 -634.0781
1788.4501 -641.1660
1701.3570 -647.9088
1614.2414 -654.3078
1526.4502 -649.1624
1439.3312 -654.8859
1340.7233 -649.7341
1230.7556 -633.5943
1110.5547 -628.6640
979.5514 -623.5862
859.5070 -617.3462
728.9937 -621.9729
619.6683 -602.9798
499.2086 -561.4652
379.3266 -530.4630
259.6350 -487.7102
161.9683 -444.1721
64.6005 -377.9651
-32.2205 -322.4410
-117.9628 -288.7736
-192.8318 -265.9723
-267.6812 -254.0181
-331.7489 -241.9645
-374.5510 -241.2322
-417.7810 -262.6616
-439.6508 -284.4706
-439.8735 -295.5965
-440.0953 -306.7224
-418.8402 -318.2880
-386.4313 -307.7817
-375.5089 -296.8529
-375.3188 -285.7287
-375.1280 -274.6046
-374.7441 -252.3563
-363.4733 -219.1760
-363.0931 -196.9284
