1480.5650 -809.5389
1381.9615 -815.5733
1282.8247 -810.0075
1173.2634 -815.7607
1052.2991 -810.3314
931.4064 -804.2939
820.8695 -774.9761
710.2765 -734.0408
621.2952 -669.7772
511.1994 -616.8602
423.8212 -596.4258
325.8780 -586.9474
228.0161 -577.0433
119.3305 -555.6531
21.6768 -533.7257
-75.7988 -511.3661
-194.5454 -466.1460
-302.3343 -442.6606
-420.4912 -407.2910
-538.2844 -371.2431
-655.7035 -334.5080
-773.1263 -308.2158
-868.8408 -282.1366
-942.4355 -245.4231
-1026.4524 -207.8768
-1088.2588 -159.9330
-1149.7455 -111.7513
-1221.5140 -62.6797
-1293.6173 -24.4557
-1407.6950 17.0848
-1523.8958 25.8110
-1628.5615 45.5593
-1744.5872 55.6472
-1860.5499 66.4470
-1985.8394 90.2884
-2109.6667 126.2777
-2243.5638 164.4355
-2356.0649 201.0547
-2465.2045 261.0945
-2585.5604 312.1508
-2703.5739 375.5610
-2762.2507 407.6630
-2810.3817 438.4046
-2858.3241 469.3376
-2906.0753 500.4629
-2935.0151 516.9556
-2953.6329 531.7817
-2972.2112 546.6400
