3392.7078 -617.6063
3282.5696 -622.2459
3161.5761 -627.9021
3028.4598 -622.9430
2872.5009 -608.6709
2715.6198 -582.1134
2557.9719 -543.3568
2399.7099 -492.4749
2230.1974 -430.6505
2061.4482 -367.9370
1904.2387 -303.3213
1759.4118 -248.1982
1636.6000 -190.6235
1525.0105 -131.7191
1435.1891 -70.8588
1367.7269 -19.4498
1289.2477 42.5766
1211.1682 104.8096
1144.6707 156.7281
1078.4811 208.8101
1012.6089 261.0600
937.2568 301.8032
862.2277 342.8030
787.0178 395.2009
722.5437 448.2714
668.7178 501.9177
625.4483 556.0584
581.6058 632.5377
548.2533 709.4208
535.7433 775.8564
523.2818 842.2934
521.2869 897.9249
520.0764 931.3034
