2149.5826 -381.9479
2048.7102 -346.4540
1966.6587 -274.8603
1864.5237 -216.3354
1754.9085 -192.0890
1635.7478 -179.4161
1526.6292 -154.1096
1418.5422 -139.4830
1309.9317 -113.1510
1202.9138 -108.6356
1085.3463 -104.1451
967.8681 -98.9824
861.5771 -103.8352
755.2622 -108.1208
638.6374 -123.3137
510.9401 -126.9588
362.1297 -141.3097
213.0247 -143.4313
31.9543 -144.5284
-138.4675 -144.0795
-319.5299 -142.0282
-500.8357 -149.4810
-671.6385 -155.6775
-852.7813 -148.8605
-1032.1900 -106.9516
-1242.7308 -61.3640
-1453.2087 -24.5685
-1675.4697 -6.8955
-1896.2840 -88.7862
