-505.8093 73.3385
-673.5636 100.7598
-817.4051 184.4754
-810.3233 340.4236
-825.1415 463.8886
-1000.3038 472.8895
-1166.6196 460.6370
-1282.5229 434.9396
-1408.2226 421.9059
-1574.4985 424.4717
-1751.1758 429.5710
-1865.9522 429.8324
-1967.9098 452.1368
-2068.2939 486.3255
-2168.3045 521.1833
-2297.1265 572.0169
-2423.5354 635.3045
-2559.0937 701.3413
-2693.5258 768.7959
-2818.7682 824.6211
-2943.1503 881.6771
-3098.9078 934.3572
-3260.6522 906.9876
-3438.1852 907.9848
-3590.2818 977.4047
-3631.2635 890.0240
-3864.0004 797.7609
-4039.8418 729.4876
-4187.1719 741.0649
-4360.5942 735.7448
-4501.0567 735.4252
-4648.8187 750.7012
-4816.8245 773.0944
-5112.1852 888.4548
-5405.5792 1078.2844
-5746.6410 1147.9190
-6016.9547 1169.5459
