2856.7422 -564.4061
2730.1680 -511.1323
2605.1818 -468.8375
2490.1947 -413.5098
2354.0880 -360.2632
2218.5040 -306.4680
2072.7628 -253.1769
1915.9825 -188.9294
1771.6097 -134.1294
1649.1628 -76.8155
1528.1654 -30.1558
1441.0115 -2.9753
1344.2915 12.6213
1257.5895 40.5024
1161.2645 56.9163
1075.6574 74.3563
1000.7426 92.6897
936.4922 111.8005
882.8763 131.5890
819.3681 139.9161
755.4724 159.5833
691.7135 179.4486
628.0935 199.5133
554.1618 219.4663
469.9557 239.4302
385.7020 270.8834
301.7462 302.7011
217.9545 346.0077
113.8737 389.5418
10.3182 444.7833
-113.1959 489.6206
