414.4779 -95.7851
201.6032 -65.6951
-10.5991 -44.4752
-190.7808 -43.5585
-360.5503 -52.3204
-498.9350 -71.5886
-626.9738 -90.2523
-786.7309 -95.7553
-946.6120 -99.9984
-1064.6599 -116.4406
-1182.9187 -132.2281
-1299.2963 -113.8418
-1402.5807 -61.9459
-1481.6470 22.5564
-1549.3403 106.6781
-1597.2101 166.9947
-1643.6669 238.7059
-1659.4313 296.5727
-1663.5441 364.7257
-1707.6318 447.9877
-1762.4927 521.2785
-1826.9117 595.9298
-1900.7256 672.0931
-1979.2883 703.8428
-2070.6268 714.8033
-2185.2681 706.3968
-2325.2952 667.6709
-2489.7996 610.1862
-2657.1251 542.4677
