2486.6922 -379.5064
2317.3372 -318.6079
2149.8462 -268.0821
1995.7928 -238.0347
1853.8356 -217.3029
1721.0875 -172.3803
1600.3652 -137.1466
1502.1122 -110.9322
1404.8745 -95.4942
1285.8655 -69.8359
1167.8232 -54.7058
1082.3788 -48.3601
997.5600 -52.8106
912.2177 -45.7494
826.9518 -38.3325
720.5802 -31.3437
603.7173 -24.1210
455.2106 -16.9770
296.2643 -8.8861
190.3521 0.9241
105.5107 44.7646
31.5240 122.3406
-41.8041 222.4369
-134.7525 367.4441
-257.9456 446.6442
-299.2131 447.2885
-309.5297 447.4645
