2362.4227 -816.4072
2218.2084 -807.7219
2063.1892 -799.2030
1907.5646 -778.4878
1752.2151 -756.8646
1597.1513 -734.3225
1464.2130 -709.4627
1341.8734 -672.0997
1219.8734 -634.1875
1098.2254 -595.7148
987.7903 -556.1879
877.6970 -516.1850
767.9570 -475.6968
669.6935 -445.5154
582.4672 -414.6309
484.9377 -394.7942
398.5431 -385.4542
301.4600 -375.9252
215.2263 -365.8515
129.0735 -355.4305
32.2526 -344.6801
-85.9640 -333.4097
-204.0601 -321.4744
-322.0314 -308.8711
-450.6005 -295.3678
-579.0222 -281.0622
-707.2905 -265.9498
-846.1043 -249.5907
-985.2431 -243.4258
-1135.0368 -235.7304
-1295.4658 -226.2655
-1466.5064 -214.7729
-1648.1292 -200.9741
-1830.5741 -196.7595
-2002.3931 -191.9838
-2174.2547 -185.7797
-2346.1472 -178.1421
-2519.3501 -180.3974
-2691.3563 -169.9045
-2863.3581 -157.9590
-3045.9945 -142.9505
-3226.9321 -114.7997
-3418.2335 -83.0671
-3609.2256 -49.3266
