2712.0034 -444.1972
2617.1745 -478.8977
2520.9626 -501.7247
2424.6077 -524.0612
2341.0155 -567.3912
2257.1098 -610.2833
2171.9768 -641.4555
2069.5374 -594.3208
1952.1478 -491.5976
1780.6268 -381.9921
1588.8972 -273.2490
1400.1940 -185.7002
1223.5164 -96.1817
1058.2134 6.2677
894.4344 109.7902
731.8296 225.5732
561.0936 331.0672
402.9071 427.0689
246.4637 524.3466
102.2004 600.7557
-30.5521 656.0783
-152.4299 690.0946
-243.3520 724.5267
-323.2672 781.5060
-402.5557 838.8912
-481.2018 896.6871
-528.8297 965.0081
-566.4678 1022.0123
-593.3743 1089.8746
-609.5940 1168.5354
-625.5148 1247.2262
