2789.0170 -653.8557
2686.4753 -620.2008
2593.8932 -573.6357
2513.4906 -536.9983
2422.4395 -501.4082
2312.0909 -490.5134
2158.6183 -483.4680
1962.0683 -479.3727
1752.4685 -440.7909
1552.1524 -366.0805
1363.0878 -278.0289
1196.7284 -187.4301
1042.2561 -95.2474
933.9339 -55.9084
826.9518 -38.3325
657.3904 -44.6941
498.3829 -49.3339
360.1481 -30.0732
232.6507 1.3804
137.3210 22.7222
31.6533 44.5038
-105.3886 67.0043
-242.1057 90.4794
-367.7573 125.8551
-503.4217 162.3567
-607.9011 176.5645
-712.2332 191.3628
-826.8735 207.2125
-941.9143 212.6370
