120.3661 -778.0533
0.0000 -711.6485
-130.6430 -644.5526
-260.9376 -610.0503
-380.3563 -597.2098
-499.4337 -572.5933
-596.8601 -559.0453
-704.7083 -533.5761
-790.3171 -497.2026
-864.4451 -449.7460
-948.5673 -390.3629
-1031.6944 -319.4210
-1093.3630 -260.3586
-1175.9956 -199.8353
-1279.3948 -137.5508
-1371.5036 -75.3464
-1464.6088 -34.9727
-1547.6249 -6.1123
-1652.4612 13.7236
-1779.2397 24.8634
-1916.4979 37.8853
-2053.6600 51.9048
-2181.4123 54.4652
-2307.9121 69.1386
-2486.9475 91.4070
-2593.6333 93.9879
