1268.0321 -508.2370
1277.6796 -485.2554
1287.2963 -462.2651
1296.2678 -428.0894
1295.0320 -405.7365
1282.3948 -372.8611
1259.0172 -340.6316
1224.9466 -309.0226
1202.8771 -299.0992
1180.8258 -289.1571
1158.7927 -279.1962
1125.4911 -258.6387
1060.6906 -250.8717
931.7329 -245.9085
802.8718 -240.1574
652.7188 -234.3055
566.5500 -214.5773
437.8374 -195.4643
320.0418 -175.3966
213.0247 -143.4313
116.9753 -110.8543
21.2335 -77.8252
-63.5589 -33.2562
-126.8304 11.5307
-200.1191 78.8749
-241.5341 134.9646
-262.0641 168.6071
-282.8567 180.0310
-303.6230 191.4789
-334.8250 203.1344
-365.7623 225.9671
-406.8011 260.2050
-478.5977 306.4541
-560.3754 353.3245
-653.3110 367.5716
-738.5843 315.0710
