548.6239 -849.8221
405.9958 -852.7092
285.1872 -843.3552
164.3357 -811.1463
43.7696 -778.3243
-65.5730 -744.9137
-174.6398 -710.9814
-294.3230 -676.3809
-402.7987 -641.3289
-510.9734 -605.7317
-629.6924 -569.2757
-748.4014 -543.2824
-876.8867 -493.8933
-1048.5136 -452.7657
-1220.1490 -421.3405
-1390.6963 -377.2692
-1570.5941 -319.6832
-1749.5923 -260.3276
-1951.0091 -219.6353
-2173.1329 -174.5031
-2381.3509 -105.3291
-2580.4664 -57.5964
-2787.9033 5.3061
-2952.0723 64.3835
-3117.1108 113.7938
-3283.3326 153.4688
-3449.0762 194.8376
-3616.4015 226.3789
-3793.8551 261.7167
-3929.3120 290.0252
-4033.3591 312.5682
-4116.4989 331.0874
-4197.0816 361.7430
-4274.9077 404.6043
-4352.3719 447.9967
-4439.7538 494.5139
-4526.7001 541.7065
-4620.5326 604.1318
-4716.6388 655.6136
-4812.2071 707.9486
