1260.4403 -4.1749
1127.6717 88.5233
1028.6607 161.2715
951.7890 224.3121
885.7861 288.0841
840.9283 352.9735
796.8461 406.7931
733.3451 437.5575
660.2041 457.0040
597.5372 477.0772
534.6618 508.4853
462.0781 528.6995
379.1644 560.0989
317.2465 581.1143
245.1014 613.3158
173.2488 645.8083
111.9435 667.5383
60.8845 711.7583
10.1178 756.1296
-40.3510 800.6537
-90.5847 834.2125
-120.5039 867.7661
-150.3980 890.2563
-239.1316 980.3089
-336.8578 1059.9693
-415.4211 1084.1187
-494.1154 1097.5507
-572.6638 1111.3886
-641.2052 1125.2216
