1305.2058 -595.7554
1174.2792 -591.8363
1043.8941 -598.3247
913.8800 -615.1928
805.1294 -619.3669
696.6670 -634.1466
566.0693 -637.8139
435.4546 -640.7208
315.8504 -653.8416
228.9201 -677.1352
152.6801 -688.8971
87.2462 -689.2422
10.9058 -689.4069
-76.3077 -678.1617
-152.4165 -644.4158
-239.2993 -621.4151
-326.0235 -598.0705
-423.0595 -551.9231
-531.2772 -538.4482
-639.0890 -513.2968
-747.3735 -509.8663
-865.6635 -483.1808
-983.6995 -455.8128
-1112.7928 -438.3609
-1230.3480 -409.5536
-1358.3957 -379.3573
-1496.1501 -336.3637
-1634.2093 -303.5535
-1770.1154 -247.2845
-1915.9825 -188.9294
-2039.7625 -131.4658
-2174.6195 -83.1525
-2270.1702 -72.5012
-2323.2318 -66.3776
-2376.2770 -60.1062
-2386.8841 -58.8341
-2408.0961 -56.2722
-2429.3055 -53.6866
-2439.9091 -52.3848
-2461.1143 -49.7635
-2515.4686 -54.4331
-2598.8787 -32.1429
-2671.5583 -10.8812
-2820.8161 79.6566
-2900.1270 126.3599
-3043.6299 172.1566
-3176.1016 217.5181
-3349.7279 271.5577
