333.0983 -330.9496
182.1192 -266.0691
32.0224 -189.0065
-21.3143 -155.6619
-74.4795 -122.1768
-307.8732 -75.4585
-540.1848 -25.9644
-718.9576 13.1993
-886.4950 53.5837
-1042.2284 106.0804
-1185.9131 170.4694
-1287.5846 222.0150
-1389.5149 263.0377
-1492.8403 282.3349
-1596.9755 291.0534
-1701.0574 300.3727
-1803.9554 321.5118
-1875.5126 340.0502
-1966.4339 372.3718
-2076.3885 418.8553
-2175.4554 464.9005
-2294.5347 514.3120
-2392.4507 561.8927
-2491.4884 598.8891
-2569.7238 633.5091
-2682.7395 708.9413
-2788.4163 761.1051
-2917.2994 853.5559
-3034.4127 945.6509
-3147.0510 1002.9724
-3241.5019 1045.8756
-3335.4449 1089.5304
-3406.5103 1140.9898
-3530.1818 1229.4326
-3642.3936 1317.0755
-3733.6520 1401.1418
-3737.1984 1463.4004
