3532.9563 -867.3148
3442.6051 -857.0623
3373.0070 -831.8796
3302.2306 -795.0796
3232.8014 -769.7374
3174.3856 -742.7994
3128.1991 -725.8040
3082.0530 -708.7641
3046.8540 -690.2239
3011.6823 -671.6665
2959.4486 -597.3292
2867.5935 -563.0045
2765.0916 -529.8409
2654.3575 -520.4418
2542.6090 -499.2162
2441.8775 -476.3387
2353.2166 -463.2514
2276.5159 -460.0287
2197.8211 -433.9813
2121.2705 -430.2815
2065.3718 -412.9991
2020.3242 -394.5918
1987.0528 -386.3715
1965.5107 -388.3694
1924.2450 -414.7903
1891.8911 -417.6694
1870.3196 -419.5609
1848.7464 -421.4301
1827.1714 -423.2770
1837.0909 -411.1211
1879.3234 -396.1368
1921.5028 -381.0522
2015.4751 -338.2994
2143.3643 -314.2869
2271.0414 -289.4167
2374.7060 -243.5238
2456.5718 -199.5273
2518.0587 -169.0649
2558.0646 -141.0572
