-1247.9812 -1024.7101
-1358.3341 -1018.8434
-1467.0615 -978.8763
-1596.8993 -925.6667
-1748.1973 -869.9868
-1910.5994 -823.4936
-2062.3695 -787.9291
-2202.8615 -752.2774
-2343.9809 -726.9471
-2483.8736 -689.3112
-2602.7213 -664.5327
-2666.9667 -645.5462
-2784.3356 -608.2535
-2943.5352 -553.0351
-3092.6213 -509.3314
-3219.6439 -467.5836
-3324.7043 -428.2241
-3426.3003 -365.0955
-3528.9243 -312.7328
-3607.9124 -251.7662
-3684.5453 -178.6509
-3747.9255 -95.3249
-3799.8858 -13.5487
-3838.4677 78.1336
-3884.4894 183.8783
-3931.5899 278.3966
-4003.1448 354.5923
-4073.8409 431.3994
-4135.9365 494.7348
-4194.7619 570.2137
-4265.7037 637.0336
-4353.3381 721.4015
-4429.6989 804.0009
-4491.0613 858.3574
-4575.0834 907.0921
-4655.3401 968.2960
-4744.8054 1033.2394
