1996.6872 -793.6538
1908.3290 -789.7388
1830.2244 -773.4104
1752.9268 -768.0944
1662.6911 -729.6730
1570.0022 -646.1723
1488.5551 -561.7701
1408.1077 -488.4293
1338.7888 -414.2619
1260.8657 -374.1500
1173.0165 -345.5877
1084.8426 -305.5543
1008.1881 -275.8524
921.5022 -257.5357
856.3681 -238.0064
769.9742 -219.1033
684.0975 -210.9946
608.9784 -202.2211
523.2525 -193.4558
426.7091 -173.4394
330.3570 -152.9800
234.2003 -132.0743
138.2432 -110.7191
42.5367 -111.1500
-63.8050 -111.0937
-148.9580 -121.7633
-212.9101 -132.3104
-266.2782 -142.7999
-298.3893 -153.4761
-330.8839 -186.3491
-352.9674 -230.4859
-375.1280 -274.6046
-397.3637 -318.7056
-397.5623 -329.8303
-387.2025 -352.2796
-354.7630 -341.7222
-322.3540 -331.1169
-279.2365 -320.6093
-214.6921 -310.2463
-128.7517 -299.8302
-42.8958 -289.0631
53.6197 -289.0383
299.9548 -264.7002
449.4508 -239.7371
