978.6893 -601.2805
879.6921 -571.9153
781.2829 -553.2939
683.0314 -534.2601
595.4957 -503.3869
508.4204 -483.3191
399.5041 -441.0785
290.9776 -398.3199
182.8531 -355.0340
75.1055 -300.0918
-42.8740 -277.9435
-160.5288 -244.0054
-288.6459 -220.3634
-416.7009 -207.0357
-555.2810 -192.6104
-693.6887 -177.2300
-820.8194 -150.1818
-948.1466 -133.4433
-1085.9332 -115.3024
-1244.7684 -94.8710
-1391.2077 -51.5105
-1547.6249 -6.1123
-1703.3703 40.6856
-1858.4194 88.9037
-2022.0614 150.9232
-2162.4532 223.4790
-2280.8684 294.8187
-2407.1072 379.8721
-2511.3454 463.2650
-2604.1049 546.0665
-2705.9077 631.2725
-2812.6065 741.8189
-2933.6986 821.2852
-3060.1093 867.9367
-3168.1637 900.4749
-3285.8631 935.9119
-3403.1533 972.3768
