2574.2662 -713.7005
2464.0833 -714.3572
2354.9017 -725.8297
2255.6790 -724.3886
2167.4185 -721.5138
2078.3430 -707.0478
1987.7055 -669.7701
1885.5887 -621.9226
1762.0687 -575.5098
1628.8552 -540.6116
1485.1914 -505.7898
1341.9492 -470.1656
1199.7115 -444.8928
1068.5934 -418.2316
947.6448 -368.0636
816.4664 -317.7282
696.9327 -277.4476
567.4312 -247.9673
502.6868 -227.3746
438.0672 -206.5900
309.2102 -164.4389
180.9745 -132.6222
53.1708 -111.1247
-63.7353 -88.8544
-190.8870 -54.6792
-317.6032 -19.6782
-443.8713 16.1581
-569.6781 52.8394
-684.4845 89.9980
-809.3501 128.3277
-923.2317 167.0172
-1026.1825 205.8774
-1129.3904 234.2059
-1232.2934 263.1531
-1325.2996 280.8014
-1407.7427 298.1485
-1490.0470 315.8922
-1573.2003 322.8419
-1657.3602 318.9759
-1742.6744 304.2691
-1840.8280 268.5044
-1941.6836 210.6686
-2044.2403 141.9199
-2169.6397 64.5510
