2551.5676 -590.0159
2451.6598 -578.3183
2350.8362 -554.9270
2239.3614 -532.2952
2154.6457 -438.3437
2080.9628 -343.2999
1986.0971 -250.3181
1874.2487 -204.1261
1761.8946 -146.2822
1662.4673 -109.5605
1563.3689 -72.4597
1476.0175 -45.3733
1412.4126 -50.0108
1358.6481 -42.5385
1292.8956 -13.2832
1237.8884 16.8136
1173.1515 35.2264
1119.7266 43.2758
1066.3521 51.4625
1022.3866 82.6452
977.9688 125.0526
933.7143 167.5314
879.1690 209.5901
803.9759 250.8580
739.0515 303.9355
643.7730 344.9383
560.0146 364.4531
466.4012 372.9412
382.7515 404.3690
309.3236 458.5867
246.2952 535.4677
183.4395 645.9145
121.3224 767.6872
80.1513 900.8782
39.6980 1034.1642
0.0000 1178.6679
-58.3059 1312.2163
-115.5720 1423.7570
-162.6727 1502.0603
-219.6706 1525.0708
-258.1111 1514.5922
-249.0165 1492.1809
-240.1049 1458.6556
-231.1353 1425.1372
-222.3080 1380.5052
