3130.3617 -457.2835
3020.6487 -368.1087
2901.9482 -291.8133
2797.1642 -236.6537
2696.8161 -215.3655
2567.2295 -220.4406
2447.1333 -212.1274
2369.9099 -198.2877
2282.1246 -185.4096
2105.8339 -147.4321
1941.8826 -118.4344
1823.8642 -118.1555
1707.7248 -139.6343
1590.5597 -149.1897
1472.5634 -146.8624
1364.5660 -131.9710
1265.3307 -82.3666
1176.4670 -20.5882
1109.1746 42.6706
1052.1270 117.8087
987.3031 147.8923
913.8404 144.2190
840.8629 129.6905
767.7833 115.4545
694.1947 112.6440
610.7974 87.5179
527.4906 51.6459
475.2987 28.0304
411.9358 26.5886
358.5102 58.9150
315.7841 91.5480
273.1988 124.2682
251.7336 157.3434
229.7753 234.9243
228.7705 312.7717
227.8908 379.4978
216.6767 446.0954
215.8044 512.8203
204.6824 579.4213
193.7676 634.9063
172.8777 679.1692
141.6470 756.7265
110.7143 834.3357
60.1600 889.6719
0.0000 945.1582
-79.5869 1000.9551
-178.3479 1057.3666
