1320.2110 -280.7927
1168.3246 -256.2673
1016.2966 -219.5623
907.0106 -168.8376
788.0104 -129.1733
702.4770 -121.1865
617.6889 -135.1094
554.1037 -148.0927
490.4434 -160.8691
447.8032 -161.8548
404.9449 -151.6260
382.8076 -107.5441
350.3344 -74.7571
318.3129 -64.1690
296.7637 -42.2529
275.2591 -20.3157
243.3629 -9.6126
222.0761 1.2578
190.1354 23.1653
168.9129 34.0913
147.6289 56.1599
137.0047 67.2025
115.8598 78.1846
84.1632 100.2601
42.0817 100.1217
0.0000 88.9561
-42.1311 77.8826
-84.3110 66.9009
-137.1634 44.9623
