1851.3489 -602.1606
1835.5995 -535.6317
1798.1588 -470.9277
1759.9310 -395.0078
1686.1736 -276.8631
1645.5556 -167.3482
1563.3689 -72.4597
1453.2087 -24.5685
1374.4361 37.1849
1299.7997 43.2796
1225.2272 49.6469
1139.5186 66.8237
1095.4508 97.8554
1040.3857 139.5387
1005.8707 193.5955
972.0915 236.5355
938.4328 279.5122
900.8344 400.5289
873.7246 522.0604
795.7362 641.1388
699.9508 726.1845
595.4795 800.1749
472.6242 851.8929
350.0892 926.7164
219.0316 991.1433
129.1208 1023.5221
49.3804 1100.9097
-29.6039 1111.9790
-108.5466 1112.3306
-177.7655 1101.8475
-247.4982 1069.4290
-327.2172 1048.6376
-406.1946 1061.6120
-464.0971 1107.7623
-501.4900 1164.6187
-518.5040 1232.0264
-505.6477 1309.5688
-502.9655 1376.3168
-501.6091 1409.6903
-500.6991 1431.9390
-509.3910 1454.5238
