2848.3355 -588.6246
2700.0627 -537.9135
2541.4662 -487.8689
2372.6432 -438.2610
2204.4665 -387.7263
2047.7160 -335.1917
1892.5698 -293.0549
1760.3018 -259.4209
1618.5800 -237.1463
1477.9546 -225.1980
1348.9258 -222.8293
1241.3566 -218.3908
1155.2367 -212.2147
1089.9800 -193.4072
992.8382 -176.0018
885.6824 -169.7780
779.0276 -174.1428
672.3521 -177.9457
544.0299 -170.6397
426.2548 -151.1887
297.9079 -120.1090
169.9591 -88.2332
10.6284 -100.0728
-138.1679 -99.5990
-286.7997 -86.8974
-424.4032 -62.1865
-561.6772 -36.5021
-709.1915 -9.4568
-856.3245 18.7360
-981.9638 47.0085
-1109.8083 31.5126
-1227.3220 16.1470
-1356.3833 -9.0044
-1495.5593 -21.3995
-1643.7306 -9.5772
-1813.9647 -5.8922
-1974.7711 -13.0598
-2124.0399 -8.8678
-2285.1864 -13.6189
-2467.6969 -14.4868
-2650.3945 -13.7458
