1229.5103 -846.4703
1109.2690 -863.6184
998.7134 -846.1988
867.7500 -873.7022
735.4018 -855.8803
603.2369 -837.3489
482.0253 -806.7507
339.2043 -775.8851
207.6456 -744.0708
65.4347 -689.3154
-76.1753 -633.6828
-228.3215 -610.4072
-380.3563 -597.2098
-531.7601 -560.7066
-692.9127 -500.5129
-854.0474 -461.3199
-1015.6278 -443.1592
-1177.5579 -434.9163
-1328.6371 -426.1123
-1512.0077 -413.9738
-1705.2366 -388.1622
-1930.4126 -357.5839
-2133.6696 -326.6553
-2344.9348 -269.7988
-2525.7304 -237.0690
-2703.3992 -179.8563
-2874.0159 -156.4515
-3023.1437 -134.7171
-3150.8395 -115.1463
-3189.2521 -155.9812
-3303.0581 -114.1881
-3377.5483 -30.9516
-3461.6833 54.7606
-3561.7838 168.2151
-3714.3564 281.6506
-3821.9877 448.5821
-3922.6420 482.6690
-3951.5183 598.6894
-4035.5600 654.9242
-4151.2184 756.7791
-4148.4218 768.4210
-4471.7761 890.7729
