1706.3777 -726.4673
1660.6156 -696.0194
1605.3946 -688.7154
1472.6337 -663.9755
1329.2600 -639.1970
1218.2718 -600.6734
1118.4579 -561.1446
1051.9215 -530.8663
996.8201 -511.0853
898.1093 -481.8650
799.6400 -452.2427
634.8388 -357.4319
471.0925 -250.3866
331.2319 -208.5952
191.8257 -154.7653
63.7702 -99.9741
-53.0249 -55.5267
-190.6742 -32.4379
-349.5566 -30.2637
-539.8814 -14.8357
-718.9576 13.1993
-928.6774 55.5589
-1137.5348 100.3026
-1343.8857 169.8150
-1548.7265 241.8535
-1682.3293 276.0520
-1827.0167 301.1324
-1984.2524 306.0784
-2129.8135 322.4021
-2284.1873 352.5020
-2426.2884 393.9380
-2574.8313 460.8019
-2724.0227 517.9296
-2822.9738 556.8928
-2901.0591 593.1212
-2968.6136 628.0492
-3048.1273 653.7732
-3119.3923 666.6740
-3202.9396 670.3968
-3279.8119 708.8152
-3354.0038 759.1647
-3405.1097 817.3042
-3443.1600 885.0843
-3463.1632 937.3155
-3480.2482 1001.0797
-3529.2577 1060.1513
-3553.5452 1089.8057
-3617.1125 1128.7386
-3612.3048 1273.2301
