2538.5054 -568.5577
2339.9884 -556.0777
2120.1192 -544.0969
1925.7268 -573.2198
1772.1396 -563.4159
1617.2840 -530.2002
1451.3768 -485.5877
1296.2678 -428.0894
1131.6660 -381.4201
968.2170 -344.7893
805.7284 -318.1432
665.7846 -311.9022
547.4147 -304.1905
428.7109 -273.5686
310.0256 -220.0520
192.0300 -177.0066
85.1654 -133.2543
-31.8502 -77.8111
-148.2199 -21.6814
-263.7698 46.2693
-346.9504 114.3388
-428.9795 205.0491
-510.1246 296.1661
-600.3115 399.1694
-667.8110 524.1816
-723.8597 649.1069
-768.6485 773.8266
-800.5251 931.6425
-821.9670 1077.9257
-834.0997 1201.4680
-836.6658 1313.3543
-819.6128 1424.1421
-793.7495 1523.2512
-758.5892 1621.8478
-716.5081 1686.6023
