786.7430 -731.5489
699.0593 -723.2391
611.6963 -725.7365
524.3255 -727.9000
447.8705 -729.5196
371.4113 -730.8841
305.9998 -742.9736
251.4636 -754.7568
207.8179 -766.3129
163.9996 -755.5440
120.1161 -722.4532
76.2418 -655.9223
21.7162 -578.2038
-54.1169 -500.3108
-140.1712 -410.9629
-247.2647 -343.2561
-386.0411 -285.5328
-513.3802 -227.1106
-661.3330 -167.1614
-808.8605 -117.1892
-945.0600 -66.5543
-1081.1765 -26.0469
-1194.9432 25.3464
-1308.0941 77.5074
-1452.9728 121.6359
-1609.5984 145.4840
-1765.9180 170.6951
-1923.0634 186.0482
-2075.0728 247.7604
-2300.2691 308.6900
-2564.7619 309.2325
-2795.0639 331.3495
-3014.8263 354.7134
-3240.7649 405.5601
-3498.9464 454.2047
-3682.0349 503.3303
-3956.5937 575.4774
-4158.3084 635.2677
