1543.1608 -749.2559
1433.2533 -745.1136
1322.3069 -718.1041
1222.4944 -690.0470
1143.1935 -627.0255
1065.1545 -586.1379
997.7333 -533.3926
930.1183 -469.3514
852.0167 -405.5994
765.0323 -386.5819
720.8892 -354.6750
677.8653 -356.0974
623.7739 -346.6194
580.4779 -336.7153
537.2213 -326.7266
473.0010 -339.4014
430.0068 -340.3221
354.5866 -330.5985
289.9758 -320.4637
171.8408 -321.7628
64.4086 -311.2472
-42.9391 -311.3022
-161.0202 -310.7275
-290.1206 -331.5860
-429.1463 -295.8197
-578.7275 -269.9316
-728.7153 -265.2084
-877.7651 -237.1069
-1034.9586 -162.7213
-1194.8368 -153.9321
-1367.4588 -176.6917
-1526.6292 -154.1096
-1682.8285 -96.5761
-1851.7894 -70.3102
-2016.3349 -111.1016
-2186.4076 -93.2685
-2364.3947 -50.0697
-2494.2584 -57.1105
-2632.0729 -39.2802
-2781.8456 -30.3182
-2907.3131 -0.5671
-3067.5149 12.2089
-3183.7152 30.8176
-3299.8018 50.1777
-3447.3755 75.9143
-3552.6610 95.0565
-3668.3499 116.8501
-3773.4032 137.3386
-3884.4894 183.8783
-3990.5515 254.6319
-4064.5469 319.4622
-4135.4062 396.5591
-4192.5160 483.5212
-4258.8561 573.5035
-4316.6594 649.8433
-4370.7231 738.3882
-4429.6989 804.0009
-4501.8377 899.1166
-4565.8696 980.4290
-4642.1055 1053.5668
-4734.1726 1106.9571
-4822.0547 1173.0133
-4909.0745 1239.9892
-4966.0546 1298.0661
-5051.4437 1366.6424
-5107.0559 1425.8716
-5162.0341 1485.5835
-5224.7817 1522.0465
-5282.9562 1570.8361
-5336.2748 1631.9883
-5375.0219 1701.7804
-5426.9186 1763.8523
-5450.1256 1842.4525
-5481.0824 1952.8652
-5468.9082 2059.5134
-5409.2519 2173.5061
-5431.6539 2268.2671
-5356.8203 2432.2109
-5230.6189 2543.3020
-5293.8545 2673.6046
