1316.1709 -213.7315
1206.7678 -175.6344
1098.3341 -148.1998
1000.8334 -119.7190
893.4670 -102.4389
796.9214 -84.1949
689.9514 -65.8816
583.5153 -58.1489
466.8361 -61.2347
402.5129 -29.2545
328.0041 -8.3817
179.8790 -10.2963
42.3489 -22.1935
-127.1172 -32.9494
-286.3251 -53.5311
-425.1040 -95.5622
-554.1037 -148.0927
-661.3330 -167.1614
-758.0941 -186.0864
-855.9258 -226.8629
-944.3563 -290.0185
-968.6937 -355.9401
-992.6126 -410.7068
-1037.2217 -442.1311
-1090.6843 -428.3056
-1152.6415 -369.0994
-1202.8771 -299.0992
-1241.3566 -218.3908
-1258.0985 -138.8888
-1261.1466 -15.3447
-1222.3991 94.3111
-1165.6472 158.0058
-1099.3981 210.0244
-1011.3491 283.3599
-914.1248 345.3310
-819.1243 374.3046
-714.5714 392.1864
-672.7292 401.7276
-641.6944 400.5954
-621.0034 399.8705
-589.9653 398.8278
-558.9253 397.8386
-527.8836 396.9031
