-707.2392 -622.6698
-848.6318 -617.7610
-979.1213 -612.4333
-1098.7107 -606.8763
-1197.0623 -613.0187
-1284.6022 -619.3712
-1370.9990 -603.0267
-1457.9400 -597.5160
-1546.8898 -625.2705
-1646.9124 -651.9484
-1734.0196 -645.4206
-1810.2197 -639.4264
-1884.7723 -610.6776
-1959.1542 -581.6233
-2042.3844 -528.7276
-2113.4156 -465.1649
-2204.4665 -387.7263
-2295.8597 -320.9667
-2386.5998 -253.6029
-2489.8711 -206.9835
-2582.0302 -161.0347
-2705.6773 -110.2401
-2831.7376 -81.2248
-2957.5346 -51.2936
-3072.4728 -22.0906
-3187.1631 7.9028
-3310.3493 51.9751
-3445.4839 87.4296
-3586.1933 89.3737
