2113.9123 -601.5204
2037.8252 -608.5880
1971.7357 -603.1764
1904.8521 -586.3401
1813.9205 -537.4290
1724.0631 -499.5077
1623.6447 -462.1355
1514.1527 -447.5666
1427.0775 -442.2620
1329.2666 -437.2919
1231.5213 -431.8954
1142.9872 -392.0081
1053.6949 -329.5109
965.3163 -277.8860
867.5128 -248.7036
759.2848 -219.5011
662.3803 -200.5625
565.9568 -192.3175
480.2928 -183.3778
394.5003 -162.9608
319.5299 -142.0282
233.8192 -98.7106
159.0733 -54.9598
84.6020 0.1825
21.0778 66.7285
-10.4955 144.5565
-41.8041 222.4369
-51.9946 311.4198
-61.9911 422.6484
-61.6599 511.6054
-61.2775 611.6819
-81.1792 711.8437
-90.7213 811.9731
-80.0893 911.9978
-49.7420 1000.8336
9.9245 1034.1174
59.4988 1045.3463
128.8083 1056.8818
208.2394 1046.6120
308.3786 1003.7506
