-1199.1449 -657.6976
-1328.6831 -628.0156
-1480.3223 -607.2806
-1631.7611 -585.4603
-1782.9908 -562.5446
-1934.0024 -538.5228
-2052.2971 -516.4509
-2148.7797 -495.8186
-2245.1269 -474.7067
-2352.1369 -451.9388
-2437.4021 -431.0284
-2522.5419 -409.7262
-2629.0952 -385.3826
-2744.9294 -347.6523
-2881.8867 -306.1897
-3018.4114 -263.6253
-3082.6654 -254.1717
-3146.8911 -244.5036
-3201.9554 -247.7578
-3267.7541 -249.1999
-3367.3253 -256.7735
-3488.4253 -260.3658
-3588.2158 -267.0594
-3697.0653 -259.8560
-3829.1562 -259.7937
-3970.1809 -245.2569
-4079.0876 -236.1176
-4184.0158 -202.9103
-4278.0429 -171.2453
-4371.8609 -138.9988
