1585.9653 -386.1019
1400.7825 -365.3764
1216.0192 -343.1540
1063.9093 -317.8128
901.4569 -291.9161
729.4565 -287.4824
568.3021 -281.3576
417.9945 -273.7868
257.2377 -276.3972
85.7913 -288.9307
-75.1433 -311.2115
-182.4891 -310.5515
-279.0965 -309.4872
-386.0411 -285.5328
-514.1749 -260.4950
-663.4156 -233.9640
-823.4180 -217.0303
-972.0140 -188.1812
-1098.3341 -148.1998
-1213.5465 -107.9953
-1359.3975 -53.7169
-1536.1861 4.2512
-1704.3341 29.4743
-1862.6653 43.9888
-2009.1867 69.9800
-2165.9335 98.3569
-2364.3522 133.2879
-2583.2197 173.3190
