1776.8003 -630.7966
1666.5320 -616.6962
1546.2166 -614.0671
1425.9652 -610.8134
1306.3534 -618.1135
1131.3212 -605.2487
955.6743 -568.7696
845.9780 -539.7507
747.3735 -509.8663
659.8270 -479.2506
572.5028 -448.3130
485.1725 -405.9216
398.1532 -363.2046
268.6313 -331.8712
128.8812 -322.0703
21.4696 -311.3352
-96.5640 -300.0037
-214.4753 -288.0042
-332.2599 -275.3338
-460.8594 -272.8806
-600.4619 -280.4548
-750.1393 -264.4449
-899.6239 -247.3312
-1016.8224 -230.7157
-1122.0077 -191.6733
-1214.8525 -130.3294
-1295.7666 -57.9742
-1386.5621 15.5737
-1477.4225 78.4972
-1586.7271 166.1130
-1695.8680 243.3843
-1793.5623 320.4913
-1879.9141 397.2432
-1956.3170 462.2316
-2033.3715 516.4602
-2109.4570 491.1893
-2175.4554 464.9005
-2202.0286 502.4974
-2228.4259 540.1691
-2299.5247 629.7257
-2369.5088 719.8059
