2053.4022 -277.8317
1935.4693 -289.1204
1827.2977 -287.5548
1730.7711 -295.7826
1634.2093 -303.5535
1525.3584 -289.2592
1384.5241 -276.6134
1243.9049 -263.0723
1114.2126 -248.0572
984.7360 -232.2745
845.2325 -227.3049
695.1445 -221.7707
534.2091 -204.3084
394.7100 -174.0853
266.1349 -131.6782
148.7146 -88.4026
21.1863 -33.3472
-116.2613 11.4650
-231.8504 68.1075
-368.1923 103.6078
-525.3331 129.5420
-684.0836 101.1319
-821.7841 84.2154
-938.1360 78.3608
-1032.3149 94.3593
-1136.8688 111.4620
-1261.5226 141.7097
-1393.7685 207.1483
-1527.8460 240.1296
-1682.3293 276.0520
-1824.7399 323.5712
-1976.7958 373.4994
-2108.7418 411.2203
-2250.5015 451.3503
-2371.1157 490.0031
-2479.3382 539.4703
-2566.4740 586.7515
-2642.8917 633.0506
-2729.0074 681.4616
-2824.7138 732.1793
-2931.9722 774.0619
