897.2682 -459.5711
754.9913 -409.2434
613.6258 -369.1984
505.7450 -360.9093
397.9570 -352.0798
279.6533 -353.9756
161.3414 -355.2090
21.5017 -344.6938
-107.4012 -322.1911
-267.9554 -276.2618
-416.7009 -207.0357
-542.8665 -126.1236
-657.3904 -44.6941
-750.2336 25.5280
-841.8559 107.4081
-932.0246 200.9689
-1021.1248 295.0836
-1119.4656 390.4006
-1205.4342 496.8716
-1279.8131 603.1729
-1321.5066 718.7078
-1342.0334 832.7916
-1351.8222 946.1057
-1361.0013 1059.4465
-1349.9104 1171.0669
-1320.1758 1269.7724
-1290.5062 1368.4621
-1265.4940 1422.5345
-1249.0246 1488.5986
-1264.6697 1523.7335
-1311.1923 1539.2194
-1360.1393 1532.5653
-1411.7615 1503.7552
-1484.1327 1465.8972
-1556.9088 1428.3229
-1671.6506 1373.0375
-1785.7568 1329.6281
-1879.5219 1295.6500
-1959.0029 1294.4728
-1994.4899 1322.0544
-2006.9308 1369.5081
