1721.0875 -172.3803
1707.7248 -139.6343
1545.4737 -118.9006
1479.2467 -90.1315
1423.7966 -60.4366
1379.0793 -29.8914
1324.6412 -11.1698
1302.7475 -1.4113
1269.5853 18.8480
1258.3061 29.3333
1235.0659 61.4830
1199.9469 115.3122
1174.7268 180.9766
1139.1341 245.9994
1084.2489 287.4978
1029.5819 329.1157
995.8641 371.9821
962.2717 414.8861
897.2786 467.3842
821.2502 541.8579
746.3368 605.4437
661.7803 668.8915
549.4403 676.0385
457.8937 673.3277
386.9572 660.4371
305.5034 658.7844
224.0419 657.5208
