1265.0375 -665.3095
1164.9514 -625.9066
1055.2267 -608.9716
945.2434 -580.3854
825.4134 -574.0019
717.1634 -588.9119
609.3369 -625.5436
512.0932 -661.3747
403.4958 -685.8296
305.2232 -676.2369
206.9399 -655.1027
119.5452 -600.1331
54.1670 -522.5500
-21.6164 -467.0086
-75.4772 -411.2888
-129.0097 -344.3104
-160.8577 -288.4868
-181.9321 -243.8279
-213.4788 -187.9152
-244.8452 -131.9479
-276.0264 -75.9252
-306.6706 2.3988
-357.8840 92.2854
-408.3058 193.4583
-447.6741 294.5426
-507.1881 396.3092
-556.7152 464.6087
-626.7344 522.6673
-686.4610 569.5050
-756.5535 605.8885
-826.8998 631.4490
-897.6573 646.1795
-979.8619 639.5068
-1081.7899 645.6431
