669.3751 -434.3807
560.6288 -404.0763
451.7277 -350.9991
332.9319 -319.8264
214.4753 -288.0042
149.9811 -266.3263
42.7414 -211.2261
-21.3483 -189.0205
-85.2112 -144.3741
-170.0522 -99.3536
-233.1748 -43.1044
-275.1040 -9.1938
-369.4794 36.8656
-453.1312 72.0304
-536.7867 96.4493
-630.3639 132.7244
-703.4550 146.4320
-787.4032 149.7250
-871.3357 153.3910
-945.8881 134.6114
-1010.6757 104.3914
-1086.8201 63.7902
-1163.2570 23.4311
-1249.8626 -4.8514
-1336.7109 -32.8060
-1454.8175 -46.9423
-1549.3474 -28.5039
-1677.3299 -29.3140
-1805.3834 -29.3142
-1913.3696 -41.8054
-2021.5248 -53.7659
-2128.6926 -53.9313
-2235.9151 -53.5386
