-108.9639 -666.9082
-217.9255 -666.1214
-326.8827 -664.8098
-435.8331 -662.9731
-544.7746 -660.6108
-653.9871 -668.8568
-752.0554 -665.8116
-839.2168 -662.7465
-937.2601 -658.8947
-1045.7259 -642.9549
-1154.0726 -626.4687
-1240.5529 -610.6492
-1337.2092 -582.6409
-1445.1496 -564.6465
-1552.2574 -534.8867
-1659.8750 -515.7517
-1778.1727 -495.1657
-1896.3064 -473.8849
-2004.3967 -464.1656
-2121.2705 -430.2815
-2237.8372 -395.6504
-2342.2074 -350.1475
-2443.7567 -281.3262
-2555.2513 -210.4321
-2676.5567 -137.2304
-2796.9190 -62.9577
-2898.3037 -13.5291
-3011.3856 26.8370
-3138.0495 46.8567
-3259.3729 31.5772
-3379.1129 28.3902
-3475.9869 33.5981
-3564.2406 25.7854
-3646.7351 53.0019
-3731.0714 69.0785
-3804.8069 83.4827
-3889.0067 100.3328
-3962.6192 115.4184
-4046.6745 133.0524
-4107.4083 158.2490
-4176.1607 197.7511
-4231.7956 247.0091
-4289.5088 284.8674
-4344.4541 334.7904
-4391.2325 370.7735
-4448.1334 409.5438
-4502.0658 460.4240
-4555.5902 511.6528
-4605.8410 575.0437
