1941.9414 -798.2787
1743.3926 -791.3772
1544.4209 -771.6655
1356.7455 -749.7437
1190.7788 -714.1198
1013.9417 -666.7584
837.7565 -618.1704
640.2575 -557.8310
433.1109 -507.2088
237.7763 -465.7146
64.7878 -444.6830
-118.6066 -411.0933
-269.2939 -387.4808
-419.2580 -340.5386
-568.5901 -292.4877
-750.1393 -264.4449
-910.3272 -246.8625
-1080.9881 -227.4468
-1240.0674 -196.0510
-1410.1273 -173.7804
-1577.3863 -116.4223
-1743.7392 -57.4579
-1930.2951 5.2140
-2074.7529 54.1506
-2247.4892 130.6019
-2409.7977 196.3914
-2582.9787 254.0623
-2756.8692 302.3351
-2895.3104 370.3119
-3010.1396 447.6321
-3117.5659 501.4336
-3211.9729 565.6783
-3289.5300 603.9199
-3358.7881 629.1884
-3415.3950 664.2333
-3479.5318 713.1321
-3538.3061 785.4058
-3596.2747 858.1229
-3670.7391 947.3419
-3760.9297 1053.5414
-3862.0261 1151.7860
-3955.0470 1274.3487
-4055.1735 1400.9025
-4151.3691 1566.3875
-4246.8670 1722.0834
-4351.4440 1871.0497
-4429.3869 2027.0745
-4498.5549 2143.3801
-4547.0276 2280.2741
-4570.9270 2396.0121
-4584.0768 2508.4859
-4573.1377 2625.3258
-4533.1259 2757.4930
-4491.2687 2889.1489
