891.7622 -939.7772
736.5499 -900.4363
570.7907 -860.4324
427.5991 -830.0692
295.5592 -787.6066
152.9389 -733.3784
0.0000 -656.0510
-163.0156 -599.8578
-336.2849 -553.4154
-519.9595 -516.4496
-724.7070 -477.1832
-918.8773 -458.6641
-1100.9491 -416.5947
-1238.7323 -364.2457
-1353.0496 -289.9085
-1458.0604 -249.1023
-1574.9781 -229.2573
-1704.1525 -230.2490
-1833.3943 -230.4519
-1940.3193 -220.6472
-2035.4652 -200.0758
-2085.6158 -160.9008
-2105.8339 -147.4321
-2143.9035 -97.8671
-2221.6790 -20.8906
