-634.0671 -747.4108
-688.4276 -734.7058
-720.2904 -700.2870
-752.0554 -665.8116
-784.0627 -642.4197
-837.0163 -595.8827
-911.0208 -537.1548
-984.1619 -466.9653
-1079.3789 -417.6914
-1174.1659 -367.9191
-1268.5103 -317.6404
-1375.1862 -299.6887
-1482.4594 -292.3511
-1589.6954 -284.4528
-1717.4610 -263.0137
-1845.0272 -240.7299
-1962.6984 -229.8654
-2092.0599 -228.4887
-2218.0802 -192.4675
-2355.6006 -165.6057
-2523.4824 -122.4104
-2669.5565 -80.4406
-2834.7934 -22.7778
-3014.6603 3.9972
-3181.9815 42.2734
-3374.8173 122.2240
-3584.7641 160.6323
-3788.0614 176.3144
-3970.4599 189.7107
-4145.9186 239.9159
-4339.0737 308.8208
-4505.2854 349.0715
-4704.8820 387.3262
-4917.3387 418.9112
-5103.0517 471.1905
-5284.1133 498.6043
-5461.8721 540.0764
-5629.0578 580.2894
-5802.6733 638.1406
-5985.7796 701.9255
-6134.0220 769.5703
-6245.0223 811.2939
