2069.5374 -594.3208
2043.2983 -539.9932
2017.9756 -496.9453
1980.9448 -443.6434
1919.6554 -358.5618
1805.8505 -289.4228
1687.0180 -288.0777
1557.5287 -286.8813
1438.8330 -284.1648
1317.5282 -236.0845
1205.4929 -153.3009
1116.6298 -91.2334
1017.6354 -29.4276
930.2742 22.1197
864.4019 74.9161
787.8726 138.5867
700.9101 213.2383
594.1281 276.4011
477.6849 339.8326
342.0460 370.1685
217.5326 379.3703
103.5216 389.4795
10.3455 400.3053
-93.1087 400.5428
-196.5597 401.3744
-279.3156 402.4675
-362.0653 403.9411
-413.7799 405.0554
