1401.0411 -758.3189
1255.2111 -688.2657
1121.4345 -628.1232
998.6385 -555.7002
888.5274 -515.7483
768.6729 -497.9760
670.3264 -467.7848
561.4362 -437.4666
441.4077 -373.4782
333.0983 -330.9496
214.5839 -299.1252
96.4661 -277.7641
-10.7020 -244.6264
-106.8530 -210.9923
-192.1316 -188.1273
-287.7332 -153.6303
-383.0155 -118.6683
-488.8579 -94.1060
-605.0620 -68.6451
-721.3828 -53.6155
-848.1430 -37.4346
-995.8960 -19.3578
-1153.9986 0.4816
-1322.4060 22.3545
-1479.9663 44.9334
-1637.2408 68.8548
-1805.7792 83.8940
-1962.5235 110.6084
-2141.1810 129.7881
-2319.6470 150.7039
-2444.0676 177.8292
-2589.1363 208.7480
-2725.0298 228.0408
-2839.9004 245.1856
-3017.2046 273.1737
-3142.1878 294.0306
-3296.2171 332.8592
-3460.1422 375.1857
-3567.4481 431.9413
-3648.8801 508.4427
