3275.6177 -306.6719
3070.1055 -326.0277
2873.9061 -330.4756
2679.1298 -344.5585
2493.8954 -344.2413
2296.9742 -332.2664
2110.1183 -306.2818
1932.5667 -255.3853
1777.1780 -201.4672
1634.0335 -157.0019
1502.1122 -110.9322
1381.3632 -63.4322
1271.0177 -3.4927
1161.2645 56.9163
1051.5065 128.9621
922.1198 189.3077
773.1486 238.3938
635.8047 277.7870
478.9001 295.3278
332.7470 314.3624
197.4503 323.5300
72.6531 344.8495
-31.1371 344.7313
-134.8396 356.3241
-238.2488 379.6312
-331.0350 403.3439
-434.1797 416.6676
-547.1367 442.0331
-659.7639 468.1358
-772.0527 494.9810
-894.8707 511.9524
-1017.4713 529.8062
-1027.7362 530.4049
