1532.6391 -570.0085
1422.1678 -543.6727
1301.1074 -517.5071
1180.3198 -490.7508
1059.8133 -463.3965
938.6991 -413.1379
818.0846 -362.2952
709.4313 -332.7663
601.0694 -302.7176
493.0068 -272.1428
396.1556 -251.9575
299.4914 -231.3329
235.0727 -209.9233
181.4579 -188.2250
138.4675 -144.0795
116.9116 -99.7343
116.5894 -44.1347
105.6922 11.4050
84.3599 55.7812
63.1225 100.1794
41.9820 144.5999
20.9531 177.9238
0.0000 222.3902
-31.2755 266.8946
-62.4330 300.3326
-93.4709 333.8243
-114.0217 367.3020
-134.5776 389.6842
-165.6331 389.9423
-176.2136 367.7994
-197.3243 334.6507
-218.5107 301.5241
-240.0704 246.1771
