2681.1942 -678.3951
2611.4305 -640.5463
2530.9277 -603.8412
2418.0316 -570.5594
2309.4615 -582.1131
2208.8036 -558.1626
2130.0118 -531.7728
2015.2032 -463.1632
1922.4207 -392.2979
1807.6423 -311.8813
1682.7620 -232.0074
1590.5597 -149.1897
1476.8293 -56.5626
1374.4361 37.1849
1283.2745 131.9433
1215.8898 194.7964
1159.2924 258.4485
1146.0019 302.4345
1143.8318 335.9088
1142.3733 358.2242
1140.9053 380.5391
1129.0837 402.2018
1107.6725 412.0717
1074.5382 443.6453
1032.5767 452.3592
1000.3038 472.8895
968.1025 493.4665
944.3170 548.0736
928.8834 636.6682
913.4396 725.2537
