2435.2616 -763.1950
2314.9403 -775.5220
2181.8761 -765.6443
2038.0205 -756.0488
1902.8987 -710.9880
1822.6603 -661.0227
1751.9840 -587.5959
1649.0446 -516.5695
1545.8212 -434.0680
1486.1316 -348.3177
1438.1086 -272.9765
1400.9245 -196.8840
1364.5660 -131.9710
1331.2013 -111.7525
1298.5956 -102.6679
1254.0263 -71.8672
1209.5697 -40.9968
1164.5734 1.1070
1109.8083 31.5126
1055.8046 50.8855
991.9426 58.6951
927.6034 77.8513
852.3722 107.8729
766.8744 137.7295
701.7642 190.9697
614.1947 299.3435
516.5178 429.9846
452.4274 506.1817
388.6000 593.6958
304.6260 703.2723
221.5902 824.3328
139.8276 945.7666
59.4023 1067.5854
19.6868 1145.3219
-19.5874 1212.0390
-48.8427 1245.4640
-68.2615 1267.7791
