2236.3247 -623.7630
2152.9287 -677.3980
2067.4300 -708.0374
1993.4767 -748.6005
1881.0689 -712.7933
1750.0590 -723.1766
1609.3966 -755.9848
1550.8639 -692.4955
1449.5982 -642.9957
1335.4162 -549.0965
1221.8823 -454.8510
1096.6670 -327.3142
946.2468 -334.6152
838.3595 -328.0244
730.5572 -320.8938
674.4602 -244.7512
586.9986 -180.5840
501.8995 -193.9915
405.5910 -185.0004
340.6466 -130.5569
264.8215 -31.5825
148.0525 0.5590
21.1022 44.4895
-105.1418 111.4837
-240.5147 212.8134
-396.3720 259.9793
-551.4065 308.4947
-706.0423 347.2442
-847.9943 420.2977
