1428.5966 -868.9086
1364.8167 -917.5370
1287.8340 -921.7996
1187.4788 -893.4000
1098.2929 -864.1306
932.5251 -837.7457
767.0965 -810.2693
646.0584 -791.6446
547.7463 -805.3011
449.3447 -818.5327
361.9638 -842.2996
263.4589 -865.8547
164.7282 -877.8691
76.8434 -867.1969
-21.9466 -856.1919
-175.4322 -833.3079
-328.9287 -831.6593
-406.1560 -863.8347
-472.7482 -907.1217
-494.9240 -917.8046
-516.9178 -917.3396
-527.3030 -883.7110
-515.7111 -850.5651
-504.5396 -839.6739
-493.1779 -817.6502
-470.6886 -784.7195
-448.2444 -751.7728
-392.9259 -708.2704
-392.2539 -663.7708
-380.8610 -630.5834
-379.6729 -552.7119
-430.0068 -340.3221
-520.1616 -71.0453
-702.1890 179.8354
-876.6696 466.3554
-1177.6067 595.9043
-1465.5578 708.1003
-1625.5272 745.3733
-1935.9162 721.5789
-2112.8623 628.6325
-2323.8139 529.6394
-2477.6899 550.7682
-2619.3647 583.0963
-2760.6354 616.7240
-2909.6864 664.7642
-3009.3399 693.8705
-3100.7178 710.4040
-3199.9133 740.8196
-3280.8887 756.5180
-3447.8310 814.2333
-3628.6583 901.5166
-3757.7823 979.7439
-3898.3353 1050.4932
-4030.8367 1108.8912
