1694.3211 -242.3458
1639.9757 -235.4560
1584.8580 -217.2340
1529.0341 -187.6972
1493.8678 -145.3003
1458.7876 -102.8805
1433.6158 -48.4881
1397.9162 5.1452
1331.4532 45.4236
1275.0126 97.7307
1218.0820 161.3027
1173.3090 203.2991
1117.5691 255.8905
1072.4885 309.1960
1004.9250 394.8520
927.5698 480.1163
820.1229 564.1340
694.2738 625.5756
579.9521 677.0518
518.1804 697.3332
435.9684 728.4150
354.3535 748.7544
283.4912 747.4051
202.4990 746.2305
162.0008 745.7900
121.5015 745.4474
81.0014 745.2028
