918.1934 -737.8312
774.5105 -687.3579
631.6458 -647.2087
478.3626 -606.4539
336.5889 -575.6622
206.0209 -543.8929
86.6271 -511.3259
-21.6266 -478.1281
-129.6366 -455.5111
-248.1111 -421.1070
-377.3683 -408.0951
-495.9523 -405.6743
-624.9976 -391.1495
-743.1284 -376.2068
-861.1200 -360.5894
-968.6937 -355.9401
-1075.7137 -339.5817
-1182.0096 -311.4889
-1298.1149 -270.9655
-1403.8183 -241.6208
-1502.3980 -268.4269
-1591.2823 -306.8610
-1668.0505 -323.4395
-1744.9367 -339.7782
-1811.1823 -356.8019
-1889.1964 -383.9440
-1965.5107 -388.3694
-2052.6455 -391.5068
-2139.8298 -394.3092
-2194.7332 -400.1228
-2260.4516 -404.6761
-2325.1170 -397.7403
