1531.3704 -378.8433
1501.2239 -414.7319
1448.6703 -440.8217
1372.4420 -434.5829
1305.1846 -393.9039
1247.6523 -330.0989
1179.6325 -266.8259
1123.7596 -225.1555
1078.7376 -182.8165
1013.6366 -163.7971
949.6641 -166.8890
885.6824 -169.7780
822.1261 -183.6058
747.8141 -197.6178
662.3803 -200.5625
566.5500 -214.5773
459.9121 -228.3748
331.7489 -241.9645
203.4400 -254.7492
74.9140 -244.4933
-64.1788 -233.4097
-192.3336 -210.3687
-341.1947 -163.9267
-489.3904 -116.3602
-636.1916 -45.3868
-781.4698 37.9113
-935.9405 122.9468
-1079.1359 197.6555
-1221.1086 273.6272
-1351.4349 350.1122
-1482.4626 405.3671
-1590.9765 471.0695
-1688.3121 536.6147
-1774.5685 601.8128
-1870.2023 668.7109
-1964.9275 736.3303
-2092.0177 786.0009
-2168.0036 830.1188
-2260.2074 899.9817
-2329.6798 978.9286
-2390.5538 1103.4250
-2487.0100 1188.1754
