1232.7984 -73.1928
1183.7075 35.8656
1146.0314 134.4089
1129.3904 234.2059
1113.3830 322.8287
1087.7035 399.6559
1031.2045 474.6586
934.0633 547.5222
838.2765 609.6664
764.6116 650.8808
701.4732 692.7872
638.1863 746.0248
585.8277 788.6871
534.5473 809.2369
503.9225 819.4128
482.6768 852.1859
451.1357 895.8238
430.0900 928.6514
399.1524 961.2493
368.0535 1005.0224
336.8578 1059.9693
326.1520 1093.1255
315.2262 1137.4088
304.3547 1181.6970
293.5387 1225.9902
281.7925 1314.7732
280.7959 1359.2577
317.5069 1437.8979
363.5833 1505.7651
399.9583 1562.4039
426.4715 1618.8569
