-207.9034 -777.4339
-437.3128 -751.9827
-590.1012 -737.4404
-720.8987 -722.5626
-841.3574 -729.6125
-1005.5941 -734.1740
-1178.8686 -692.3481
-1361.9120 -637.2444
-1524.4688 -615.5585
-1687.5446 -603.8476
-1871.4431 -577.8621
-2055.0540 -550.2526
-2217.6854 -534.4908
-2371.4835 -541.2904
-2532.9187 -511.8193
-2685.6576 -505.1103
-2826.3343 -487.3512
-2999.3260 -464.1690
-3172.1421 -439.5100
-3341.7242 -390.3193
-3490.8476 -354.5652
-3621.5259 -344.4450
-3739.7274 -323.8110
-3859.6089 -314.0945
-3990.2211 -301.6615
-4122.7213 -300.1509
-4320.3197 -223.4634
-4493.2876 -136.9669
-4667.2361 -60.0192
-4861.2011 24.4840
-5051.1932 123.9394
-5245.0026 202.3001
-5416.7944 277.4562
-5501.4733 341.9343
-5583.8996 499.3431
-5669.6509 714.0290
-5720.8174 879.8829
-5745.8495 943.0498
-5768.1320 978.3326
-5800.1677 1017.3897
