1936.8480 -436.3162
1877.5262 -373.6570
1830.0127 -321.2510
1751.3507 -282.7714
1629.2780 -236.3040
1518.3605 -188.4940
1430.7060 -161.1043
1353.1966 -121.5096
1285.1602 -58.6636
1206.8694 3.6660
1128.9795 66.2053
1041.0021 128.3861
964.5801 180.2570
888.5389 232.3697
823.3048 285.1910
758.4119 338.1927
683.5191 390.9840
598.7337 443.6884
493.5461 507.2855
389.6788 549.2012
276.3155 580.4141
163.4043 612.3475
50.9564 645.0073
-60.9727 689.5191
-172.1254 745.8909
-302.8401 792.2475
-443.4692 817.6776
-584.0748 833.1999
