1672.9689 -548.5782
1596.3295 -542.9921
1530.5791 -536.4054
1453.3762 -519.1642
1375.6525 -490.5033
1296.2678 -428.0894
1238.1268 -353.0747
1191.5496 -288.5472
1144.5507 -212.8137
1098.3341 -148.1998
1063.5072 -94.1290
1028.2263 -28.8785
993.0822 36.3948
958.0817 101.6928
912.7488 166.5087
857.7276 219.7631
802.9772 273.1353
737.6455 337.3419
652.0395 400.9669
536.4604 452.8476
442.4465 494.7959
349.1444 526.0886
256.2041 557.8577
184.0867 590.3124
112.2623 623.0589
40.7361 656.0996
-30.4864 689.4369
-101.3999 723.0733
-151.9875 734.5751
-192.5157 734.9907
-222.9111 735.3666
-253.6755 713.5552
-254.2262 680.1916
-254.7721 646.8279
