1753.9972 -180.8681
1635.7478 -179.4161
1507.6865 -189.2851
1368.1751 -187.8723
1229.3896 -196.6958
1133.2748 -202.2454
1047.8192 -206.7955
962.3459 -210.9860
887.0809 -203.2131
823.4180 -217.0303
769.9742 -219.1033
673.4122 -211.3482
587.3081 -191.7147
501.3696 -171.7362
426.2548 -151.1887
383.0155 -118.6683
328.9223 -63.9962
285.5225 2.0793
231.7154 79.2287
146.9355 145.1213
52.3511 189.1044
-73.1571 222.5332
-198.1977 256.8061
-312.1502 302.8747
-435.8762 349.9180
-579.9966 387.3629
-744.1584 426.8487
-917.8864 468.4370
-1111.3477 513.1051
