1209.4535 -892.2938
1085.5985 -819.9900
974.0268 -769.0440
874.1240 -728.3879
818.1288 -685.8303
762.2907 -643.1673
685.1823 -612.2096
597.9303 -603.5726
532.7133 -605.2237
489.0156 -595.0907
434.1025 -562.8385
335.6689 -508.9219
226.8614 -454.7093
107.7722 -400.0304
-10.7562 -355.8215
-139.6212 -322.0017
-268.2274 -298.5056
-418.2072 -284.9121
-568.0129 -270.2274
-717.6358 -254.4454
-867.0667 -237.5595
-1016.2966 -219.5623
-1175.3812 -188.6707
-1333.3396 -145.2832
-1501.3038 -99.7398
-1657.9696 -53.5181
-1825.5555 -16.1379
-2003.1687 23.8998
-2202.5022 56.8510
-2432.9295 95.9852
-2683.7126 141.0691
-2945.8776 180.0170
-3184.6968 230.7405
