1784.8548 -438.1329
1660.5482 -369.1389
1559.0828 -309.2826
1468.7644 -248.3447
1378.8484 -187.1539
1310.6355 -124.3260
1232.1226 -62.0247
1187.7151 -31.1171
1153.9986 0.4816
1130.2782 43.8869
1076.8992 52.0453
1034.1135 60.9017
1032.3149 94.3593
1050.8839 140.1154
1036.6429 206.4522
971.4928 247.6832
926.2677 312.4208
892.2213 366.5873
847.4368 431.4377
813.7457 485.6897
780.2178 539.9797
757.0819 594.7534
745.2897 627.7128
734.0481 649.5412
722.8291 671.3739
711.6329 693.2108
700.4598 715.0521
689.3100 736.8978
678.1837 758.7479
