2819.3266 -626.9837
2693.8998 -584.7533
2568.8141 -542.0965
2456.0099 -509.1151
2355.3617 -485.8783
2255.9383 -473.5864
2157.6316 -472.1863
2058.4248 -459.0977
1949.4559 -457.8436
1840.5416 -456.0637
1730.8756 -442.5353
1619.8255 -406.0882
1509.1053 -369.1863
1397.3405 -309.4505
1286.0914 -249.2837
1154.0327 -189.8886
1022.1100 -118.6489
891.5112 -57.8594
773.1048 -18.2006
666.1143 11.3281
569.6781 52.8394
495.5617 61.9383
421.7674 60.1896
348.1682 47.5995
274.7920 13.0500
211.6213 -9.9801
137.7102 -32.8783
53.0249 -55.5267
-53.0249 -55.5267
-180.1822 -43.6579
-328.3734 -30.6275
-486.9632 -16.2168
-655.9168 -0.1619
-825.0961 6.2314
-1005.3501 3.4832
-1206.8694 3.6660
-1419.8569 -4.5173
-1631.3245 11.9489
-1842.6011 30.7499
-2053.6600 51.9048
-2273.7143 87.9584
-2481.2615 136.6716
-2637.1411 169.2189
-2890.1347 194.6904
-3109.7306 229.8472
-3339.3050 269.6738
-3585.0828 280.0418
-3847.4002 321.0633
