1760.2482 -711.1105
1672.9201 -717.6601
1606.7414 -711.1376
1529.6917 -705.1728
1441.7794 -699.6571
1320.6377 -684.5602
1199.6597 -668.8677
1078.8501 -652.5749
966.9610 -579.4506
845.5922 -528.6067
734.8284 -454.5440
645.9128 -368.2400
557.2982 -270.5177
512.5761 -193.7265
436.2044 -117.5847
381.9683 -63.0475
359.5394 3.2975
347.7651 69.8459
293.8621 146.8246
240.5147 212.8134
197.9502 279.0474
155.8830 323.1291
114.0217 367.3020
82.6547 422.7318
30.8926 478.1658
0.0000 555.9754
-30.6172 622.7197
-71.0834 700.6783
-91.0595 756.3745
-120.9612 812.1668
