2140.8414 -405.5864
2083.9688 -377.1028
2025.2352 -326.0103
1956.9162 -287.1191
1879.0240 -260.3099
1791.5211 -245.4402
1704.1525 -230.2490
1627.6080 -213.8896
1542.8933 -231.6857
1445.8759 -227.4769
1338.2345 -223.5278
1208.0330 -197.9685
1079.3035 -193.9739
950.1661 -178.0378
831.4736 -149.7470
722.1795 -75.8876
634.4059 10.2741
516.6445 62.4897
399.5114 115.3639
324.3628 202.9508
209.0163 223.5580
125.2568 245.0505
41.7006 266.9151
-31.1770 322.4923
-155.2813 389.8503
-268.6181 424.5532
-288.8963 447.1185
-505.1831 463.0699
-627.5852 500.4064
-760.2187 527.9414
-901.4362 579.3306
-1020.6379 641.8878
