2367.8349 -621.6808
2203.6898 -626.9901
2029.5685 -643.3720
1918.2175 -619.1548
1772.1396 -563.4159
1648.2934 -505.3559
1504.0571 -459.5183
1371.1386 -412.2160
1228.5697 -376.0420
1086.9973 -350.1896
957.4660 -345.2797
848.6790 -316.4499
739.0492 -253.6920
630.3397 -201.5744
512.0349 -171.4705
404.7279 -140.5013
297.4211 -86.7421
211.8595 -32.2219
105.6319 22.5249
0.0000 66.7170
-94.6835 100.3091
-210.2804 112.3496
-315.4125 113.7931
-420.5350 115.8144
-515.4384 107.0004
-620.5957 110.1176
-726.5870 91.5423
-821.7841 84.2154
-927.6034 77.8513
-1022.3866 82.6452
-1159.9243 79.2390
-1287.0274 76.0904
-1424.7550 74.5357
-1552.9235 61.8997
-1700.4582 74.3177
-1836.3065 98.1075
-1969.5941 145.4118
-2103.4940 182.5682
-2248.7234 210.7907
-2383.1835 238.9081
-2514.2846 290.7318
