-258.5226 -387.6143
-333.7569 -375.4424
-398.1532 -363.2046
-483.7492 -339.1575
-569.1628 -314.7481
-654.7204 -301.1068
-729.0866 -276.3454
-813.1514 -228.5972
-886.1503 -180.9230
-917.1875 -157.2122
-948.1466 -133.4433
-999.7503 -97.4158
-1030.5038 -73.4911
-1051.1541 -61.2266
-1061.1759 -49.5071
-1071.1834 -37.7805
-1091.1552 -14.3063
-1121.0039 20.9583
-1161.2645 56.9163
-1209.7467 127.1389
-1258.5132 186.3816
-1297.2432 233.9076
-1336.5457 270.3789
-1385.1897 318.9218
-1444.7977 357.2866
-1545.5068 399.3989
-1647.8706 419.7749
