1324.6412 -11.1698
1266.6896 63.5273
1199.9469 115.3122
1143.3007 179.0468
1067.3715 219.3656
1045.8254 229.3377
1035.3782 228.7557
1024.9307 228.1796
1014.4829 227.6095
994.1938 215.3376
941.9143 212.6370
879.1690 209.5901
795.0074 216.9948
679.1629 234.7346
552.7932 263.9808
436.9891 305.4178
301.1709 336.0676
134.6652 378.5641
-20.6774 411.4337
-154.9761 423.2109
-279.1325 413.5893
-341.3786 403.5370
-424.6761 383.0467
-528.9123 363.5205
-654.1518 345.3078
-759.3773 315.9200
-854.0104 297.7520
-948.2568 291.1902
-1043.2446 273.9459
