10.8870 -644.9288
-43.5288 -633.7698
-119.5452 -600.1331
-217.0607 -566.0311
-303.4662 -531.6416
-389.6234 -496.8992
-475.3013 -450.6718
-582.1865 -403.5000
-678.8604 -389.5021
-775.0460 -363.9130
-881.7667 -337.4126
-999.4773 -320.9793
-1109.0477 -360.2329
-1228.5697 -376.0420
-1338.1486 -403.0817
-1456.6926 -395.3260
-1565.9212 -410.1002
-1685.2998 -412.3072
-1803.8861 -402.6398
-1954.7389 -389.3600
-2082.9710 -365.8347
-2200.2484 -342.5831
-2317.3372 -318.6079
-2422.3154 -283.8301
-2537.6947 -247.0945
-2642.0423 -210.9526
-2767.4028 -171.2579
-2884.6731 -154.9380
-3003.3856 -149.3199
-3141.8158 -128.2658
-3290.7322 -104.4435
-3439.4705 -79.4178
-3602.3461 -74.3842
-3758.5508 -93.3321
-3904.4723 -113.4577
-4044.0418 -158.3832
-4194.6963 -200.7265
-4361.0128 -202.6256
-4523.2478 -179.6718
