1536.1861 4.2512
1406.8987 28.2666
1287.7701 64.9193
1192.2085 70.0023
1119.0845 54.4344
1056.4100 39.7313
1003.6376 36.9364
940.3009 33.7732
866.3956 30.3451
792.9293 16.0600
719.3654 2.0637
656.2872 -11.2949
603.7173 -24.1210
551.6955 -59.0586
531.6478 -104.1506
509.8288 -82.4475
519.2966 -37.6612
517.8337 17.9785
495.2740 73.0654
473.0916 117.0419
451.2633 149.9107
429.5015 182.7990
418.0056 227.0625
405.7811 304.7024
393.3515 393.4679
370.9313 470.8926
370.1823 504.2626
369.4263 537.6325
368.9184 559.8790
368.1508 593.2486
378.1109 604.5926
388.6000 593.6958
399.1024 582.8046
419.8564 572.1634
440.3326 572.6701
