3016.3179 -612.9563
2903.8779 -593.0354
2790.4152 -561.2978
2689.2224 -539.2392
2578.5181 -529.4748
2478.7701 -518.0103
2368.3145 -507.3380
2247.1692 -497.2983
2136.9862 -485.6026
1993.5897 -465.1625
1860.4082 -431.7365
1727.6050 -397.6483
1595.1935 -362.8856
1463.1873 -327.4364
1342.9974 -301.7809
1244.5357 -274.2430
1136.1999 -258.0543
1028.0467 -241.3390
930.2891 -212.4649
832.7974 -183.1727
734.7903 -131.1835
637.9451 -101.0487
551.3894 -47.9295
454.1783 27.5269
326.3092 91.7237
220.5321 134.7100
136.1943 178.4033
52.2551 222.4631
-20.8373 277.9994
-82.9787 356.0135
-134.5776 389.6842
-196.4308 412.4950
-268.4407 435.6748
-340.2521 459.1510
-401.2967 493.8132
