875.4802 -181.3842
811.0264 -172.8924
757.2926 -163.8102
692.2106 -132.6901
627.6571 -112.5164
584.4794 -91.5399
531.0668 -81.8936
477.7079 -72.1093
424.1679 -51.0613
381.3307 -29.6752
328.0041 -8.3817
264.3740 1.7826
190.2439 12.0447
137.3210 22.7222
84.4573 33.5417
21.1022 44.4895
-31.6167 66.7429
-115.7921 89.3045
-199.7668 112.2370
-294.0376 135.7024
-388.3060 148.5196
-503.7238 151.2296
-629.9888 143.8560
-755.0187 170.7201
-879.1690 209.5901
-1023.0373 261.6321
-1154.9483 325.4035
-1285.0364 401.4386
-1413.8906 478.6054
-1531.2178 556.0189
-1637.1232 633.4579
