2793.6087 -699.4686
2728.1421 -707.3771
2589.6601 -643.0580
2440.8017 -579.5134
2302.3118 -502.9634
2189.0542 -457.6515
2054.5884 -414.0356
1921.5028 -381.0522
1778.0471 -348.3112
1644.9401 -302.7125
1500.1079 -234.8443
1366.7397 -165.5112
1244.0917 -83.7019
1132.8479 -0.7517
1024.1604 49.1892
916.5368 88.4931
820.3395 117.6360
725.3053 124.9493
640.4845 144.2065
545.3621 163.5177
471.1095 194.9257
386.6600 226.3877
313.1290 247.2628
229.2039 279.4086
155.7835 334.2493
82.8175 389.3726
10.3182 444.7833
-61.7018 500.4857
-133.1378 567.6043
-193.6301 646.0268
-253.4908 724.6764
-282.6530 791.8914
-311.9947 836.9227
-341.1416 882.0131
-370.0904 927.1629
