2346.6608 -509.6707
2232.2652 -453.2350
2140.8414 -405.5864
2039.9235 -370.0166
1949.0769 -321.8652
1848.7431 -285.6642
1747.8198 -237.8849
1626.7681 -202.6827
1464.2218 -181.2030
1312.7312 -157.8517
1172.8998 -144.0135
1044.5066 -139.8653
916.2084 -134.9189
776.9476 -118.4478
637.9451 -101.0487
499.2096 -82.7160
360.9495 -74.5676
233.4340 -65.3469
95.4446 -55.3680
-42.4200 -55.5522
-201.4915 -54.5743
-371.3593 -63.2486
-562.6131 -69.8906
-754.8516 -96.9831
-948.6544 -144.5918
-1121.4192 -180.5128
-1284.7728 -226.9358
-1458.8016 -260.2923
