2072.2226 -628.1350
2013.4458 -576.7700
1959.1542 -581.6233
1803.0804 -538.3194
1650.5371 -538.9974
1520.4242 -548.3562
1454.0369 -530.3567
1386.4712 -489.8174
1199.7115 -444.8928
1228.5697 -376.0420
1140.1992 -336.1919
1052.6456 -307.1980
967.7384 -333.6385
924.7544 -335.5697
848.2542 -305.3066
771.9558 -274.7982
662.7267 -211.6963
565.3591 -170.0577
414.9292 -118.0351
265.1171 -53.8259
94.9597 44.7102
-73.4243 155.8152
-260.4570 279.8225
-476.1437 395.4629
-803.4527 485.2194
-1082.6981 477.7279
-1318.5505 504.9644
-1494.2533 507.7388
-1635.4040 441.2231
-1820.1410 368.4441
-1981.7833 328.5538
