1153.6218 -872.6856
1109.7018 -874.7823
1054.3862 -866.1282
977.1592 -858.2724
910.5928 -838.6052
821.8705 -808.4066
743.9735 -766.4213
677.2193 -723.8948
610.9207 -692.3386
566.8061 -671.2059
522.7605 -649.9963
478.3626 -606.4539
434.1025 -562.8385
368.6582 -541.7716
303.3268 -520.5190
249.0487 -510.0798
194.8188 -499.5084
162.1981 -477.5332
129.5750 -444.3910
86.2178 -400.1283
43.0459 -366.9001
-21.5124 -355.8133
-86.1760 -389.0085
-140.3728 -444.3235
-205.5460 -488.2881
-292.2238 -498.4213
-378.4478 -474.8410
-475.0755 -439.5447
-560.0848 -381.8162
-653.7255 -267.7060
-746.2339 -153.0676
-848.1430 -37.4346
-971.9706 35.3288
-1087.4460 52.6339
-1202.7454 70.6555
-1286.2821 87.2614
-1368.8916 115.4316
-1472.2536 145.6187
-1564.8273 175.5620
-1626.7118 192.0770
-1688.4973 208.8185
-1760.6311 226.7691
-1844.2004 234.8366
-1936.9908 255.6067
-2029.6075 276.8884
-2111.6399 297.4884
-2181.7659 328.5226
-2238.4551 381.1519
-2288.7688 479.1583
