1421.5250 -532.4832
1334.8132 -537.9153
1237.2399 -543.6124
1116.9396 -527.6568
975.1633 -512.0611
832.4359 -462.1618
679.5170 -411.7721
527.7786 -382.6421
376.6336 -363.5980
225.6520 -332.3759
85.8780 -311.1702
-53.6468 -300.1579
-192.7329 -254.8516
-309.8638 -208.9294
-426.2548 -151.1887
-552.3043 -81.3170
-688.0304 -10.2092
-832.7976 73.5266
-975.0551 180.7953
-1116.1829 278.2038
-1256.4287 365.7558
-1438.2764 435.5462
-1607.2877 517.7020
-1743.9083 598.6896
-1876.3946 703.4797
-2005.3406 820.9334
-2130.2140 951.0998
-2271.9959 1085.6481
-2479.2176 1175.3114
-2670.9872 1231.0999
-2878.5825 1304.7572
-3077.2048 1368.5291
-3261.9279 1444.6742
-3393.3726 1487.2366
-3454.3443 1526.1420
-3505.6043 1599.6069
-3540.0372 1693.8017
-3573.1982 1788.2720
-3607.3379 1908.2932
-3663.0892 2047.8947
-3779.9737 2145.2438
-3921.1978 2253.0881
-4037.2592 2343.0578
-4120.5023 2436.7828
-4210.3407 2534.8938
-4290.5443 2605.0181
-4350.9932 2695.3723
-4387.7501 2790.8207
-4374.3649 2987.9798
-4241.6858 3311.3233
-4020.9462 3635.2194
