1890.6828 -270.5755
1799.4646 -210.8279
1706.8190 -128.4197
1593.4639 -47.5316
1482.4829 11.3675
1383.4086 60.2926
1317.0964 100.5715
1262.2685 130.5413
1218.0820 161.3027
1175.4321 169.8151
1112.5384 166.0128
1050.2591 151.2686
988.4751 125.5936
926.5218 100.1433
843.8214 62.8425
759.9233 48.2121
664.9729 44.7280
559.4537 41.4032
443.6178 27.2837
338.0068 25.1670
232.3858 23.6228
126.6854 33.7707
21.1022 44.4895
-73.8150 55.7381
-168.6204 67.4525
-263.4645 68.5126
-347.5625 80.9692
-452.6021 94.2820
-546.6646 119.0035
-651.3679 133.4305
-745.4310 148.0319
-828.8753 162.6517
-911.6496 188.7981
-983.7385 214.7857
-1054.9732 252.2312
-1147.4367 280.1176
-1208.4201 306.4312
-1279.6058 333.7010
-1342.7613 327.0002
-1405.9775 320.5049
-1449.3659 301.3797
-1491.9123 293.5209
-1535.4518 274.5603
-1569.6050 243.6014
-1601.8964 235.0708
-1632.2280 248.9883
-1662.5122 262.9656
-1722.9372 291.1004
-1762.3792 317.4660
-1808.6236 378.6231
-1877.4947 419.6894
-1957.5959 451.0007
-2038.7525 471.5029
-2088.8770 488.7450
-2130.0340 493.6586
-2171.1785 498.6719
