1593.6386 -340.4750
1476.0990 -360.2642
1367.8320 -356.3016
1279.8824 -328.1628
1202.8771 -299.0992
1125.4911 -258.6387
1048.3639 -217.9509
961.8440 -199.8363
864.8098 -181.8397
755.2622 -108.1208
646.0688 -22.7780
570.0064 41.7098
494.1132 117.5734
439.4405 205.2910
406.0374 293.5781
383.0018 393.2453
380.4635 504.4815
378.3755 593.4692
386.4030 682.6841
395.1329 738.5366
414.1675 783.5216
452.5184 851.3254
510.8713 908.7321
599.5807 945.2118
697.7953 982.6442
756.9567 996.5063
825.2908 1022.2488
893.3755 1048.3095
961.9867 1063.5490
1049.3887 1091.5671
1125.6597 1130.5427
1203.4791 1147.6437
1281.1271 1165.1613
