2829.0124 -614.2068
2744.3087 -647.7933
2648.4897 -682.2286
2562.3050 -703.5666
2464.0833 -714.3572
2364.8560 -713.3849
2251.9565 -679.1788
2048.6961 -607.5948
1845.6071 -523.4867
1733.2921 -476.2035
1632.1531 -427.6898
1521.3355 -390.8137
1410.8549 -353.4762
1278.6108 -305.8145
1136.7781 -269.2164
985.7483 -254.5772
834.5390 -227.7412
683.3809 -188.7252
543.1590 -137.2526
425.1040 -95.5622
307.5327 -53.2135
190.4598 -10.1966
84.5057 22.4220
0.0000 66.7170
-73.5559 122.4562
-178.0991 178.7521
-271.2133 257.7289
-352.8644 348.1207
-412.6890 449.5528
-461.1270 562.0757
-497.8662 696.7237
-499.6908 941.7962
-441.3939 1196.1758
-330.0776 1326.8957
-202.4296 1413.5856
-76.6958 1479.0996
47.6668 1545.6919
151.8057 1602.0338
235.8106 1669.9453
309.7205 1727.0497
373.1369 1795.4344
