2876.2906 -260.5660
2824.1121 -279.3128
2759.7850 -287.9296
2695.4330 -296.3357
2619.0508 -294.5226
2542.7087 -292.4528
2465.1956 -278.7992
2365.1857 -256.0595
2265.3858 -232.9500
2177.5939 -219.6124
2089.9288 -205.9577
2023.7433 -189.8795
1946.9923 -174.6534
1848.0714 -149.9074
1749.3876 -124.7680
1640.3186 -100.1037
1520.9098 -75.7468
1391.2077 -51.5105
1263.2502 -48.8549
1166.5304 -32.3803
1068.1801 17.9973
960.8638 45.9528
906.5373 76.8497
863.3945 97.2011
829.8661 140.3709
785.5096 194.2779
794.0316 239.2715
801.4668 306.5508
851.8474 342.3152
904.3227 333.6701
