2630.3504 -500.3209
2564.2531 -496.6853
2498.1916 -492.8711
2410.5293 -491.2815
2332.6675 -476.8970
2276.5159 -460.0287
2220.4367 -443.0567
2163.4176 -414.6986
2107.5045 -397.5246
2041.8722 -392.5408
1965.5107 -388.3694
1845.2304 -376.4858
1725.9490 -375.2064
1639.8131 -382.0226
1564.4235 -387.6947
1478.2416 -393.8440
1381.2602 -400.3387
1262.0853 -396.4964
1131.6660 -381.4201
1055.7682 -374.1378
968.2170 -344.7893
858.1202 -282.5811
759.2848 -219.5011
660.9813 -156.0278
563.2313 -92.1497
433.5511 4.7956
262.8475 112.9991
94.2316 189.2673
-83.6080 222.5770
-250.8172 224.0718
-418.2624 215.9378
-523.1229 207.4366
-638.5576 199.8659
-763.6439 215.6899
-887.9920 243.5127
