2762.5929 -610.9476
2672.1775 -587.3709
2581.9152 -563.5437
2480.9694 -540.6845
2381.2681 -528.8013
2271.8718 -528.9603
2172.3829 -516.2450
2063.1273 -515.4340
1953.9229 -514.1020
1844.7720 -512.2487
1734.0907 -487.4267
1625.1496 -484.5560
1505.4557 -481.9127
1396.6428 -477.9396
1287.8974 -473.4412
1179.2221 -468.4167
1059.8133 -463.3965
929.6815 -458.2025
799.2613 -441.1015
658.5819 -434.7137
518.0095 -427.4205
366.7639 -419.4065
215.6460 -410.3357
53.9123 -411.3539
-96.9950 -400.0821
-258.3965 -376.4925
-408.7113 -351.8746
-558.1459 -303.9069
-718.0030 -265.5819
-876.8564 -214.8176
-1024.8395 -174.4156
-1161.6279 -133.4655
-1275.9496 -81.6904
-1378.3125 -18.7115
-1491.3649 34.5509
-1592.3290 98.9270
-1691.5344 175.1975
-1779.3607 251.1817
-1867.4684 316.5388
-1931.6420 402.7156
-1996.2296 478.0530
-2049.7936 552.5697
-2091.0121 637.3752
-2161.8978 726.2775
-2208.2650 835.4782
-2235.1038 930.9474
-2259.3444 1037.7977
-2292.4290 1146.2389
-2326.2718 1243.6370
-2388.1509 1345.9153
-2472.0622 1429.4788
-2537.7311 1499.1314
-2626.2358 1550.2987
-2720.9727 1615.3237
-2811.9674 1692.5300
-2897.7404 1746.0929
-2995.5401 1827.1576
-3094.8016 1934.0881
-3161.0050 2046.7250
-3251.8646 2167.2157
-3321.9255 2284.0221
-3381.6935 2424.1926
-3421.2827 2584.9412
-3431.4175 2738.0316
-3425.5821 2899.5206
-3412.7921 3046.8796
-3416.2158 3213.4773
-3423.0372 3382.7781
-3407.6659 3532.1299
-3366.8449 3672.2203
-3273.1794 3791.3089
-3138.6504 3855.0257
-2980.7215 3884.7583
-2801.1948 3895.8584
-2594.9975 3901.0432
-2370.8990 3880.6104
-2136.5256 3875.2732
-1918.0562 3856.0799
-1732.7549 3861.2776
-1593.4555 3844.3527
-1539.3734 3729.9690
-1529.3928 3612.8713
-1548.0476 3466.4914
-1570.1489 3297.8072
-1582.4263 3127.6420
-1571.6997 2977.0017
-1543.9650 2858.4882
-1516.7161 2774.6710
-1486.4810 2702.1067
-1446.8435 2628.5702
-1432.0811 2558.5140
-1413.2717 2510.7564
-1385.4171 2462.0029
-1330.8523 2410.3230
-1246.1546 2378.4030
-1150.7269 2357.4217
-1061.2613 2360.2923
-973.0931 2352.7017
-882.7357 2368.0239
