2689.2224 -539.2392
2592.7662 -562.2762
2495.0869 -573.4825
2409.2669 -594.3913
2311.4627 -604.7315
2211.7060 -592.0393
2122.9284 -577.9309
2041.4664 -517.4623
1950.3571 -469.0946
1870.3196 -419.5609
1810.3028 -345.5713
1751.3507 -282.7714
1682.7620 -232.0074
1602.8997 -170.7565
1524.1965 -120.5242
1446.5901 -81.2774
1349.5340 -65.6185
1316.9784 -56.5781
1275.2528 -70.5188
1272.4397 -25.8341
1259.7315 6.9946
1278.6953 41.8794
1342.0036 46.1499
1415.8451 51.3968
1499.3497 68.9332
1583.6365 75.6620
1710.9927 75.2488
1868.9457 89.9234
1921.5689 95.1109
