205.0609 -432.6834
140.3059 -433.2033
64.7259 -422.4437
-21.5545 -400.2914
-118.3758 -366.6134
-204.3646 -354.8371
-290.2649 -342.7083
-397.5623 -329.8303
-526.2160 -315.8696
-644.3141 -312.5732
-762.3929 -308.6093
-891.1798 -303.5224
-1009.7125 -309.3120
-1128.8932 -325.6086
-1248.8815 -352.4423
-1369.1629 -378.6668
-1478.9499 -405.0377
-1568.8790 -454.9138
-1648.2934 -505.3559
-1717.8777 -567.6907
-1808.6584 -616.9562
-1898.0964 -643.4992
-1976.8081 -670.7230
-2043.9028 -687.4618
-2111.9515 -715.3264
