1099.1938 -618.0378
976.5001 -545.5177
854.4485 -472.4642
711.8642 -410.7211
570.8533 -381.5300
430.8535 -384.8249
301.6072 -387.0478
183.1223 -388.3958
64.6005 -377.9651
-43.0459 -366.9001
-139.7604 -344.2420
-225.4263 -310.1335
-300.1080 -275.8227
-384.8517 -218.7866
-469.1236 -161.3732
-563.5387 -103.2794
-657.3904 -44.6941
-750.6611 14.3909
-843.8214 62.8425
-927.0636 88.9973
-1020.5939 116.1002
-1104.6755 120.7727
-1188.7353 125.8189
-1273.5212 120.0700
-1358.3795 114.6825
-1443.3084 109.6559
-1529.1940 93.7976
-1615.2363 78.2821
-1701.4324 63.1073
-1788.7922 37.0508
-1876.3792 11.3097
-1964.1885 -14.1197
-2073.4067 -37.0299
-2194.6781 -69.5497
-2316.3266 -101.5007
-2437.0648 -121.5756
-2567.3779 -128.3666
-2696.4497 -123.0327
-2836.1876 -115.3905
-2965.3094 -108.3627
-3105.0783 -98.8733
