1440.5610 -677.2711
1330.9749 -672.7421
1242.1761 -644.1693
1142.6933 -615.8605
1054.2928 -586.6553
965.6564 -545.9953
888.5274 -515.7483
811.5832 -485.2657
701.7539 -433.3490
613.9258 -380.3305
526.7411 -338.1270
440.5363 -328.9743
354.5866 -330.5985
279.6533 -353.9756
215.3319 -376.9725
140.0354 -388.7226
64.6320 -389.0848
-21.5440 -389.1719
-118.4917 -388.8533
-215.4370 -388.0936
-322.9914 -375.6088
-430.2197 -351.4478
-527.0020 -349.2558
-644.9575 -334.8398
-752.4104 -331.2738
-859.4162 -316.0128
-988.2444 -310.3357
-1116.4768 -292.6996
-1233.8189 -274.8817
-1340.9724 -268.2428
