834.0819 -1265.3397
700.2096 -1247.0130
566.6726 -1239.1546
433.0679 -1219.4893
299.7239 -1210.2707
166.4605 -1200.3640
33.2812 -1189.7656
-110.9002 -1178.4257
-243.8139 -1155.2522
-376.5400 -1131.3685
-520.1376 -1106.5384
-629.9009 -1059.4518
-739.0481 -1000.6898
-847.0966 -919.0775
-954.0769 -825.7134
-1092.9821 -730.1818
-1295.4779 -618.7450
-1510.2560 -560.2995
-1680.7684 -502.8824
-1841.3951 -467.3001
-1989.8783 -420.1369
-2095.7337 -387.3147
-2212.0645 -352.7463
-2348.4028 -303.7190
-2450.8272 -246.0939
-2541.9860 -189.0846
-2609.9445 -122.8962
-2675.8909 -44.9457
-2730.5388 31.9494
-2795.0255 110.7048
-2848.2596 188.3071
-2878.2058 274.3679
-2919.6372 350.8723
-2981.0695 431.0442
-3047.5113 477.4566
-3115.5577 512.8463
-3170.9956 558.1591
-3221.7770 626.6235
-3274.1262 683.9812
-3358.6468 736.2747
-3469.9947 759.0200
-3563.4347 766.7540
-3634.1651 782.0740
-3734.6912 852.9333
-3881.3762 948.3608
-4006.2711 1040.8375
-4135.6443 1111.8112
-4263.8319 1184.3970
-4400.9715 1223.6735
-4511.1878 1281.8761
