-692.9127 -500.5129
-845.2046 -517.4626
-986.4444 -522.7287
-1128.2884 -538.2664
-1281.1868 -552.3107
-1422.8078 -554.8624
-1552.9571 -546.0899
-1672.2177 -537.3614
-1802.2691 -527.0867
-1921.4326 -516.9752
-2029.7181 -507.2048
-2136.9862 -485.6026
-2232.2652 -453.2350
-2347.7710 -406.6931
-2485.5147 -368.1731
-2591.8671 -343.9322
-2718.2049 -304.9309
-2844.1578 -264.9953
-2968.2373 -212.6903
-3100.8199 -146.2998
-3220.2503 -68.9096
-3347.4288 22.9255
-3464.6253 102.7313
-3561.7838 168.2151
-3639.3846 218.8845
-3714.3564 281.6506
-3795.4193 310.2213
-3901.6453 320.4558
-4003.1448 354.5923
-4106.8032 377.7884
-4238.5438 371.3959
-4373.1316 403.5299
