-1559.5261 -478.1008
-1678.4492 -469.2319
-1785.6896 -449.3619
-1882.8726 -441.1003
-2011.4502 -418.1255
-2118.2801 -396.4584
-2170.0823 -368.4805
-2243.2431 -338.0549
-2325.7993 -294.8118
-2409.2104 -262.4393
-2472.2313 -243.5444
-2553.9581 -199.0922
-2635.3208 -154.1805
-2726.9432 -107.3620
-2831.7376 -81.2248
-2925.7227 -56.0115
-3028.4953 -17.2206
-3143.1758 12.5164
-3259.3729 31.5772
-3398.3920 43.5713
-3516.3059 52.7245
-3655.3050 66.5601
-3777.2821 54.0644
-3943.7677 39.0188
-4125.4855 3.8573
