229.5024 -743.8633
76.4054 -711.5208
-43.6045 -678.2481
-119.8083 -655.7331
-195.7914 -621.8374
-271.4459 -576.5546
-368.4896 -530.6474
-465.1569 -484.2874
-561.7031 -448.5968
-647.1684 -412.7740
-742.7650 -365.0688
-849.5237 -338.7369
-945.7771 -323.4659
-1031.1795 -308.2661
-1127.2023 -292.1231
-1223.1018 -275.5148
-1318.2029 -247.2613
-1412.3358 -207.3345
-1517.5676 -177.2990
-1623.3755 -157.8580
-1718.3735 -138.7312
-1803.5457 -131.2992
-1879.0405 -135.7285
-1954.5876 -139.8935
-2039.7625 -131.4658
-2121.5144 -88.8643
-2234.7030 -42.2564
-2369.8259 -3.5904
-2525.6063 38.8967
-2671.7955 70.0312
-2823.3479 138.0894
-2982.5540 220.8216
-3133.6487 280.8275
-3300.5829 369.1266
-3461.9885 423.1593
-3596.1883 449.6792
-3692.3156 505.4843
-3882.4282 570.8755
-4035.5600 654.9242
-4143.8815 742.6210
-4243.6367 817.3356
-4331.2595 852.7109
-4444.7614 870.7796
-4590.7929 848.2876
-4737.3053 826.5988
