2810.7646 -350.5630
2645.6111 -337.2621
2491.4944 -321.5749
2325.7993 -294.8118
2180.8934 -253.4493
2066.4371 -185.6019
1963.1574 -116.3684
1846.7223 -14.1622
1743.5919 66.8625
1700.4582 74.3177
1679.3878 72.4732
1605.6254 66.2026
1542.3817 61.0567
1478.2735 67.3095
1413.4034 84.9428
1348.6550 102.7635
1293.7769 132.6531
1259.2694 175.2139
1235.3232 218.4923
1221.1086 273.6272
1194.2228 361.5578
1134.9384 469.7923
1065.8652 577.4647
996.6938 696.4162
918.8322 803.7980
844.4006 866.8566
761.7124 907.4382
667.3812 992.4944
562.7954 1111.0274
476.9053 1297.4820
391.1773 1539.8924
