2280.8058 -630.6886
2190.9261 -605.4743
2101.2121 -579.9950
2020.7115 -530.7307
1939.5478 -470.0637
1847.8729 -410.1935
1724.2790 -352.7656
1592.0709 -318.0654
1461.0077 -293.8634
1351.6859 -267.5481
1243.2716 -251.9017
1145.1436 -223.9761
1056.8384 -172.7787
979.5556 -120.7664
902.1172 -57.3802
846.7179 -4.0082
791.5695 49.4772
736.6801 103.0791
702.6125 168.7010
679.1629 234.7346
645.8183 289.2800
612.6353 343.8655
558.9253 397.8386
495.5349 440.5272
422.4398 472.0436
339.3381 503.6420
256.5567 535.6150
174.2224 556.8457
81.9315 567.2878
-10.2486 555.9784
-102.5556 545.1567
-205.3886 523.8180
-308.4927 503.0754
-412.1384 471.8014
-516.1762 441.1116
-620.5972 411.0010
-715.4985 369.9179
-800.4516 328.8273
-876.4668 265.3027
-952.3709 213.1654
-1028.6607 161.2715
-1094.8098 109.0119
-1161.2645 56.9163
-1237.8884 16.8136
-1304.9306 -34.9314
-1382.1188 -74.6128
-1449.7134 -126.0261
