1470.0938 -619.1930
1372.1993 -625.3973
1273.7261 -619.9920
1164.4416 -614.7398
1098.7107 -606.8763
1021.2512 -577.0199
943.9684 -546.9345
866.4672 -505.4711
788.8385 -452.6398
733.0743 -398.8555
677.5309 -344.9626
622.2163 -290.9576
556.7274 -248.2583
501.8995 -193.9915
436.9096 -150.9616
372.1753 -107.7442
297.2577 -75.6197
222.7003 -54.3475
158.9848 -43.8395
105.8718 -21.9545
42.3250 -11.0739
-10.5753 0.0029
-73.9425 22.3791
-137.2424 33.8423
-200.4677 45.5126
-274.1615 57.5373
-347.5625 80.9692
-420.5350 115.8144
-504.0248 140.1023
-597.7838 165.0999
-680.8255 190.2011
-763.6439 215.6899
-857.2019 230.9046
-940.1823 246.0750
-1034.1051 251.0588
-1137.7265 268.3158
-1230.7632 285.4824
-1322.8149 314.3161
-1413.6811 354.8410
-1504.1187 395.8979
-1581.7179 458.9578
-1648.3737 521.5090
-1710.8771 618.0242
-1762.1599 713.8658
-1801.0526 820.1029
-1830.3205 914.2073
-1847.4277 1018.4848
