1908.8671 -495.4292
1795.6494 -437.2357
1693.6510 -377.8043
1580.5495 -307.6738
1456.5692 -226.7229
1323.3892 -157.1590
1203.5622 -119.8017
1170.3804 -99.3586
1147.8733 -78.2659
1136.0082 -56.5529
1124.1572 -34.8378
1112.9429 -24.2791
1102.3544 -24.8741
1069.9886 -15.4691
1048.2321 -5.4547
1015.9234 4.0286
994.2138 14.0940
961.9629 23.6561
918.6603 43.9107
885.9835 64.7276
842.8421 85.1254
789.7340 94.0324
715.6421 102.2828
557.8313 97.0488
378.9333 92.6887
263.1571 90.7559
157.9898 78.4837
-31.6716 33.3843
-211.7406 -21.1010
-381.1166 -18.5512
-561.0476 -14.2433
-720.1767 -20.2079
-879.9279 -36.0448
