2372.5303 -552.6089
2263.0427 -552.6771
2164.4474 -551.1670
2064.9795 -537.9712
1976.4726 -523.4147
1763.2643 -439.9105
1571.3688 -330.8856
1467.2621 -225.9633
1366.0179 -154.3309
1257.4262 -127.7181
1149.1238 -100.5894
1051.7321 -72.3813
975.2688 -31.5668
931.3293 -0.1736
897.5569 42.9243
864.4019 74.9161
841.8559 107.4081
819.3681 139.9161
785.9855 183.1398
751.8001 248.6758
675.7707 323.7990
560.0146 364.4531
434.4647 405.5427
309.5297 447.4645
185.1021 501.3489
61.5336 544.9642
-51.1004 600.5290
-173.2488 645.8083
-295.5315 647.4834
-367.6352 615.4950
-430.0946 572.4137
-502.4506 552.0825
-574.9911 532.0388
-647.7133 512.2812
-730.9025 493.2307
