2552.4899 -383.1987
2365.9742 -370.3772
2190.5541 -354.9844
2024.2437 -314.7518
1872.0441 -306.2255
1729.0418 -273.3432
1576.5858 -251.6608
1444.3841 -205.1004
1344.7043 -155.7563
1245.4425 -106.0404
1157.8555 -66.4895
1059.4048 -16.0418
1004.2105 25.7854
928.6774 55.5589
818.8799 151.0560
710.4936 235.9015
625.3859 277.4317
520.5324 296.4573
436.9891 305.4178
343.5783 292.3080
281.2919 280.1279
260.6201 268.7010
239.9214 257.2983
219.1958 245.9195
177.6649 223.2339
135.9457 211.7635
94.2316 189.2673
52.4145 166.8652
0.0000 133.4341
-42.0569 111.2413
-73.6429 100.2168
-126.4660 67.1307
-168.8158 45.2117
-221.9500 12.3788
-285.8453 -20.1648
-349.9469 -52.5104
