2582.3476 -356.5988
2557.1569 -325.1747
2542.7087 -292.4528
2474.6915 -266.1990
2385.4072 -242.2908
2295.1434 -206.8040
2203.9869 -159.7795
2103.6204 -124.9012
1996.1245 -124.4757
1921.6239 -131.7176
1845.1388 -116.2142
1756.2537 -78.9612
1636.7608 -55.2794
1520.9098 -75.7468
1446.5901 -81.2774
1360.8880 -76.0742
1275.2528 -70.5188
1179.0763 -65.2425
1072.9593 -71.2486
978.4958 -98.4659
883.3159 -114.0545
777.3668 -129.5867
692.5822 -143.8250
596.7155 -146.8808
500.8357 -149.4810
415.3772 -140.2851
329.8240 -119.6110
276.1782 -87.0471
233.1748 -43.1044
179.6751 11.9447
126.3924 78.2507
73.5122 133.5758
31.4107 189.0578
-10.4252 266.8711
-51.8618 355.8982
-82.7091 411.6121
-113.3481 467.3809
-153.8322 545.5328
-183.8290 612.5533
-244.5820 646.6792
-275.1520 647.1435
-305.9382 636.5404
-337.0034 614.8684
-368.4075 582.1254
-430.6890 550.1645
-492.5377 540.6642
-523.3116 541.5577
-554.4633 531.3775
-597.9373 465.9476
-661.0804 434.7402
