2106.9342 -158.6982
2051.4867 -141.6442
1996.1245 -124.4757
1941.8826 -118.4344
1886.6734 -101.0266
1831.5531 -83.5014
1776.5230 -65.8578
1710.9831 -49.0132
1646.4617 -43.1951
1602.2947 -24.2725
1547.6249 -6.1123
1458.8637 43.3371
1368.8916 115.4316
1300.3968 189.2255
1232.2934 263.1531
1153.4812 347.7206
1083.4200 466.5752
1031.5577 631.3501
979.3383 807.2686
929.0058 960.9082
888.2866 1126.2743
857.5942 1292.1915
845.4092 1470.3361
854.0972 1616.2058
901.1839 1742.2733
1036.4443 1808.0381
1288.9882 1818.8117
