2138.9261 -508.1607
1981.8655 -454.8984
1825.4418 -400.8097
1701.9395 -343.2907
1578.9736 -285.2679
1500.8743 -246.0383
1435.1823 -228.2252
1368.8886 -199.0531
1303.4452 -180.8884
1227.4541 -163.1898
1141.5516 -157.0033
1088.2588 -159.9330
1045.0640 -151.0201
1001.9083 -142.0226
959.3057 -144.0893
895.3940 -147.0197
831.9165 -160.8888
747.0270 -175.3426
629.6766 -179.3097
501.6351 -182.8638
373.3767 -174.4880
234.4519 -154.3169
106.3413 -110.9134
-10.5932 -33.3557
-137.2424 33.8423
-273.8428 79.7810
-420.7832 104.6895
-536.1546 118.7059
-651.7543 122.2981
-798.8454 127.8850
-945.8881 134.6114
