1556.9431 -129.2784
1447.3753 -92.4642
1348.7933 -54.4408
1251.2607 -27.1894
1154.6473 -10.6799
1069.9886 -15.4691
995.8960 -19.3578
963.5969 -9.7896
941.9045 0.3315
920.2332 10.4730
908.6288 32.2694
897.0410 54.0688
843.8214 62.8425
801.6552 61.0498
780.1187 71.3265
747.6369 92.3492
673.5636 100.7598
599.9184 98.3173
536.7867 96.4493
462.8536 105.6588
378.4874 114.9365
304.8997 113.6227
231.5799 90.3498
147.6289 56.1599
84.5057 22.4220
31.7617 -22.2134
-10.6167 -77.8337
-53.2571 -144.4835
-96.1678 -211.0452
-150.0577 -277.4465
-204.2635 -343.7162
-258.6483 -398.7360
-323.7736 -431.2239
-399.8829 -463.3283
-454.3408 -484.5160
-508.8937 -505.5757
-563.2811 -515.3783
-606.6007 -514.2211
-627.6778 -491.3444
-637.5996 -457.6300
-637.2979 -446.4967
