2093.7316 -364.7752
1972.4803 -342.3637
1836.1812 -264.1472
1689.0885 -175.0616
1544.6451 -107.7038
1444.2169 -47.7181
1365.4276 14.0859
1298.3099 65.6241
1220.9701 116.6423
1156.5325 135.0433
1091.5710 164.7923
1047.1030 207.0328
1002.8004 249.3444
958.6675 291.7286
903.1675 355.9568
827.8693 408.1939
742.6814 460.2543
658.4350 501.5308
595.1106 543.8536
521.8676 586.0657
438.7948 628.2938
355.9027 682.0175
283.6993 736.2835
212.1526 779.7179
170.9723 845.9733
140.2635 901.2866
119.7586 956.7250
