2621.0996 -742.8582
2432.3231 -729.1900
2330.1898 -694.1115
2227.3428 -647.4368
2145.5808 -587.1269
2064.0555 -526.7024
1981.8655 -454.8984
1912.5559 -404.5107
1833.5813 -366.1836
1765.5675 -326.7634
1697.7412 -287.2074
1629.2780 -236.3040
1551.1870 -197.2850
1474.1186 -169.2430
1397.2438 -140.9672
1320.5667 -112.4546
1243.4125 -72.5329
1165.8805 -21.2177
1077.5168 40.8896
968.6011 102.2209
871.3357 153.3910
764.1101 204.5529
667.8922 256.6229
571.8446 320.2599
466.0987 384.0670
361.1109 448.4340
257.0816 502.2510
164.0874 545.6261
81.7605 600.6469
10.1913 644.9345
-50.7739 700.6052
-101.1771 756.4326
-141.2267 801.2066
-161.0375 834.7514
-170.9723 845.9733
-181.0291 846.0811
-181.1663 834.9608
-211.5186 824.2005
