1525.5933 -829.1281
1426.3553 -824.1361
1337.5963 -806.9360
1216.1119 -791.1767
1105.7278 -774.3107
984.1538 -746.2735
862.8401 -717.6555
741.7951 -688.4485
620.7578 -647.5112
544.0629 -627.2213
478.1501 -595.3265
477.5069 -561.9443
466.0191 -528.7950
411.2669 -496.5018
345.8493 -464.2587
290.6942 -376.0752
235.9220 -287.7726
170.8741 -199.4376
95.7072 -110.9670
31.7973 -44.4525
-31.6897 22.2647
-84.1136 111.3798
-146.4029 211.8422
-259.4670 346.5514
-380.9775 482.2344
-530.2310 642.0124
-677.1825 781.0106
-913.9902 881.7833
-1175.5752 887.3798
