1066.9396 -161.0653
960.8345 -177.5372
866.1692 -215.2713
781.4718 -240.9787
686.2144 -277.8039
590.3388 -303.0232
515.4789 -316.1362
451.0541 -317.6203
396.9642 -296.4561
375.1280 -274.6046
364.2250 -263.6713
353.3322 -252.7330
331.7489 -241.9645
320.7153 -219.8879
309.8638 -208.9294
299.0227 -197.9657
277.5191 -187.1448
256.0371 -176.3023
202.8052 -188.0241
139.0533 -233.0405
75.1055 -300.0918
0.0000 -333.5852
-10.7402 -322.4630
-21.4587 -300.2157
-10.7239 -289.1045
0.0000 -277.9877
21.4370 -277.9767
32.1718 -289.0824
53.6197 -289.0383
75.1055 -300.0918
107.2390 -288.8315
139.3395 -277.5211
182.1192 -266.0691
214.1470 -254.6412
235.3177 -232.1659
256.4419 -209.6672
266.8459 -187.2871
266.4209 -153.9217
255.4901 -131.8158
244.5802 -109.7051
223.1915 -98.8319
191.4124 -110.2825
149.1986 -155.1239
96.1678 -211.0452
10.7239 -289.1045
-86.0493 -355.6493
