1640.4327 -551.0203
1554.3471 -568.4968
1444.5026 -553.4545
1278.8589 -507.6065
1124.6479 -460.1254
1025.9379 -431.4927
938.2478 -401.9887
840.0138 -372.5964
741.6659 -331.6552
665.1144 -289.6339
577.8367 -236.5403
500.5672 -138.3534
413.3349 -40.1604
370.1128 3.4944
358.7175 47.7915
357.4629 114.5322
355.9658 192.3957
354.8746 248.0121
353.7651 303.6281
351.7220 403.7361
359.1661 537.4190
376.2364 682.4558
392.7906 827.5244
409.4503 950.3776
436.2613 1051.2861
463.3301 1130.0110
499.3730 1220.2437
562.9679 1333.9179
672.6553 1461.2201
