-366.2319 -386.0345
-495.2293 -372.2911
-624.0817 -357.7519
-753.1553 -353.5506
-881.7667 -337.4126
-999.4773 -320.9793
-1094.4731 -282.6767
-1167.7276 -245.1028
-1250.7449 -195.4005
-1333.3396 -145.2832
-1415.5003 -94.7453
-1484.1455 -11.0109
-1584.5461 64.4639
-1682.0551 163.0557
-1811.7655 242.9857
-1939.0095 335.3317
-2089.5336 306.3647
-2271.8497 282.2556
-2480.0149 309.1163
-2686.1867 349.7994
-2889.9036 404.4400
-3088.6931 484.5966
-3236.6776 546.6101
-3399.5811 637.2366
-3548.0891 739.4651
-3771.4540 922.1505
-3898.3353 1050.4932
