2500.8677 -756.1962
2356.8102 -748.4713
2200.1730 -718.3937
2054.8073 -686.4798
1877.1236 -656.5667
1721.6482 -623.8070
1578.8358 -611.7896
1468.1581 -585.6081
1358.3237 -570.1399
1237.2399 -543.6124
1171.1145 -524.8339
1126.2216 -493.6137
1081.4259 -462.3279
1057.8076 -418.7663
1055.2530 -362.9809
1062.8449 -295.4986
1059.0524 -217.4026
1022.6601 -129.8020
977.4280 -76.1658
911.2016 -23.4579
835.1938 17.8210
759.0455 70.4869
651.3679 133.4305
502.8145 184.6110
376.4423 215.0508
240.2190 235.0558
93.9429 244.8662
-62.6287 244.7345
-219.0597 257.0405
-364.8561 270.4610
-510.4456 285.0389
-635.0064 300.0498
-748.5056 326.6285
-841.4668 341.8334
-944.0467 369.2101
-1045.6361 408.3570
-1136.4444 447.4799
-1237.1182 487.8431
-1337.3055 528.8547
-1415.5429 580.0156
-1492.1947 642.7977
-1577.1674 718.1675
-1663.6001 771.7395
-1760.7499 815.7516
