1890.1554 -847.7674
1789.3130 -821.7614
1687.2928 -772.9660
1584.9114 -712.6607
1494.4230 -662.5469
1404.2202 -612.1889
1292.6138 -562.8560
1181.4081 -513.0855
1091.7181 -450.6254
1045.0031 -374.6700
1019.9346 -297.6378
1007.1617 -253.5464
1006.6455 -242.3936
1026.9859 -219.0308
1068.6267 -194.5350
1121.4192 -180.5128
1185.4325 -176.8879
1249.4345 -173.0596
1312.7312 -157.8517
1365.2933 -143.1509
1407.1428 -129.0442
1438.3007 -115.6027
1467.8264 -79.7260
1496.3890 -32.5903
1515.0393 2.6046
1532.7151 49.0264
1547.5297 129.0658
1559.1660 242.7245
1570.2187 356.4196
1604.4404 438.4156
