-406.7891 -908.3364
-472.1976 -873.7391
-526.6821 -850.3225
-580.8397 -815.6383
-624.1627 -792.2422
-678.3458 -768.4378
-732.4300 -744.4934
-862.4766 -706.5098
-1014.8086 -689.0697
-1156.5630 -682.3003
-1298.2777 -674.6376
-1450.2221 -654.1891
-1591.0901 -633.4364
-1731.7737 -611.7445
-1882.3007 -576.9446
-2022.5153 -553.2561
-2163.4867 -539.8828
-2281.6871 -516.5349
-2411.6156 -502.6054
-2529.5056 -477.7830
-2648.4123 -463.6011
-2776.7770 -435.9537
-2895.4678 -420.3038
-2969.5867 -398.5502
-3129.6930 -363.9693
-3312.4993 -336.1300
-3407.5792 -309.1649
-3589.9246 -278.6355
-3707.7743 -257.9444
-3780.8984 -232.7621
-3898.4944 -210.8163
-3992.6811 -180.6099
-4107.9729 -145.5250
-4308.0185 -91.5000
-4454.4026 -46.9939
