1778.3256 -653.2590
1691.1914 -659.9481
1592.4592 -655.8540
1493.1398 -640.1507
1392.7360 -601.6813
1334.8132 -537.9153
1277.0862 -474.0800
1187.7865 -423.1557
1099.3598 -383.1137
1043.9813 -352.3579
988.7377 -321.4877
922.9071 -290.9784
856.3681 -238.0064
780.2568 -207.5605
703.9836 -165.7282
617.3562 -123.9776
531.0668 -81.8936
466.3174 -38.9819
412.4055 4.3390
347.9670 58.7227
283.8738 113.2994
220.1360 168.0729
156.8600 211.9268
83.5049 244.8164
10.4121 289.1101
-72.7461 322.6102
-155.4832 367.6099
-227.5938 401.7398
-309.5297 447.4645
-391.2724 482.4588
-503.4832 518.7030
-626.3070 533.7977
-779.1471 562.2523
-942.3680 581.5057
-1084.8284 601.0374
-1206.5908 620.3394
-1319.7629 617.4194
