3072.5239 -942.5489
2937.2544 -924.6405
2812.1206 -893.4399
2726.9402 -811.2010
2632.0268 -741.6130
2479.0009 -758.5508
2314.9403 -775.5220
2137.2654 -758.4382
1971.6159 -750.4790
1805.3981 -730.1796
1640.1665 -720.0285
1519.4139 -717.1025
1421.7373 -734.5993
1273.3858 -844.1394
1153.1717 -861.5181
1098.2929 -864.1306
984.5605 -757.4273
938.8625 -703.4963
893.3008 -649.5120
825.4134 -574.0019
758.2011 -509.4937
703.0810 -477.8939
647.7885 -435.0413
592.3898 -380.9412
547.6896 -315.3199
505.4957 -349.7813
484.4652 -372.5395
409.5124 -396.3750
291.2586 -420.5646
215.7499 -421.4568
161.5789 -388.5701
53.9383 -422.4735
0.0000 -489.2584
-75.9378 -555.8449
-162.9429 -588.7374
-228.2201 -599.2859
-337.0398 -609.0324
-510.2893 -572.3462
-650.8114 -546.3800
-639.6758 -535.5638
-487.6912 -528.3244
