1980.8721 -579.6984
1868.1150 -532.8948
1744.1042 -475.3379
1619.8255 -406.0882
1496.8840 -347.5586
1363.0878 -278.0289
1216.7930 -163.8315
1083.5724 -70.6737
952.4795 0.8424
832.7976 73.5266
724.4435 147.2203
649.0215 200.2243
563.5704 253.1656
499.7166 295.8808
446.8236 327.9187
394.1176 360.0960
341.6017 392.4142
299.6096 425.0444
247.4636 457.6193
185.2273 490.2284
133.5955 512.0043
92.3635 533.9798
51.2073 567.1703
10.2273 589.3369
-51.0646 611.6486
-112.1830 634.1787
-163.0581 645.7082
-203.6755 657.2657
-234.0575 668.7785
-264.7734 658.1040
-285.3418 647.3104
-305.9382 636.5404
