-108.8693 -644.6684
-184.9957 -633.0504
-261.0529 -621.1722
-358.9413 -619.8179
-413.5031 -630.0060
-468.1096 -640.0653
-500.9820 -650.4905
-544.7746 -660.6108
-609.6039 -636.6760
-663.4362 -612.8652
-738.2266 -565.9245
-790.6828 -508.3435
-886.4633 -460.0165
-981.8303 -411.2040
-1088.0616 -372.5079
-1192.7443 -310.8807
-1328.9060 -246.5759
-1454.3103 -193.1555
-1583.2200 -194.8296
-1690.8463 -197.4885
-1819.8958 -197.7125
-1949.0086 -197.1436
-2077.1092 -184.5180
-2193.3274 -160.9344
-2322.4088 -157.9889
-2459.6302 -130.3074
-2531.4595 -98.4083
-2687.9291 -54.8682
-2682.1391 -9.4399
-2866.5522 -18.1808
-2963.3812 -15.4717
-3039.0794 -15.5888
-3130.3903 -48.1001
-3211.3121 -82.0923
-3299.6600 -91.2050
-3395.2360 -75.1781
-3474.6694 -25.9165
-3582.3992 -18.4986
-3690.1424 -10.5050
-3899.4729 42.1491
-3914.2814 81.3301
-3994.1492 121.9818
-4080.4015 128.0872
-4162.9093 97.1304
-4241.0746 89.7817
-4427.9461 144.4520
-4587.7063 170.0499
-4765.4943 163.9846
-4922.3258 255.0364
-5081.4200 285.3383
