832.0434 -451.0188
657.3158 -390.1774
472.7657 -328.2745
310.6667 -264.5426
160.2787 -210.6443
10.6628 -166.7898
-127.7476 -133.0296
-265.8468 -109.4346
-403.6306 -84.8777
-551.6955 -59.0586
-709.9880 -31.7275
-867.3818 8.0591
-1024.1604 49.1892
-1180.3016 91.6805
-1326.0626 123.6441
-1460.0240 167.1790
-1603.8417 212.6758
-1746.9863 259.4246
-1879.0337 306.3753
-2000.0468 353.2962
-2132.1412 391.1509
-2282.9168 444.0137
-2451.7958 512.5460
-2615.8390 605.7309
-2751.8258 731.7326
-2850.7326 876.9409
-2920.0405 1053.7137
-3007.6668 1223.8933
-3091.2904 1395.2882
-3188.7448 1536.0067
-3288.8075 1655.4185
-3373.5849 1785.1780
-3436.9081 1911.1912
-3482.8608 2021.6125
-3479.8963 2156.1763
-3448.3585 2282.9247
-3409.4619 2370.4993
-3381.6935 2424.1926
-3348.9661 2464.0457
-3316.2747 2503.8813
-3283.6209 2543.7004
-3251.0063 2583.5040
-3209.8863 2620.8061
-3144.1873 2675.5754
-3041.2659 2732.0030
-2910.3558 2793.1218
