-1000.4251 -600.3166
-1119.4590 -583.4704
-1249.2066 -565.3479
-1390.2633 -556.9337
-1509.5792 -549.1008
-1628.8552 -540.6116
-1770.5577 -540.9578
-1910.6016 -517.9219
-2060.3182 -481.6311
-2197.8211 -433.9813
-2325.1170 -397.7403
-2461.6411 -348.0245
-2586.8683 -298.5308
-2711.5575 -248.0682
-2814.3337 -199.5706
-2905.9850 -151.8932
-2986.5732 -105.2086
-3065.1469 -46.6053
-3132.6068 10.8208
-3190.7868 55.4616
-3236.3217 110.0853
-3264.1937 138.3831
-3291.9522 166.7607
-3323.3961 172.2614
-3331.9720 185.5890
-3330.0618 197.0693
-3347.1233 223.7563
-3359.5168 214.1462
-3401.3309 221.6999
-3424.2082 214.0150
-3524.3317 196.9075
-3626.7005 168.6219
-3752.4018 133.1891
-3853.2366 117.2106
-4015.1631 126.3903
-4158.4236 120.5595
