1609.5162 -260.3938
1454.3103 -193.1555
1300.6898 -136.1900
1148.4997 -89.4276
998.6592 -75.1130
838.9393 -71.3117
700.9476 -76.6457
584.4794 -91.5399
467.8622 -105.7404
350.9103 -108.1274
233.9467 -109.8318
138.1679 -99.5990
31.8502 -77.8111
-63.6299 -55.4955
-158.8959 -32.7192
-264.3740 1.7826
-370.1128 3.4944
-486.6886 -5.0898
-592.4612 -2.1814
-697.8209 12.4336
-824.6280 17.3722
-952.4795 0.8424
-1059.4048 -16.0418
-1167.1780 -43.5430
-1265.3307 -82.3666
-1343.9912 -144.5781
-1389.5214 -186.4299
-1455.0662 -204.3444
-1508.4706 -200.4793
-1561.8651 -196.4722
-1614.4084 -181.1179
-1688.2044 -163.8485
-1752.1640 -158.4271
-1774.4100 -167.7969
-1797.6074 -188.3750
-1811.0783 -221.1158
-1813.8428 -254.8023
-1804.9491 -278.1940
-1773.6763 -292.1823
-1730.7711 -295.7826
-1686.1736 -276.8631
-1639.1367 -224.2475
-1602.0581 -159.5529
-1565.9089 -106.0551
-1519.2479 -53.3595
-1463.7970 -23.7849
-1397.9162 5.1452
-1332.9690 23.0732
-1237.1866 27.9812
-1132.2089 10.4081
-1027.6518 -17.7257
-933.4168 -44.7613
-869.8166 -47.6572
-827.4115 -49.4736
-796.4843 -73.0552
-786.7309 -95.7553
-776.9476 -118.4478
-778.6148 -163.0037
-748.5952 -219.8933
-686.2144 -277.8039
-569.1628 -314.7481
-429.3627 -306.9453
-330.8839 -186.3491
