1840.4803 -603.0590
1768.9617 -518.5009
1666.8652 -458.8505
1555.8782 -422.0879
1434.4520 -385.5966
1323.5049 -336.6816
1235.0621 -297.2218
1124.9162 -247.4775
1004.0339 -186.6309
916.6989 -146.0655
851.4079 -115.4319
785.4371 -62.3378
709.1915 -9.4568
643.8705 44.0170
578.8752 97.6715
535.5181 140.9624
480.9885 217.4435
426.3163 316.2982
362.0653 403.9411
308.7014 491.9532
255.8493 580.1003
203.6755 657.2657
172.5032 712.5301
151.7643 756.8153
130.8438 834.4835
120.3191 890.0059
99.7991 956.5883
79.4596 1023.1945
49.5422 1056.4314
-9.9085 1056.3564
-79.3957 1034.3141
-119.6642 967.8449
-160.3005 901.4723
-201.2948 835.1948
-242.6377 769.0109
-294.6859 691.9707
-347.2141 615.0712
-409.9016 560.7950
-462.3932 517.5741
-525.4448 474.7947
-599.1300 432.5587
-674.4756 357.1973
-739.9811 281.6643
-785.5096 194.2779
