2080.9040 -740.8730
1968.3790 -705.4436
1867.8115 -679.9555
1779.0829 -664.4906
1700.6262 -636.6872
1633.9064 -619.0992
1577.4511 -589.3761
1532.6391 -570.0085
1477.0424 -551.3020
1375.6525 -490.5033
1284.2521 -406.3864
1192.7443 -310.8807
1122.5939 -202.8339
1074.7156 -104.7178
1038.8170 -28.3237
993.6490 25.2445
948.6684 78.8760
903.8813 132.5732
859.8130 175.1962
827.3765 196.0724
784.0725 227.6919
720.0452 258.5720
656.6418 278.5153
582.6075 309.4578
498.7671 329.2611
404.7478 349.1996
310.9542 369.6087
207.0396 390.3695
103.3862 411.7191
0.0000 422.5413
-113.6499 422.9014
-206.6327 423.7317
-361.8278 415.0643
-506.8566 407.4360
-651.6130 412.0985
-785.9896 417.4753
-920.3194 423.8629
