2382.3329 -425.7526
2266.9199 -358.3473
2151.9818 -290.6337
2026.8569 -223.6475
1903.3297 -167.4497
1793.8494 -143.4731
1673.9957 -119.8874
1583.7310 -59.5814
1484.1455 -11.0109
1397.1288 16.3263
1299.0561 54.4519
1213.2819 71.3145
1107.2600 76.1437
1064.5045 84.9267
1022.9799 71.4933
981.9638 47.0085
941.9045 0.3315
889.5264 -13.2812
825.0961 6.2314
770.9150 37.4901
728.2751 46.9989
675.1345 56.2257
632.5880 65.9340
600.6201 76.0561
568.6863 86.2278
547.3091 96.7462
515.7415 95.8728
536.1546 118.7059
526.5724 85.0301
537.7266 63.0641
631.4818 99.3294
694.1947 112.6440
715.2211 113.4180
736.2467 114.2152
