1396.3386 27.5073
1318.6269 78.2247
1230.7565 128.4823
1143.9869 167.8875
1078.4811 208.8101
991.1353 271.0823
874.8238 298.7292
843.0717 308.4126
810.8400 329.2849
842.0035 330.6932
883.5509 332.6541
885.2300 299.2267
883.5509 332.6541
862.2277 342.8030
933.6823 368.6736
955.0249 358.6066
977.0145 337.4137
1009.4438 316.8087
1032.1794 284.5125
1064.7474 263.9797
1087.6107 231.7246
1133.5044 167.2568
1190.1319 103.4927
1245.6075 62.1586
1311.0983 32.8151
1384.2012 49.1132
1433.6281 97.6834
1461.7585 144.8089
1488.7883 203.1936
1505.1161 260.8051
1513.6715 284.0307
1532.5886 308.1297
1540.0773 342.5703
