2607.5538 -388.0290
2536.8927 -339.1165
2455.6830 -291.3907
2364.0043 -244.7509
2272.6163 -197.8924
2180.3900 -139.5295
2067.2862 -83.1707
1955.7559 -37.6587
1824.5429 -4.9119
1704.3341 29.4743
1617.0892 55.8792
1552.9235 61.8997
1499.3497 68.9332
1455.5153 88.0806
1422.2773 108.0832
1389.0987 128.1266
1334.1998 157.8993
1268.2195 198.2521
1212.9319 239.4523
1177.9512 293.2455
1142.3733 358.2242
1105.4930 445.5355
1068.0637 544.0117
1064.3883 599.7659
1040.2873 654.2638
1002.4683 763.8935
964.8814 873.5341
927.5455 983.1889
898.1437 1126.8438
924.9058 1307.3997
