2757.6976 -461.4994
2709.5142 -421.4418
2639.8650 -384.0508
2559.6131 -347.8650
2492.6975 -332.9078
2427.0456 -329.1119
2338.8125 -316.2262
2239.9676 -304.1826
2146.6102 -234.2581
2056.8235 -197.9399
1953.5559 -128.6487
1838.1652 -37.6086
1693.7745 28.5537
1593.2513 87.7284
1491.4700 169.6317
1386.9283 296.5688
1286.6987 379.1036
1200.7005 418.0495
1167.3920 449.4787
1141.3997 526.2355
1104.4963 613.4862
1083.3138 623.3406
1028.6375 675.9424
964.8264 716.9383
910.0971 780.9596
865.7971 845.6306
821.7914 910.3762
767.5161 985.8497
743.4173 1062.8310
700.9275 1116.6565
678.3694 1171.4261
665.7208 1226.6404
