217.6411 -632.7579
141.1542 -577.7657
75.9722 -566.9646
21.7064 -567.0843
-43.4127 -567.0524
-141.0268 -555.5253
-238.7660 -565.8077
-325.4377 -553.5779
-433.9059 -551.7125
-509.3629 -527.8324
-595.2193 -492.2553
-681.4543 -478.5831
-777.6684 -441.8915
-852.4263 -416.7433
-927.4697 -402.4591
-992.1352 -399.5541
-1035.2408 -397.5079
-1089.6418 -405.9862
-1124.1189 -448.9629
-1135.9847 -470.7247
-1147.3292 -481.3203
-1168.9581 -480.1680
-1179.7721 -479.5837
-1191.1387 -490.1620
-1213.3361 -500.1379
-1233.8383 -476.5805
-1295.6512 -416.9129
-1346.9748 -368.8616
-1420.2143 -330.3813
-1493.1848 -291.5865
-1577.3849 -262.8629
-1660.5195 -222.5322
-1679.2962 -187.1561
-1709.5261 -162.0643
-1751.2421 -147.2071
-1793.8494 -143.4731
-1836.4489 -139.6469
-1889.6871 -134.7345
-1932.2684 -130.7005
-1963.1574 -116.3684
-2015.2602 -99.8492
-2055.5599 -73.0104
-2065.0572 -60.6537
-2088.5241 -80.9591
-2103.6204 -124.9012
-2127.1385 -145.2033
-2152.9086 -188.0427
-2169.0969 -243.2964
-2205.5982 -285.0327
-2250.6986 -303.0313
-2303.2109 -285.8890
-2342.5990 -247.1879
-2399.4822 -171.9255
-2463.7564 -72.4011
-2538.9708 17.6138
-2613.1950 108.1793
-2687.9699 187.9520
-2786.0437 248.6626
-2895.5566 300.3886
-3006.2933 341.5961
-3118.5025 372.2366
-3230.4223 403.6993
-3342.0442 435.9929
-3453.3592 469.1261
-3564.3582 503.1082
