2548.8606 -349.1644
2438.9643 -339.1938
2294.7405 -309.6676
2163.7730 -300.8030
2074.8379 -275.7052
2018.2092 -247.2093
1950.0108 -208.3893
1893.6518 -179.6833
1838.3813 -162.1075
1770.6691 -122.9075
1714.7061 -93.8699
1647.3654 -54.4016
1570.5277 -26.8288
1493.8907 0.9813
1417.4585 29.0318
1329.9266 67.7732
1241.9917 117.9958
1155.1592 157.3640
1058.2046 196.4661
950.6194 246.6052
844.1330 286.1317
727.7255 325.7904
601.4818 365.7797
465.7952 395.1927
320.4811 414.2792
196.3015 423.6156
103.3862 411.7191
20.6909 400.3142
-41.4089 389.2302
-103.5890 378.3596
-155.3824 378.7301
-217.5326 379.3703
