-1406.1436 -454.8673
-1492.5536 -449.0707
-1578.1984 -431.7176
-1675.3100 -424.3680
-1773.2265 -427.7970
-1870.3196 -419.5609
-1956.5948 -411.8611
-2041.8722 -392.5408
-2158.2846 -358.2990
-2286.2291 -333.4355
-2424.6903 -306.4699
-2540.2120 -269.7724
-2643.3705 -222.3091
-2735.4043 -175.5838
-2829.9312 -151.0551
-2918.1292 -161.7700
-2997.2859 -185.1729
-3076.5920 -208.3838
-3134.6515 -234.6698
-3192.8044 -260.8857
-3260.2036 -273.8681
-3326.0877 -275.1907
-3388.7394 -253.2822
-3469.2766 -204.4502
-3563.6143 -176.3642
-3680.9001 -155.4613
-3798.0661 -133.8050
-3923.7687 -97.6521
-4059.7677 -58.3465
-4205.9878 -15.6120
-4370.6265 45.0156
-4529.6576 131.2368
-4674.3041 228.8758
-4835.8727 295.5203
-4986.1644 361.3543
-5156.2408 434.9912
-5328.3556 498.9207
-5496.3641 577.3458
-5663.1829 658.2828
-5798.3686 731.2029
-5912.4073 798.6754
-6005.5471 860.0826
