-529.8032 -471.6735
-677.8653 -356.0974
-803.6960 -262.4387
-907.9673 -191.1300
-991.7868 -153.6990
-1044.5066 -139.8653
-1098.3341 -148.1998
-1109.5768 -158.7781
-1131.4924 -168.7616
-1152.2093 -156.4004
-1172.8998 -144.0135
-1182.9187 -132.2281
-1193.5636 -131.6008
-1183.5508 -143.3928
-1122.0077 -191.6733
-1018.9054 -275.3300
-914.4596 -347.1861
-830.4569 -406.4474
-745.9823 -465.3123
-651.6930 -579.7823
-653.7049 -657.7224
-696.6670 -634.1466
-728.0261 -588.5592
-726.7158 -544.0082
-725.3824 -499.4580
-745.9823 -465.3123
-788.4650 -441.4992
