1758.1300 -519.3721
1670.7051 -514.9285
1592.6996 -486.9547
1535.7504 -446.0405
1468.1703 -405.7804
1400.7825 -365.3764
1288.0500 -282.8067
1167.1282 -233.9385
1025.3792 -185.5692
852.3252 -137.7176
648.5739 -100.7074
456.7313 -83.7334
276.0264 -75.9252
116.6543 -55.2546
0.0000 -33.3585
-95.2310 -10.8888
-211.5015 1.1408
-317.0643 13.6898
-433.3047 15.9209
-549.5297 18.8445
-666.1143 11.3281
-783.2489 -6.6432
-901.1166 -35.0897
-1029.3693 -51.1846
-1114.1809 -46.5967
-1207.5482 -7.4995
-1310.3512 43.9885
-1422.2773 108.0832
-1535.2146 150.6013
-1646.6575 205.1005
-1758.4910 249.1963
-1869.7908 294.0900
-1961.0047 326.3145
-2060.9741 371.4956
-2099.7461 398.7603
-2193.1903 489.9568
-2247.4355 554.0611
-2282.2423 604.4708
-2306.5407 653.6347
-2330.5762 702.8772
-2367.8324 731.0801
-2374.5830 755.0612
-2443.6329 776.5681
-2519.7333 753.2390
-2648.5775 726.7606
-2753.7539 720.4002
-2865.2373 739.0544
-2984.0472 830.3422
-3095.7418 898.2956
-3195.8686 917.7877
-3305.8461 940.0146
-3477.6490 1012.5278
-3578.7553 1071.4186
-3697.0830 1184.2930
-3739.8534 1378.2204
