1782.9908 -562.5446
1684.5665 -558.9717
1576.7541 -578.1697
1446.4350 -587.0311
1304.6281 -584.5767
1183.5565 -557.7564
1084.4316 -529.2858
952.6248 -490.7141
800.0172 -463.3839
625.9023 -424.5475
463.1629 -384.1464
322.3540 -331.1169
203.5444 -265.8700
106.9088 -222.1122
0.0000 -189.0316
-106.6844 -177.6327
-213.1389 -154.5523
-308.7135 -131.0712
-393.4399 -107.3384
-467.0941 -72.3611
-530.1873 -48.5083
-613.6138 -1.5311
-707.9860 23.9488
-813.1329 39.2093
-907.0630 65.7048
-1011.8563 82.0893
-1128.3267 77.3644
-1245.6075 62.1586
-1374.4361 37.1849
-1505.3071 -9.4012
-1646.4617 -43.1951
-1819.9487 -73.2461
-2004.6317 -100.9156
-2221.8120 -123.6029
-2414.5152 -112.8278
-2585.9516 -102.9583
-2683.0026 -101.7343
-2726.9432 -107.3620
-2881.7116 -132.1369
-2959.2510 -144.1761
-3137.5367 -175.7429
-3245.8011 -170.4869
-3387.7663 -170.8819
-3494.3691 -152.8163
-3592.0324 -147.5981
-3668.4146 -145.8027
-3787.4197 -135.8051
-3908.3682 -136.7705
-4079.9894 -175.4083
-4183.1939 -263.8456
