1878.4267 -384.8968
1790.5335 -369.8598
1702.7689 -354.5082
1604.3872 -339.6601
1506.8968 -335.5979
1420.2143 -330.3813
1312.1097 -326.1766
1203.4787 -310.2669
1105.1938 -282.1106
1028.5740 -252.4933
963.3438 -233.2857
897.7620 -202.7475
831.9165 -160.8888
755.6713 -119.2586
679.3409 -66.2469
603.7173 -24.1210
538.6567 29.6787
463.3969 83.4066
409.7804 126.7109
324.9537 169.5828
250.9712 212.9505
167.2144 223.1375
73.0668 244.7725
-31.2755 266.8946
-125.0227 278.4104
-208.2373 290.2827
-322.5541 303.0543
-447.1080 316.7933
-550.3544 341.8798
-674.0411 368.3299
-787.5294 384.0635
-911.1796 401.0491
-1034.6189 418.9091
-1157.8397 437.6486
-1292.8469 435.6829
-1416.6978 445.0750
