1167.8659 -457.8358
1078.8618 -406.5326
990.2056 -354.9442
913.0986 -313.7442
825.1173 -261.5974
748.5952 -219.8933
651.7003 -200.9054
554.9883 -181.4810
468.8732 -150.2466
382.8076 -107.5441
297.2577 -75.6197
222.7003 -54.3475
137.6329 -21.7582
63.3066 44.5812
-42.1556 66.7630
-158.1736 56.2431
-263.6175 57.3910
-369.0534 59.1131
-516.9433 51.3619
-654.4218 44.3696
-801.6552 61.0498
-948.1162 90.0233
-1084.2941 108.4140
-1219.5311 138.9728
-1353.5558 181.7380
-1484.2577 259.1251
-1595.9814 302.2491
-1718.6354 335.9321
-1806.3076 401.0543
-1904.7718 456.6379
-1975.6333 475.7452
-2087.4987 499.9908
-2222.5912 505.0790
-2322.2680 540.9149
-2557.9615 573.9298
-2666.9700 741.2872
-2778.1430 934.4760
-2975.5366 981.7089
