1778.0935 -212.6912
1709.5261 -162.0643
1629.6900 -100.9712
1550.2040 -39.7001
1460.5200 20.9640
1362.3229 58.7975
1265.2262 85.8660
1168.4095 113.3608
1071.2418 152.4409
974.4664 191.9436
889.0840 221.2265
814.4103 251.3121
749.9269 293.2206
675.3404 334.9318
600.3115 399.1694
536.1029 463.9752
472.0208 540.0987
408.7625 605.2912
336.0496 659.3586
253.8596 702.4340
182.2500 745.9980
111.0473 789.8564
60.3443 845.1936
40.1067 889.6101
40.0137 922.9688
69.9145 945.3103
99.9557 934.3488
140.2635 901.2866
170.8424 857.0935
201.7496 801.8332
243.1742 735.6478
305.7211 647.6624
348.1851 570.5800
