1113.4228 -695.6413
1013.5052 -655.6029
913.8800 -615.1928
825.4134 -574.0019
736.8849 -521.3717
638.1992 -479.8966
539.5891 -426.8893
462.9367 -373.0197
375.6982 -307.9770
299.9548 -264.7002
213.8148 -221.2782
138.7626 -188.5600
53.2856 -155.6031
-21.2799 -122.3033
-106.2252 -88.6737
-169.6779 -54.8719
-243.6369 -31.8553
-412.8719 -17.9107
-594.4500 -68.9650
-734.3942 -120.0467
-886.1503 -180.9230
-1027.5174 -230.1849
-1179.6325 -266.8259
-1373.1119 -266.1418
-1577.3849 -262.8629
-1644.1210 -291.5025
-1720.8977 -307.8874
-1863.1432 -329.6554
-2016.4530 -349.5571
-2170.0823 -368.4805
-2334.7900 -385.2566
-2422.0776 -386.9537
-2520.1800 -387.0452
-2660.1495 -370.0042
-2704.4702 -375.9392
-2845.7065 -369.0529
-2939.7569 -332.9927
-3056.4477 -304.6997
-3149.9580 -267.4315
