2036.0521 -586.0559
1989.9726 -556.2101
1954.8045 -525.3547
1918.8099 -483.2323
1871.1998 -430.8005
1823.6976 -378.3436
1764.6988 -315.5390
1696.0379 -264.7761
1628.4447 -225.0967
1559.4183 -162.8742
1490.6753 -100.5336
1423.0144 -49.2523
1375.9951 14.8269
1308.8492 66.3346
1219.5311 138.9728
1142.6121 190.2059
1044.5393 251.6421
959.8658 269.4351
885.2300 299.2267
821.7498 318.6092
737.6455 337.3419
695.6647 346.8450
642.9456 367.2013
579.6188 398.4921
527.1923 419.1580
474.5778 451.0926
412.1384 471.8014
360.3873 481.8035
298.4124 491.7765
236.5164 501.9633
195.1196 523.7009
164.0874 545.6261
102.2719 589.6359
71.3895 633.9605
30.4644 700.5564
10.1028 778.3686
