1399.2133 -522.6866
1312.5366 -528.0402
1226.3971 -544.2184
1140.1584 -560.0367
1042.9658 -576.0102
879.2966 -560.7691
714.8898 -510.9520
583.0251 -436.8929
462.4815 -350.7665
331.7489 -241.9645
202.2650 -132.4199
95.3382 -33.1284
0.0000 66.7170
-63.0480 122.4186
-125.6417 189.4506
-187.4143 290.0594
-237.9383 401.8734
-267.1826 513.5254
-275.5422 624.9004
-283.2826 758.5267
-250.8489 880.3721
-159.4249 979.3132
-59.4023 1067.5854
9.8434 1145.3125
78.2153 1234.4678
48.6309 1301.0618
-48.5026 1334.4205
