1487.2185 -539.3774
1397.2896 -489.1261
1307.6771 -438.6135
1207.6222 -388.4444
1108.5038 -349.0723
998.9786 -309.8266
901.0014 -280.7697
845.6693 -238.4478
800.7829 -184.4551
766.3096 -118.8560
731.5801 -42.0905
697.0250 34.7030
673.5636 100.7598
671.5691 156.4263
679.9970 212.4680
698.7497 268.9087
717.7904 314.2457
746.5890 371.1714
775.6545 417.0259
815.3771 452.2750
845.7537 464.8573
876.6696 466.3554
917.8864 468.4370
959.0979 470.6150
990.0029 472.3118
1020.9046 474.0629
1042.1981 464.1101
1073.8277 454.7976
