673.4122 -211.3482
609.2968 -213.3527
545.1757 -215.1561
481.0494 -216.7588
406.0177 -207.2501
341.7366 -197.2965
288.1922 -186.9968
234.5770 -165.4382
181.0719 -143.7428
127.5398 -99.6695
63.5945 -44.3759
0.0000 0.0000
-63.3066 44.5812
-105.3886 67.0043
-126.3924 78.2507
-147.2846 100.6406
-157.6184 122.9648
-167.8252 156.4154
-188.3461 201.0949
-219.1958 245.9195
-270.5335 302.2156
-331.8965 358.8533
-392.8366 415.7157
-453.6464 461.6807
-513.7552 519.0002
-573.4100 576.5531
-633.0461 623.2118
-682.1310 669.6945
-720.2258 727.0402
-758.5425 773.3634
-796.5882 819.7966
-845.0424 855.7192
-904.6480 870.0834
-964.1452 884.6769
-1033.5522 900.1358
-1102.8264 915.9082
-1171.9655 931.9950
-1258.9699 972.2708
-1344.4091 1024.2520
-1436.7371 1100.0340
-1536.4425 1188.6818
-1626.2511 1265.9596
-1714.8273 1343.9562
-1811.7669 1423.8754
-1918.5881 1494.7598
-2027.8129 1544.2763
-2128.6657 1582.1508
-2228.9507 1620.8714
