1392.7360 -601.6813
1370.9990 -603.0267
1326.9366 -594.4723
1293.7672 -585.2111
1259.4931 -553.5586
1226.3971 -544.2184
1203.6164 -523.0752
1136.5144 -481.8883
1079.3789 -417.6914
1001.9406 -376.7442
925.6669 -357.8659
860.6966 -349.4452
785.4198 -352.3767
710.4825 -366.1752
646.2286 -379.3734
571.1311 -392.6604
484.9377 -394.7942
408.9128 -362.9997
343.8425 -330.7768
278.9559 -298.3651
224.8540 -254.5276
170.9637 -210.5580
117.1651 -144.2141
42.4903 -88.9109
-31.7795 -33.3330
-126.9025 0.4107
-211.3813 12.2617
-306.3214 24.6437
-391.0370 15.0295
-486.1364 17.1639
-591.7887 20.0795
-697.0250 34.7030
-812.6658 50.3494
-927.6034 77.8513
-1031.1053 116.6638
-1133.5044 167.2568
-1224.8697 217.8055
-1314.8825 280.0572
-1403.3079 354.0378
-1481.5007 416.5504
-1570.3716 469.2348
-1649.4797 510.3123
-1716.7625 562.0169
-1752.9195 610.9295
-1790.0285 648.7600
-1816.7528 685.6192
-1833.1626 721.4418
-1850.7813 746.0866
-1865.5982 793.1871
-1907.5561 866.2357
