2182.7499 -776.9366
2115.3967 -760.4489
2024.6081 -723.2086
1933.2142 -674.4806
1852.9562 -624.6416
1804.6921 -560.7856
1746.5048 -509.0125
1700.8534 -478.7670
1633.6879 -450.1113
1547.2731 -456.4706
1449.3513 -452.0129
1330.5178 -459.6516
1201.3994 -478.3988
1082.4364 -484.6468
974.2623 -489.7570
855.2455 -494.7531
747.0280 -498.7278
639.0890 -513.2968
530.5449 -505.0608
433.1109 -507.2088
335.5133 -497.7985
248.7008 -476.7149
172.8480 -455.2088
86.3011 -422.3678
10.7720 -389.1801
-75.2932 -355.6903
-150.2857 -310.8073
-214.4753 -288.0042
-267.9554 -276.2618
-321.5427 -275.5023
-375.1280 -274.6046
-417.7810 -262.6616
-460.3876 -250.6277
-481.5490 -239.0129
-502.4254 -216.2469
-522.9768 -182.3275
-543.1590 -137.2526
-584.1592 -80.4095
-624.8934 -23.4609
-685.2823 67.7301
-776.4459 160.4309
-856.6744 242.0460
-947.6612 302.3362
-1037.3117 374.3073
-1115.8106 446.1776
-1181.6620 540.1142
