1099.1476 -886.4568
922.2869 -860.4781
777.4216 -787.6250
634.0671 -747.4108
501.6307 -683.8754
369.9801 -630.7653
249.2782 -532.3230
129.6978 -466.6312
-10.7773 -400.2996
-139.8984 -366.4823
-268.6313 -331.8712
-386.2366 -296.6573
-514.6996 -282.7514
-643.0120 -268.0405
-771.5626 -263.6591
-889.3759 -258.9397
-1016.2966 -219.5623
-1132.6830 -191.0840
-1280.7549 -159.8961
-1404.8745 -95.4942
-1560.8003 -38.8665
-1686.0485 -5.9900
-1777.2301 47.3027
-1868.9457 89.9234
-1928.7358 129.8750
-2060.3713 189.1952
