-1126.2174 -739.7628
-1213.1178 -724.1446
-1311.3891 -718.7318
-1421.1474 -723.4079
-1551.5155 -703.7004
-1692.6266 -682.3900
-1789.9778 -663.6317
-1888.0151 -655.6593
-1986.8652 -658.5099
-2107.5504 -658.9317
-2239.1764 -657.6579
-2325.3135 -637.5413
-2410.3047 -605.7179
-2485.3082 -586.0393
-2550.4657 -578.6640
-2615.6035 -571.0880
-2669.8696 -564.6210
-2724.1211 -558.0138
-2778.3579 -551.2659
-2832.5795 -544.3770
-2886.7857 -537.3465
-2939.6874 -518.7446
-2969.5528 -491.4951
-2996.6209 -441.2908
-3015.4610 -415.3957
-3042.1710 -365.0349
-3070.1055 -326.0277
-3108.6002 -285.3375
-3134.6515 -234.6698
-3171.1274 -182.2500
-3226.9321 -114.7997
-3305.1172 -54.9751
-3412.6262 22.4010
-3552.6610 95.0565
-3699.8780 122.9288
-3840.6178 126.7129
-4046.6745 133.0524
-4258.7955 167.2534
-4426.3412 205.8897
-4583.0847 243.6986
-4729.0741 280.3948
