2439.6496 -453.6825
2327.2977 -420.3540
2192.6525 -377.5527
2048.7102 -346.4540
1892.5698 -293.0549
1737.1210 -238.7885
1614.4084 -181.1179
1493.8678 -145.3003
1363.1031 -109.6117
1244.0917 -83.7019
1147.2446 -67.1044
1040.5460 -61.7850
944.0159 -44.2586
847.6697 -26.2924
730.7628 -19.8178
614.3054 -23.7938
497.8267 -27.0792
381.5440 -40.7993
243.7731 -42.9767
137.7872 -43.9984
21.1982 -44.4667
-95.3915 -44.2482
-211.7406 -21.1010
-317.0643 13.6898
-421.7674 60.1896
-525.3331 129.5420
-638.9456 188.7341
-763.1761 226.8268
-897.8754 255.1569
-1020.4831 306.2338
-1142.3733 358.2242
-1242.0355 420.8629
-1362.3984 474.5737
-1471.7118 528.3684
-1591.6104 572.7207
-1721.0854 619.0423
-1838.3783 676.5973
-1946.0564 722.7483
