1269.1394 -328.8137
1223.1018 -275.5148
1165.9223 -211.6102
1108.3955 -136.4596
1030.5038 -73.4911
953.0162 -10.3056
865.4022 52.6307
788.3404 127.4482
711.8005 202.4975
626.5540 244.0383
541.6883 285.9293
488.9995 306.7279
426.5866 305.1734
375.0442 281.7929
354.4330 270.2586
333.7946 258.7486
313.1290 247.2628
292.6168 224.6792
272.3813 179.8770
252.0349 135.1006
231.4439 101.4710
200.1191 78.8749
158.0819 67.3634
115.9946 55.9447
73.8577 44.6185
31.6897 22.2647
0.0000 0.0000
-10.5872 -22.2362
-21.1982 -44.4667
-21.2335 -77.8252
-31.9025 -111.1697
-42.5828 -133.3892
-53.2856 -155.6031
-74.6792 -177.7752
-85.4378 -199.9728
-85.5272 -222.2123
-85.6600 -255.5715
-64.3109 -277.8883
