1409.4030 -510.8049
1300.5115 -506.3293
1221.8823 -454.8510
1187.2195 -411.9884
1184.9277 -367.3207
1193.3381 -322.0476
1201.6667 -276.7643
1209.9125 -231.4707
1208.0330 -197.9685
1216.1486 -152.6640
1222.8514 -85.0143
1239.9788 -16.6901
1257.5895 40.5024
1275.0126 97.7307
1272.7717 131.2394
1260.7741 152.8779
1248.0412 185.6853
1223.3728 240.1347
1198.0180 305.7502
1169.6949 416.0028
1139.8465 548.5470
1099.8239 680.4002
1070.0695 812.8932
1059.4947 957.8158
1069.1531 1092.9114
1116.2503 1242.0176
