2290.4524 -492.7974
2254.9052 -462.2896
2208.6137 -432.8766
2171.1186 -379.7616
2131.5818 -304.1074
2093.1192 -239.7548
2035.4652 -200.0758
1968.3248 -172.6011
1902.3348 -156.2110
1825.7998 -140.6121
1760.9634 -135.0613
1663.3568 -120.7698
1544.6451 -107.7038
1415.5003 -94.7453
1297.1864 -80.3207
1179.7227 -76.4064
1050.5740 -50.0720
900.6136 -23.9446
751.0870 3.2538
612.5670 31.8626
464.2047 50.0282
337.0314 80.7822
210.4044 101.2288
84.1136 111.3798
-31.5427 111.2211
-136.7645 100.5628
-252.7793 79.4933
-347.5625 80.9692
-453.1312 72.0304
-548.5847 52.2311
-654.7975 33.2368
-749.8046 36.6650
-844.7938 40.5592
-949.7669 56.5812
-1054.5874 73.1937
-1169.7763 91.0374
-1295.2985 110.3108
-1410.9357 118.4868
-1526.5203 127.3735
-1631.5478 136.0712
-1735.5009 156.5733
-1838.1739 188.9161
-1941.6836 210.6686
-2042.5203 255.5424
-2144.1776 289.8384
