2045.1140 -562.5256
1999.9307 -543.9712
1944.8426 -537.5680
1813.1042 -526.1949
1659.1188 -504.5369
1483.8251 -483.3991
1319.0938 -449.1342
1186.6501 -400.8213
1054.7357 -351.8241
945.3054 -312.3166
825.1173 -261.5974
684.0975 -210.9946
543.7407 -159.5106
425.5669 -117.8127
318.3129 -64.1690
211.6213 -9.9801
116.0616 44.8248
52.6638 77.9085
-10.5080 122.3175
-52.4145 166.8652
-104.5740 211.5623
-177.3355 256.5952
-249.7246 301.9213
-280.4023 335.7370
-310.9542 369.6087
-341.3786 403.5370
-381.9960 437.7400
-422.4398 472.0436
-472.6660 517.8473
-532.4666 575.2495
-581.6058 632.5377
-601.1507 655.4996
-630.8005 678.8628
-681.1528 691.9582
-733.0029 671.8090
-764.6116 650.8808
-796.2983 630.0022
