1495.4460 -167.6850
1407.8932 -140.2280
1361.6291 -87.2532
1327.5837 -55.8714
1315.5244 -34.2287
1303.4778 -12.5845
1292.1713 -2.1109
1280.8737 8.3666
1269.5853 18.8480
1268.8653 30.0181
1257.5895 40.5024
1225.2272 49.6469
1150.7200 56.2871
1066.9636 40.3076
1014.7717 26.3322
973.0779 13.0307
942.4352 -10.8159
901.1166 -35.0897
870.2983 -58.8007
828.7806 -82.8974
776.1047 -96.1702
722.5756 -87.0237
690.3314 -77.0162
678.9654 -55.1128
677.8305 -21.7108
687.6420 0.9251
696.6249 45.8376
716.4798 80.0123
747.1988 103.4859
777.8351 127.0172
