2466.7570 -622.4634
2346.0805 -623.9657
2224.4923 -613.5485
2102.1301 -591.2705
1979.1242 -557.1839
1877.2560 -509.4868
1775.7156 -461.4801
1662.1474 -391.5653
1539.1345 -333.2669
1395.2417 -275.8972
1243.2716 -251.9017
1135.6195 -246.8923
1029.0993 -263.6476
956.0405 -311.8297
871.4497 -349.0044
786.1905 -374.6570
689.9667 -400.2917
593.2511 -414.3351
485.6392 -428.1765
377.9114 -441.4680
269.8142 -431.9686
161.6574 -399.6905
64.5371 -355.7258
-21.4696 -311.3352
-96.3675 -255.5244
-213.4788 -187.9152
-340.8300 -141.6802
-457.4792 -117.1118
-574.4807 -114.1077
-691.4631 -110.4204
-808.4224 -106.0488
-925.3547 -100.9916
-1052.8818 -94.6910
-1168.4661 -65.8688
-1271.0177 -3.4927
-1352.5536 46.8820
-1433.6281 97.6834
-1526.5203 127.3735
-1619.1356 157.5759
-1699.9781 198.5551
-1791.9740 229.7494
-1892.9411 273.7599
-1994.6541 307.2047
-2085.6354 340.1171
-2189.4164 352.2932
-2303.4886 366.3986
-2407.1072 379.8721
