1084.2985 -294.3957
1030.6626 -297.1113
986.2515 -265.7287
929.8041 -201.3172
874.0881 -147.9514
808.4224 -106.0488
711.5637 -76.2695
626.2854 -67.9883
541.3877 -70.4793
456.4802 -72.6072
360.7502 -63.4440
244.0441 -65.2195
127.3297 -66.3094
31.8326 -66.6916
-53.0543 -66.6463
-137.9403 -66.2386
-233.4340 -65.3469
-328.9223 -63.9962
-424.6376 -73.3117
-531.0668 -81.8936
-637.9451 -101.0487
-745.4347 -130.7928
-852.3252 -137.7176
-948.1466 -133.4433
-1012.0161 -130.3392
-1053.4534 -105.8461
-1105.4029 -80.6653
-1157.2185 -55.3273
-1208.2245 -18.6651
-1248.4544 17.4859
-1266.6896 63.5273
-1265.2262 85.8660
-1286.2821 87.2614
-1287.7701 64.9193
-1299.7997 43.2796
-1321.6556 33.5289
-1354.8597 13.3507
-1376.7703 3.6476
-1410.0667 -16.4621
-1443.4199 -36.5320
-1476.8293 -56.5626
-1510.2940 -76.5541
-1565.0654 -94.8564
-1619.9304 -113.0374
-1673.9957 -119.8874
-1728.1042 -126.6054
-1782.2555 -133.1918
-1857.7457 -137.6993
-1942.9124 -129.6775
-2028.0452 -121.2850
-2081.2352 -115.8508
-2134.4109 -110.2709
