2141.1301 -177.8935
2110.2097 -192.4993
2088.8569 -194.6928
2057.8784 -209.2003
2036.5087 -211.3333
2003.4237 -203.2365
1981.0409 -194.0650
1926.6563 -187.9248
1826.7620 -151.8409
1725.3310 -92.9562
1624.3689 -33.7431
1535.3231 15.4454
1446.6557 64.9180
1347.8670 113.9392
1239.7917 151.4961
1120.3138 211.2623
1044.5393 251.6421
980.1012 281.6753
884.1124 321.5117
810.3233 340.4236
726.3303 359.1951
642.1128 389.4641
547.8598 419.7770
443.3386 461.4208
329.0564 503.4471
215.8044 512.8203
112.8110 545.2199
0.0000 567.0949
-112.3414 611.9390
-213.7059 668.5110
-314.3216 725.7025
-404.3680 772.1493
-494.5877 796.8568
-584.5149 822.0718
