641.3553 -212.3756
597.6683 -180.2739
543.7407 -159.5106
511.2153 -138.0867
478.4935 -105.4896
435.0116 -61.9570
381.1166 -18.5512
327.4451 24.9868
273.8428 79.7810
220.7940 112.4680
189.2531 112.1302
147.1978 111.7608
136.6839 111.6829
126.2443 100.4907
126.3924 78.2507
137.1634 44.9623
158.3561 34.0026
179.5726 23.0653
200.8126 12.1503
201.1539 -21.2120
180.0815 -32.5373
180.6801 -99.2606
138.3930 -132.9593
96.0160 -177.6858
53.3987 -200.0815
-21.3595 -200.1400
-117.4148 -188.6939
-245.2391 -165.3122
-373.1783 -163.3640
-511.7627 -160.3425
-650.3239 -156.3725
-778.2003 -151.8646
-874.5539 -159.0956
-960.3268 -166.3878
-1024.8395 -174.4156
-1079.3035 -193.9739
-1167.7276 -245.1028
-1223.1018 -275.5148
-1267.2444 -295.2943
-1277.9712 -294.6406
-1288.6977 -293.9814
-1342.3251 -290.6013
