-359.0992 -630.9419
-510.5183 -583.4746
-650.8114 -546.3800
-791.0470 -519.4844
-931.4176 -502.7986
-1060.3095 -474.5543
-1178.6697 -457.2498
-1275.2905 -440.5548
-1360.3556 -412.9035
-1434.4520 -385.5966
-1486.1316 -348.3177
-1516.1447 -312.4331
-1525.3584 -289.2592
-1545.2500 -265.2813
-1574.9781 -229.2573
-1637.4489 -201.8313
-1699.7553 -174.1736
-1771.6097 -134.1294
-1833.5226 -105.9586
-1894.2362 -66.3142
-1965.2718 -25.3634
-2014.8565 13.7381
-2086.4755 44.0242
-2094.6557 67.6791
-2134.3664 94.8234
-2175.2040 110.8158
-2238.2785 118.0896
-2301.3281 125.5800
-2355.2079 120.6932
-2428.7523 129.9077
-2523.2550 142.1923
-2640.1966 146.5373
-2757.1741 151.5848
-2884.6708 158.9300
-3036.6242 147.6383
-3166.0841 145.3280
-3297.5427 132.3372
-3469.3470 139.1915
-3639.2256 159.0771
-3817.3397 194.2564
-3984.6548 229.0970
-4151.6384 265.6409
