2182.8617 -640.4033
2042.1867 -664.9247
1890.4077 -689.3988
1748.6042 -700.7193
1627.8890 -698.3796
1496.3255 -696.1427
1386.0547 -680.6640
1264.4943 -654.1338
1164.4416 -614.7398
1075.5360 -574.4555
943.1089 -524.6342
865.6635 -483.1808
658.8952 -445.8479
539.3303 -415.7600
430.6431 -373.6992
343.6708 -319.6534
267.4049 -231.7744
202.3738 -143.5407
148.4686 -55.0420
105.7523 0.2852
84.2619 78.0206
41.9568 155.7195
-10.4575 211.2736
-52.1257 266.9415
-103.9888 311.6407
-176.2136 367.7994
-258.6271 402.1586
-320.4811 414.2792
-351.2599 425.9821
