2507.0374 -365.6412
2387.4990 -367.9673
2269.0843 -380.9398
2160.3508 -380.8575
2051.6679 -380.2430
1953.8050 -378.1099
1842.5545 -342.7809
1740.6296 -283.6699
1639.1367 -224.2475
1551.1870 -197.2850
1495.4460 -167.6850
1429.1908 -138.7323
1372.9948 -97.7064
1316.2527 -45.4033
1249.1598 6.3173
1171.8086 57.5512
1160.5956 68.0777
1114.5262 132.5407
1056.9186 218.7725
988.6517 315.6761
931.2605 413.2519
884.5941 511.4330
847.8957 621.3051
810.2621 753.4682
798.9645 775.2533
762.8849 885.1704
759.9414 940.8393
757.5570 985.3730
763.2239 1063.7831
761.9826 1086.0491
780.4749 1109.2947
801.5269 1088.0317
821.9670 1077.9257
820.6249 1100.1958
773.1268 1064.2686
763.2239 1063.7831
744.6198 1040.5662
706.6336 1005.3463
668.9636 959.1037
