1523.3795 -109.3295
1457.2084 -80.5046
1403.3481 -73.1285
1370.0013 -52.9872
1357.8959 -31.3602
1345.8030 -9.7320
1323.1538 11.1799
1278.6953 41.8794
1234.3540 72.6499
1200.6502 104.1482
1177.5335 136.3297
1143.3007 179.0468
1106.4519 266.4219
1089.8147 366.1944
1072.4002 477.1020
1054.9000 587.9894
1029.3708 664.7946
926.1320 848.9266
815.3577 1021.7333
737.9254 1163.0190
662.8592 1282.2849
630.8661 1336.6578
608.2007 1402.6048
625.7898 1436.8039
643.2591 1471.0309
612.2034 1514.2775
564.4066 1512.3028
556.9072 1467.4260
549.3163 1422.5566
532.4439 1366.2152
514.4605 1332.1523
