3600.0231 -348.1178
3487.6072 -331.4580
3386.1104 -312.6419
3295.5102 -291.8028
3215.7804 -269.0568
3137.7198 -257.5910
3070.4551 -244.3162
3003.2733 -230.8861
2937.6353 -228.7146
2864.1724 -250.6465
2804.0354 -293.5991
2743.6220 -336.2714
2684.1962 -390.0366
2614.8009 -456.1768
2575.0743 -495.4113
2513.4906 -536.9983
2438.6722 -556.8513
2362.7206 -565.0878
2297.5992 -571.9314
2231.4826 -567.2802
2176.2544 -561.3877
2121.9963 -566.6525
2002.5884 -577.7516
1893.1579 -576.0216
1772.9252 -574.6453
1652.7512 -572.6410
1543.4933 -569.2553
1422.8078 -554.8624
1302.8794 -551.0412
1193.3260 -534.8354
1049.9866 -486.2368
917.5712 -425.2199
828.8437 -361.8770
740.5533 -298.2421
684.8087 -233.2642
629.3432 -168.1774
553.5084 -125.8340
477.9707 -83.2360
402.7381 -40.3791
328.0041 -8.3817
253.5107 23.8859
179.3665 45.3063
