1470.9531 -450.5528
1447.9865 -429.6306
1414.2672 -409.4109
1358.3957 -379.3573
1291.2625 -338.6816
1224.3341 -297.8532
1146.9085 -257.4642
1069.1848 -205.6917
981.1305 -154.2178
882.3568 -91.7656
795.1632 -39.6365
729.9395 2.4546
665.3547 33.5947
632.9542 54.8021
590.0863 75.7311
547.3091 96.7462
525.6445 118.4141
503.7238 151.2296
491.7431 206.5882
500.3444 273.6270
467.0033 350.6896
445.0978 394.6702
402.3737 449.3171
340.2521 459.1510
350.7949 448.2281
351.2599 425.9821
403.4372 404.8206
455.4466 394.9285
497.1639 384.8945
538.9314 374.9533
570.0130 375.9047
601.4818 365.7797
613.0271 332.7350
625.3859 277.4317
607.1646 198.8257
567.0100 141.8747
558.8081 63.6615
560.7311 -3.1140
562.3023 -58.7611
563.8449 -114.4090
511.2153 -138.0867
457.9732 -139.3643
404.7279 -140.5013
351.4799 -141.4977
