2890.5398 -571.6046
2692.7386 -573.3738
2549.3587 -567.3126
2418.0316 -570.5594
2264.0395 -563.9776
2132.8488 -565.6105
2022.5153 -553.2561
1911.4631 -529.1687
1798.1588 -470.9277
1729.2472 -420.0912
1639.0224 -370.8120
1569.8164 -308.4810
1490.9292 -258.0059
1410.8663 -184.9649
1365.2933 -143.1509
1331.2013 -111.7525
1307.0898 -68.4531
1272.4397 -25.8341
1238.5877 5.6458
1204.1299 48.3263
1159.2507 90.4001
1104.0238 131.9297
1050.2591 151.2686
1006.4785 182.4454
951.7890 224.3121
916.4470 300.7548
872.0492 354.4383
838.2098 408.6727
815.3771 452.2750
781.8116 506.5703
737.6573 571.6019
695.2490 603.3105
671.9557 669.2900
657.4663 769.0698
683.1594 870.4762
698.3464 971.5130
726.5231 1006.2447
785.7506 1187.7283
843.4011 1358.4412
