1252.5191 -632.3920
1176.8522 -647.6750
1089.2684 -640.8906
957.3750 -613.3744
847.1255 -573.1833
812.7106 -518.6918
789.5810 -474.9211
756.0748 -442.6597
722.2977 -399.2228
667.4367 -367.5736
601.6722 -324.9806
557.0134 -259.3880
544.0299 -170.6397
574.1687 -102.9777
604.0553 -35.2520
591.4506 31.2099
579.5522 75.4119
546.9874 107.8748
525.0205 140.6699
513.5977 173.7657
501.8960 217.9922
489.9231 273.3482
477.6849 339.8326
485.5350 429.1178
504.1663 496.4498
523.6699 530.4306
532.8353 564.1222
541.9478 597.8214
541.1882 620.0763
