2264.0395 -563.9776
2162.5217 -528.5990
2072.0783 -491.8728
1971.9743 -467.1397
1861.2794 -442.9750
1763.2643 -439.9105
1686.8933 -434.7406
1599.7814 -430.1230
1522.7911 -413.2101
1422.9938 -375.1313
1322.8514 -325.5035
1235.0621 -297.2218
1145.7342 -235.1387
1036.0515 -185.0299
938.0028 -145.0887
850.9466 -104.2892
796.0456 -61.9156
740.9317 -8.2854
675.5238 45.0921
608.9966 143.1723
543.7090 219.1598
478.2945 317.5802
402.3737 449.3171
328.3845 536.8146
265.3378 624.7399
182.7826 701.5165
121.3224 767.6872
60.2984 856.3131
29.9399 956.3056
59.4023 1067.5854
98.2685 1167.8633
126.9895 1245.9196
145.7624 1312.8165
125.7689 1368.2378
