1747.2980 -520.2379
1586.1984 -554.9816
1434.9367 -576.5432
1294.3400 -596.3889
1131.3212 -605.2487
1000.4251 -600.3166
858.7475 -595.0560
717.1634 -588.9119
542.8552 -571.5727
368.8260 -552.8958
195.0887 -532.8708
10.8234 -500.3752
-172.7660 -444.0883
-344.8583 -397.5175
-537.7550 -348.9848
-730.9212 -332.0311
-902.3626 -314.2090
-1028.5740 -252.4933
-1066.9396 -161.0653
-1094.7846 -81.2509
-1111.6959 -1.9620
-1107.2600 76.1437
-1073.7782 107.8218
-1039.7672 150.6913
-1006.4785 182.4454
-972.6882 225.3876
-939.0179 268.3666
-1020.4831 306.2338
