1659.7193 -865.0803
1526.7929 -851.5355
1372.6317 -849.7796
1185.6310 -848.7186
997.9204 -823.8882
810.2592 -786.5037
644.1872 -713.7050
468.1096 -640.0653
315.4360 -620.4727
184.9144 -621.9297
65.2932 -633.7171
-54.4348 -644.8657
-163.2318 -633.2191
-282.9307 -632.0305
-391.7418 -630.3962
-478.9945 -639.8362
-554.6980 -615.8247
-640.8342 -580.0983
-748.4014 -543.2824
-844.4245 -495.1748
-971.5129 -422.8470
-1109.0477 -360.2329
-1267.8786 -306.4673
-1426.6707 -262.5280
-1574.9781 -229.2573
-1731.7529 -171.4751
-1867.4042 -125.4831
-1992.9355 -90.7270
-2085.1386 -47.1757
-2167.5491 -15.5159
-2248.4567 27.8507
-2318.4493 70.4003
-2368.4304 99.3964
-2416.8522 139.8777
-2454.5438 179.1886
-2472.5795 204.5487
-2490.5397 229.9437
-2517.3367 268.1019
-2554.3614 307.7827
-2571.9974 333.3338
-2599.9244 360.4015
-2626.0871 398.8708
-2652.0681 437.4196
-2676.1319 487.3805
-2699.9273 537.4249
-2731.8435 600.5016
-2761.4079 675.0612
-2786.4401 772.4408
-2810.5848 869.9626
-2843.7931 969.3956
-2885.8308 1070.8714
-2931.3051 1149.9917
-2965.9013 1180.2370
-3002.7360 1199.2692
-3039.4723 1218.4217
-3098.1664 1230.3464
-3186.1036 1248.7013
-3257.0570 1251.9876
-3340.5041 1246.3665
-3433.8609 1243.3646
-3510.6227 1224.8672
-3603.0627 1186.0426
-3690.1490 1170.4366
