-387.9614 -396.7776
-560.0848 -381.8162
-720.5335 -343.5382
-880.8898 -315.1220
-1051.0557 -273.7296
-1252.0453 -217.7421
-1432.2096 -183.4772
-1601.2133 -148.3496
-1771.6097 -134.1294
-1941.8826 -118.4344
-2110.8916 -89.9891
-2268.9494 -61.2132
-2426.6794 -31.0617
-2562.9153 -2.2941
-2721.4773 19.1108
-2869.3065 40.3204
-3030.8462 41.5346
-3215.3867 36.0228
-3382.7445 5.3832
-3550.6389 -24.2490
-3711.3021 -6.5187
-3871.9026 12.5578
-4019.7485 42.4872
-4156.8246 71.4222
-4272.6471 96.7760
-4390.6617 111.1473
-4487.6346 121.3054
-4574.1021 129.4252
-4637.1002 144.6700
-4700.0461 160.1624
