2303.3471 -514.2691
2137.9583 -496.8814
1972.8819 -478.3940
1840.5416 -456.0637
1719.2713 -432.1783
1608.2771 -395.6942
1497.6148 -358.7536
1386.6065 -310.1637
1264.0352 -239.4317
1133.2748 -202.2454
983.2027 -198.8210
866.1692 -215.2713
800.3603 -173.3148
702.0968 -110.0513
604.3921 -46.3830
496.7023 17.4297
399.9822 93.1151
293.3320 180.1909
166.8003 267.6189
41.5693 322.5129
-82.9787 356.0135
-206.9044 401.4903
-329.9427 458.9569
-451.8122 528.4321
-592.6389 610.6285
-731.9515 694.0765
-859.5876 778.2732
-984.9560 874.7341
-1097.6814 982.8031
-1199.5224 1079.9623
-1259.3649 1185.8421
-1298.4358 1290.3800
-1329.1953 1371.9151
-1359.3101 1453.5696
-1391.3431 1513.0305
-1444.6504 1552.2318
-1519.4190 1571.4072
-1585.9791 1578.7681
-1633.4955 1584.2239
-1671.4922 1588.7076
-1709.4738 1593.2972
-1747.4399 1597.9930
-1796.5638 1592.8332
-1849.1974 1565.4656
-1890.7567 1548.1486
-1932.4272 1530.9249
