1488.2991 -381.9002
1365.8152 -322.7551
1244.5357 -274.2430
1133.2748 -202.2454
1023.7539 -152.1086
915.2218 -112.6261
849.5525 -70.8616
774.8284 -62.7543
711.1719 -65.1339
668.3605 -55.4729
604.3921 -46.3830
551.0823 -36.8004
476.3791 -16.4759
380.4698 14.8210
305.9697 46.8885
221.1834 79.1050
126.1699 111.6107
31.4676 155.6992
-52.2872 211.3436
-156.3755 267.5280
-270.1903 324.4589
-372.8947 381.9051
-474.8929 439.9667
-566.2612 487.1915
-625.0169 567.1886
-661.7803 668.8915
-708.0080 771.1396
-733.3550 872.6548
-757.5570 985.3730
