-1021.2512 -577.0199
-1149.4453 -525.9792
-1277.6796 -485.2554
-1374.3766 -468.1346
-1470.2618 -439.3594
-1565.9212 -410.1002
-1660.5482 -369.1389
-1754.8251 -327.6625
-1860.3902 -295.9462
-1965.6745 -263.6110
-2082.4193 -240.8370
-2176.4852 -208.3344
-2270.2831 -175.3089
-2426.4249 -122.8610
-2569.8599 -58.9721
-2713.8767 -5.0797
-2869.3065 40.3204
-3020.7612 110.0511
-3171.1424 181.4182
-3301.4720 239.2643
-3445.5155 277.3026
-3603.7952 295.6401
-3762.0005 315.3756
-3837.0067 318.8816
-3912.0379 322.6748
-3966.3113 322.2362
-4018.2555 333.5862
