2585.8950 -494.1317
2498.1916 -492.8711
2422.4395 -501.4082
2356.4272 -497.1924
2309.9870 -467.9009
2252.8255 -439.6973
2174.2012 -413.6076
2096.7284 -398.5851
2032.0614 -404.8302
1976.2820 -387.3733
1931.3436 -368.8303
1873.8865 -328.7014
1805.8505 -289.4228
1739.7577 -272.4491
1685.3258 -265.6488
1662.2165 -244.9542
1616.9211 -214.7342
1560.2370 -174.0733
1493.8678 -145.3003
1417.0270 -117.1137
1319.1394 -90.1035
1222.1840 -73.8469
1103.5805 -47.1902
975.2688 -31.5668
847.6697 -26.2924
730.3519 -8.6816
613.6138 -1.5311
507.5567 6.5737
391.0370 15.0295
285.5225 2.0793
180.0815 -32.5373
84.9803 -88.7754
-10.6571 -155.6703
-106.8530 -210.9923
-224.9693 -265.6488
-343.4984 -308.5300
-462.2526 -339.6398
-581.0521 -358.9767
-710.4825 -366.1752
-839.1900 -350.3103
-956.9927 -334.1296
-1063.9093 -317.8128
-1180.8258 -289.1571
-1265.3265 -261.7763
-1338.9230 -234.7063
-1401.6522 -208.0679
-1442.1247 -171.5372
-1471.7813 -135.6725
-1501.3038 -99.7398
-1540.4547 -51.7233
-1579.3586 -3.5845
-1628.5615 45.5593
-1678.4225 83.6811
-1737.5450 134.1475
-1817.2322 186.8847
-1895.2589 251.3032
-1983.0199 317.3163
-2080.3774 385.1133
-2175.4554 464.9005
-2247.4355 554.0611
-2323.6760 678.9412
-2337.4258 726.8222
-2396.2724 815.7835
-2437.6620 879.5776
-2464.0796 906.6755
-2480.3762 932.3005
-2518.4472 949.8015
-2554.4839 978.7057
-2665.7247 1043.5616
-2752.7769 1070.2880
