3232.1565 -664.6331
3210.3658 -667.7282
3166.7767 -673.8508
3165.4861 -662.3623
3175.0777 -649.3473
3131.5196 -655.4230
3077.0575 -662.8907
3033.4765 -668.7636
2989.8856 -674.5469
2945.0785 -668.8040
2901.4876 -674.4182
2879.6885 -677.1918
2825.1808 -684.0288
2781.5642 -689.3985
2736.8175 -683.2874
2681.1942 -678.3951
2624.5100 -662.0182
2567.8875 -645.5477
2545.0413 -636.6625
2512.3898 -640.3285
2477.6337 -621.2650
2466.7570 -622.4634
2454.8322 -612.3210
2442.9117 -602.1775
2432.0432 -603.3631
2421.1742 -604.5433
2409.2669 -594.3913
2398.4018 -595.5623
2338.9566 -544.7647
2281.6871 -516.5349
2223.5028 -476.9305
2144.8450 -450.6991
2050.6861 -368.9796
1980.3205 -307.5984
1931.5914 -244.1410
1904.3209 -178.6888
1886.6734 -101.0266
1886.9481 12.3265
1898.3256 115.4834
1889.3870 205.3290
