741.2965 -320.5174
579.0222 -281.0622
417.7810 -262.6616
374.9364 -263.4805
332.2599 -275.3338
289.3905 -275.9746
246.5199 -276.5270
193.0284 -288.2138
139.4103 -288.6412
64.3109 -277.8883
0.0000 -266.8682
-74.9910 -266.7327
-139.1969 -255.2808
-224.7382 -243.4065
-299.3358 -220.2105
-384.4491 -196.5380
-458.7072 -172.7431
-543.1590 -137.2526
-637.5970 -89.9162
-731.5801 -42.0905
-825.0961 6.2314
-927.6034 77.8513
-996.0044 181.8895
-1015.1034 216.4590
-1023.6705 250.4814
-1032.8234 273.3614
-1030.8849 306.8144
-976.3910 348.5611
-903.1675 355.9568
-840.9283 352.9735
-779.1772 339.0672
-727.7255 325.7904
-676.1997 312.6661
