2585.4780 -838.6993
2530.6432 -844.6513
2451.9699 -830.0773
2361.4991 -805.0834
2250.1799 -793.2757
2117.0939 -783.0124
1984.9466 -783.3271
1852.1039 -771.6731
1728.9320 -736.0589
1604.0350 -666.2940
1470.0938 -619.1930
1327.5214 -605.6533
1194.9415 -568.3418
1073.5951 -529.8180
954.3787 -535.3167
835.1369 -540.1646
716.1976 -555.5002
619.3928 -591.8470
510.9734 -605.7317
402.2676 -607.9535
293.2920 -587.4009
195.2667 -555.1124
97.5005 -522.4002
-10.8284 -511.4947
-119.1121 -511.1731
-216.5651 -510.4255
-314.0143 -509.2435
-444.1424 -518.1178
-596.0451 -525.6501
-769.7352 -531.3952
-986.4444 -522.7287
