1108.3969 -841.2909
1008.8809 -823.4191
875.9301 -784.1211
765.5324 -754.5674
687.8498 -712.4334
610.3976 -670.0734
544.0629 -627.2213
489.0156 -595.0907
444.9538 -562.6230
368.4896 -530.6474
303.0463 -498.2737
248.5839 -465.5933
172.6009 -421.8472
96.9479 -388.9622
43.0247 -355.7805
-32.2205 -322.4410
-85.7477 -277.8110
-138.9810 -221.9204
-170.6032 -166.0762
-202.1557 -121.2991
-233.4340 -65.3469
-243.5002 -20.7339
-232.2527 34.7440
-221.1834 79.1050
-189.0287 134.3714
-178.2067 167.6316
-156.5703 245.2875
-135.1849 311.8439
-124.3065 378.4900
-103.2499 433.9587
-82.2689 500.5697
-40.9375 578.2627
20.3681 656.0631
70.8763 745.1569
151.3141 801.2957
220.9184 868.8157
