1236.2954 -319.5626
1171.2746 -312.0916
1117.0372 -303.8605
1083.7522 -283.2373
1050.5216 -262.5736
1027.5174 -230.1849
1004.5603 -197.7832
981.6515 -165.3685
958.2768 -121.7911
934.9625 -78.2030
879.4368 -24.9009
824.6280 17.3722
759.0455 70.4869
693.7847 123.7782
628.4751 188.3819
552.7932 263.9808
488.0668 340.1073
403.4372 404.8206
340.4788 448.0283
278.0214 480.3195
226.5393 479.5865
175.1726 467.8829
134.2244 434.1643
103.5216 389.4795
62.2742 344.8111
10.4121 289.1101
-41.8041 222.4369
-73.3802 166.9349
-73.5122 133.5758
-52.6021 100.1476
-21.0532 88.9676
10.5328 77.8394
52.6945 66.7889
