906.7822 -425.6781
797.3438 -385.3966
688.9599 -366.8854
581.0521 -358.9767
483.5086 -328.0303
386.0411 -285.5328
289.2428 -264.8523
171.4941 -277.2808
85.8348 -300.0505
0.0000 -322.4657
-96.7575 -344.4829
-215.0139 -343.6094
-344.0135 -341.9002
-461.7919 -317.3867
-579.0222 -281.0622
-718.0030 -265.5819
-857.2476 -260.2936
-994.9170 -220.6085
-1110.1641 -169.9376
-1202.9138 -108.6356
-1285.1602 -58.6636
-1354.8597 13.3507
-1413.4034 84.9428
-1439.0578 165.5733
-1465.1928 235.1008
-1490.0470 315.8922
-1494.7329 383.8531
-1480.5357 427.7333
-1459.8774 426.0380
-1480.5357 427.7333
-1533.1715 420.8904
-1586.8863 402.9970
-1653.1769 363.7786
-1742.6744 304.2691
-1862.8162 259.3639
