858.9859 -304.8688
762.0097 -297.4706
664.7773 -278.4998
568.0129 -270.2274
460.8594 -272.8806
353.6941 -274.9803
246.3941 -265.4055
149.9042 -255.2060
42.8081 -244.5848
-64.2120 -244.5294
-160.4457 -232.8850
-267.2659 -220.6526
-374.3572 -230.1082
-459.9121 -228.3748
-534.7665 -226.5660
-620.3059 -224.1646
-705.4676 -210.2706
-801.6233 -206.7358
-907.9673 -191.1300
-1023.7539 -152.1086
-1140.9449 -145.8417
-1268.0687 -127.0511
-1405.6334 -106.6773
-1552.7548 -73.2901
-1700.3814 -49.9258
-1857.3050 -13.1655
-2013.7308 24.9874
-2206.2107 23.0257
-2372.4649 65.4996
-2539.5643 98.2890
-2746.6822 150.0641
-2952.9196 204.4527
-3163.8025 227.1881
-3313.8437 229.6449
-3486.9229 225.6011
-3631.0050 205.3016
-3764.9888 183.7141
-3924.6235 143.8395
-4084.8297 104.7085
-4241.0746 89.7817
-4401.1752 113.5625
