1662.8669 -560.6135
1571.7866 -499.7311
1503.3533 -448.3214
1455.9919 -384.1347
1420.9135 -341.5685
1385.9151 -298.9801
1350.3113 -245.1883
1305.4841 -214.4140
1261.4221 -194.7444
1217.4349 -174.9992
1161.0051 -122.3025
1104.7977 -69.5068
1027.0751 -6.5729
949.2186 67.7286
850.8613 141.2980
732.7250 203.3021
615.7338 254.8208
489.3084 295.6014
363.4743 337.2013
228.0386 368.3768
103.4540 400.5993
-10.3251 433.6638
-113.3481 467.3809
-215.9509 501.6995
-318.3413 525.5029
-410.4660 538.5467
-482.2793 540.3784
-543.8267 542.1835
-605.3667 544.2057
-656.1927 557.1883
-697.1818 558.7794
-737.6573 571.6019
-777.5288 595.6606
-816.6996 630.9606
