490.9640 -183.1236
414.7040 -106.9101
264.9696 -42.7042
148.2199 -21.6814
74.0687 -10.9799
10.5813 -11.1167
-63.5233 -22.1366
-116.5243 -33.0147
-169.5835 -43.7515
-201.3794 -43.4535
-222.5764 -43.2265
-233.0445 -31.9832
-232.7824 -9.7408
-221.9500 12.3788
-221.6962 34.6209
-221.4407 56.8629
-200.0021 89.9956
-231.5799 90.3498
-263.3111 79.6343
-294.9060 80.0917
-326.5002 80.6009
-347.5625 80.9692
-378.7107 103.8126
-431.5545 93.7979
-474.7527 50.2834
-528.3992 18.2614
-582.5405 -24.7582
-614.9921 -46.0566
-668.7302 -66.6066
-711.9540 -87.4051
-755.2622 -108.1208
-777.7843 -140.7256
-800.3603 -173.3148
-801.6233 -206.7358
-781.8737 -252.1183
-751.2816 -297.8591
-699.3776 -355.3972
-636.3853 -413.0971
-583.8533 -470.2859
-531.2772 -538.4482
-467.4922 -606.6840
-435.4546 -640.7208
-381.3589 -663.9571
-326.8827 -664.8098
-272.7555 -698.8975
-272.9866 -721.1418
-294.7000 -709.7485
-327.3035 -698.1795
-348.9734 -686.7320
-370.7825 -686.3867
-403.4958 -685.8296
-436.3945 -696.3515
-436.7644 -718.6039
-458.6001 -718.1770
-491.3530 -717.4974
-524.1050 -716.7709
-546.3974 -738.5205
-590.5915 -759.7041
-656.4689 -769.0684
-722.0982 -767.1142
-788.0458 -776.1148
-853.6917 -773.7906
-919.3317 -771.2795
-1006.8416 -767.6403
-1093.8889 -752.5057
-1191.2770 -725.2895
-1300.4711 -719.3543
-1410.8128 -735.2723
-1520.6739 -739.5061
-1630.5941 -743.2360
-1751.4999 -745.6350
-1861.5320 -748.3079
-1970.8126 -739.2197
-2080.0545 -729.5976
