3084.4856 -533.7810
3066.8969 -478.0061
3027.6285 -425.3210
2978.9821 -385.6178
2919.6485 -347.3964
2859.0418 -297.7284
2799.9297 -259.4296
2754.3665 -242.4081
2720.9092 -235.2896
2676.7798 -229.5236
2643.3705 -222.3091
2600.6017 -227.7583
2536.4283 -235.7564
2461.5296 -244.8221
2387.7876 -264.9156
2313.9330 -284.7017
2218.5040 -306.4680
2120.8503 -305.1974
2012.5170 -304.5285
1914.0205 -291.0990
1825.4693 -265.0923
1728.1719 -262.1240
1630.1081 -247.5116
1520.7207 -222.0804
1421.5381 -184.2239
1334.0469 -156.4605
1268.0687 -127.0511
1214.2007 -119.1623
1203.5622 -119.8017
1192.2808 -109.2701
1191.6358 -98.1050
1181.6475 -109.8990
1172.2735 -132.8496
1162.8666 -155.7919
1132.6830 -191.0840
1103.5088 -248.6313
1062.3095 -284.3417
1009.2064 -298.1587
933.1599 -279.3529
857.2476 -260.2936
769.5732 -207.9644
682.2956 -155.3215
616.6869 -101.7143
562.6131 -69.8906
519.8743 -59.9172
498.3829 -49.3339
508.4165 -26.8091
