1906.2916 -201.1680
1753.9972 -180.8681
1592.2347 -171.5942
1463.4544 -170.0134
1379.5676 -198.3357
1296.7956 -248.6152
1257.7723 -318.2867
1239.3353 -375.4169
1263.8959 -430.0171
1298.1021 -461.6199
1317.2206 -415.5984
1324.1557 -347.8598
1288.0500 -282.8067
1253.3357 -240.0843
1218.7114 -197.3350
1183.5508 -143.3928
1126.0218 -68.3170
1057.6144 17.4224
990.2179 92.1448
901.1791 188.2944
782.6209 261.1052
677.0533 290.4002
581.8676 331.7166
507.8481 374.0554
434.1797 416.6676
319.4195 469.8912
215.8044 512.8203
102.4850 556.2765
0.0000 611.5729
-91.4588 689.6561
-171.7444 779.2517
-241.0003 869.0998
-299.1439 970.1955
-306.3882 1092.7242
-283.5123 1236.9249
-269.8980 1414.6809
-209.1285 1580.5278
