1206.8694 3.6660
1078.1323 29.7338
971.4139 46.4778
853.8674 74.4472
738.8247 47.3976
623.1249 32.1975
475.2987 28.0304
338.1998 14.0440
179.7773 0.8242
31.7258 0.0257
-116.3274 0.3451
-264.2238 12.9043
-411.4627 48.8381
-547.9491 74.4887
-683.2774 123.3995
-807.4191 172.8852
-941.9143 212.6370
-1064.7474 263.9797
-1197.2639 316.9121
-1318.6189 370.1698
-1441.0892 402.0078
-1563.1476 434.7575
-1696.2023 458.2057
-1830.1771 471.4986
-1952.4558 495.9217
-2066.9297 497.5688
-2212.3103 503.7851
-2368.0013 512.5702
