2384.5378 -448.3873
2298.1246 -457.7454
2210.6607 -455.4545
2141.8488 -416.8639
2060.4570 -356.6724
1959.8165 -320.8660
1828.2064 -298.7866
1652.3521 -257.0225
1515.9727 -154.9096
1393.4924 -85.0553
1250.5629 -16.0203
1097.9925 53.2283
945.8881 134.6114
795.0074 216.9948
636.2019 266.6555
477.9902 328.7064
351.2599 425.9821
215.9509 501.6995
81.8747 578.4075
-30.5303 667.1978
-70.5612 811.8747
-49.8998 956.3553
-39.4718 1112.0010
9.7517 1267.6271
86.7583 1412.4361
142.1813 1613.0538
160.3564 1668.8598
168.9511 1724.5726
177.2621 1791.4124
185.8280 1836.0190
