2650.8064 -486.3355
2572.7526 -472.7053
2505.5984 -457.6078
2449.3247 -441.1318
2402.7897 -412.0292
2322.9176 -375.1285
2231.4134 -327.9059
2106.9875 -272.4725
1984.0866 -227.8157
1926.6563 -187.9248
1870.3603 -159.1852
1749.3876 -124.7680
1627.9295 -78.5607
1589.0454 8.4694
1559.8568 107.5311
1466.0859 223.9164
1363.5396 328.5371
1263.5245 411.1403
1156.3110 459.9640
1020.2222 485.2118
876.6696 466.3554
753.9898 438.4164
641.2746 411.7267
528.2276 385.7756
425.2264 360.7973
332.1102 347.7306
238.8639 335.1466
