2258.3160 -382.0851
2265.8308 -347.0517
2209.9268 -330.1733
2144.4114 -325.5627
2090.6969 -330.9689
2037.9583 -347.4940
1974.3891 -364.8678
1899.0545 -371.7432
1834.4642 -377.4175
1769.0070 -371.6644
1692.0131 -355.3710
1625.8832 -338.0133
1570.5941 -319.6832
1503.9097 -290.8164
1417.3893 -285.6344
1319.5443 -269.6154
1221.2350 -242.0083
1123.1779 -213.9946
1046.7234 -184.4850
970.4740 -154.7310
893.9515 -113.5840
838.9393 -71.3117
794.7197 -28.4971
761.2284 14.7996
727.0112 80.4066
703.0345 157.5665
679.1629 234.7346
675.3404 334.9318
702.3760 436.3142
738.6745 549.3329
784.9857 651.8044
851.9830 733.2011
870.9730 756.5199
983.4506 897.0215
1066.9540 991.9203
1123.0894 1040.6386
1150.9912 1065.0915
1277.9167 1198.6300
