2006.2387 -486.6836
1927.8472 -459.7793
1849.6161 -432.6669
1759.9310 -395.0078
1681.2570 -356.2283
1580.5495 -307.6738
1490.9292 -258.0059
1379.5676 -198.3357
1280.0761 -148.7233
1191.6358 -98.1050
1114.1809 -46.5967
1025.9155 15.7323
948.6684 78.8760
893.9076 120.9342
838.8562 174.2543
762.2358 249.1005
666.6419 290.0209
593.7558 287.5310
510.7655 273.9117
365.0838 259.3375
219.3315 234.7986
115.0313 211.6235
10.4702 189.0345
-146.7592 167.3616
-304.3563 146.9897
-472.8113 128.1682
-641.6250 110.8104
