1728.4278 -408.8696
1701.9395 -343.2907
1664.7369 -278.5892
1616.9211 -214.7342
1570.9033 -173.2527
1514.3655 -132.5212
1457.9995 -91.6924
1391.9721 -62.6919
1326.8521 -44.6957
1261.8504 -26.5146
1196.9687 -8.1471
1132.2089 10.4081
1077.5168 40.8896
1013.0286 59.7868
958.0817 101.6928
882.8763 131.5890
764.1101 204.5529
594.8690 254.1411
468.4916 295.0602
332.3231 336.6079
217.6737 368.2495
103.5216 389.4795
-10.3455 400.3053
-113.9478 378.4219
-197.3243 334.6507
-270.7043 291.0939
-312.5436 280.6300
-333.3776 280.9941
-343.7944 281.1850
-364.6277 281.5844
-406.2928 282.4538
-447.9557 283.4172
-489.6163 284.4748
-551.7549 297.3663
-613.8068 310.4740
-686.1622 324.1854
-831.6160 330.2178
-904.3227 333.6701
-977.6359 326.2663
-1050.3579 330.2972
