2683.2540 -482.3609
2619.5512 -398.0671
2551.2853 -371.8533
2461.6411 -348.0245
2361.4328 -325.1317
2249.5922 -291.7398
2147.6932 -245.5323
2048.2389 -221.5290
1938.3301 -198.1583
1828.6754 -174.2996
1729.9356 -149.0396
1642.0776 -122.5175
1544.6451 -107.7038
1446.5901 -81.2774
1360.1441 -64.8955
1285.1602 -58.6636
1230.7635 -39.6892
1208.8983 -29.8309
1186.3888 -8.7889
1185.0530 13.5386
1183.7075 35.8656
1171.1336 68.7134
1147.3828 112.0891
1134.8572 144.9393
1132.8246 178.4153
1142.6121 190.2059
1120.9942 200.1049
1080.4387 175.3459
1008.8893 137.8438
938.1360 78.3608
866.8896 19.2021
794.7197 -28.4971
700.5618 -65.5106
595.1033 -91.2265
489.1246 -105.2331
393.6535 -118.4629
276.6302 -120.4129
127.5398 -99.6695
0.0000 -77.8366
-127.1172 -32.9494
-242.9483 23.7515
-326.5002 80.6009
-430.0201 160.5489
-512.3495 218.2754
-613.4176 321.6046
