474.4783 61.4099
475.5703 16.9039
507.8443 -4.5539
529.2981 -15.1233
550.7740 -25.6714
604.3921 -46.3830
668.7302 -66.6066
743.4105 -75.1067
796.9214 -84.1949
850.0189 -82.0040
869.8166 -47.6572
878.9438 -13.7571
867.3818 8.0591
844.3084 51.7009
790.1953 82.8937
746.7591 114.6225
693.3733 134.9124
639.7177 166.4704
565.9903 175.2623
513.2872 184.8932
440.2413 171.9151
388.0732 159.6437
347.1552 103.2156
348.3687 36.4762
370.5313 -18.7532
414.0232 -73.5352
489.3904 -116.3602
596.7155 -146.8808
714.2656 -154.2199
863.4348 -148.4088
980.6075 -143.0672
1097.1598 -125.8830
1179.7227 -76.4064
1230.0802 -28.5216
1237.8884 16.8136
1234.3540 72.6499
1188.7353 125.8189
1143.3007 179.0468
1086.9429 242.8795
1008.8045 327.9581
920.9228 412.7192
823.4842 497.3045
757.6087 583.6183
701.4732 692.7872
656.0030 802.4615
641.0242 913.3639
645.9245 1025.0600
