2531.9829 -293.7559
2412.7781 -296.3912
2291.3553 -275.7730
2157.3067 -233.1414
2002.3931 -191.9838
1858.7253 -148.9320
1737.8194 -114.4717
1604.0644 -46.6759
1460.5200 20.9640
1329.1592 78.9478
1210.4587 115.9743
1103.3697 143.0864
996.6038 170.7399
891.2461 176.6530
785.9855 183.1398
670.7616 178.6926
534.8773 163.2188
399.2748 126.4882
263.3111 79.6343
137.0842 56.0824
21.1265 22.2505
-74.0268 0.1397
-169.2982 -10.3903
-264.3740 1.7826
-358.9241 36.6680
-452.8671 83.1562
-556.5129 141.5648
-681.2377 179.0677
-805.9534 206.3025
-919.8734 233.8877
-1044.5393 251.6421
-1168.9977 270.2630
-1283.6283 277.8603
-1409.4963 275.7912
-1535.4518 274.5603
-1691.7020 288.2084
