-161.5789 -388.5701
-258.3965 -376.4925
-344.3535 -364.1471
-419.2580 -340.5386
-493.7565 -305.5254
-568.5901 -292.4877
-643.6656 -290.3068
-719.0962 -298.9914
-783.8594 -307.8168
-827.2041 -317.3076
-848.6790 -316.4499
-869.7174 -304.4255
-890.2814 -281.2309
-910.7937 -258.0093
-930.7723 -223.6127
-949.6641 -166.8890
-979.0267 -109.6161
-1007.6048 -41.1226
-1025.3325 26.8847
-1042.8383 94.9275
-1070.6023 163.5953
-1098.7283 221.1803
-1127.3020 267.6786
-1166.0753 314.9026
-1175.7286 326.7267
-1185.3658 338.5580
-1214.9598 362.9331
-1245.2620 376.2058
-1276.3402 378.3701
-1297.8906 368.6745
-1320.3055 347.8289
-1343.6083 315.8274
-1377.3789 284.6120
-1419.9160 276.5882
-1472.9190 269.4787
-1545.8722 275.4282
-1629.2164 282.5870
-1712.5260 290.1303
