1997.7575 -657.5501
1971.7357 -603.1764
1946.5764 -560.0721
1910.6016 -517.9219
1840.5416 -456.0637
1784.0163 -426.9041
1725.9490 -375.2064
1646.5685 -325.1334
1556.7469 -275.6809
1446.6174 -238.6654
1324.7845 -179.5122
1204.2082 -130.9679
1062.3459 -71.8178
941.9045 0.3315
801.1910 72.1892
629.6123 154.9875
428.4539 227.2991
229.2039 279.4086
93.4110 344.9440
-31.0160 411.4486
-102.9748 478.4379
-204.3969 601.6626
-263.2438 747.0747
-300.7814 892.3437
-287.7923 1036.7409
-255.7008 1158.5566
-224.4732 1258.1793
-194.0042 1335.6129
-134.5874 1446.1629
