3784.0072 -399.5054
3682.0069 -381.5843
3581.8022 -374.9256
3490.8476 -354.5652
3401.6256 -345.4940
3312.4993 -336.1300
3224.9892 -337.9572
3146.7717 -326.3771
3068.6453 -314.5786
2990.6118 -302.5601
2903.3496 -303.2248
2794.6607 -306.4252
2676.5642 -321.8235
2569.1341 -335.2124
2472.3931 -346.7692
2386.3601 -356.6516
2277.6769 -357.1930
2135.7402 -349.2049
1993.0075 -329.0884
1849.6627 -296.8986
1705.8874 -252.6812
1561.0526 -185.2727
1438.3007 -115.6027
1357.8959 -31.3602
1267.4174 52.3578
1188.7353 125.8189
1101.3941 176.5560
1057.5627 207.6194
1025.5577 217.0286
972.6882 225.3876
909.4289 233.3758
836.3091 229.9573
773.6244 227.2564
730.9281 247.8441
687.4645 290.7854
632.5799 366.8370
577.7117 454.1373
553.3216 564.7613
560.0118 665.2423
586.6966 766.4304
603.2908 856.1844
629.0496 957.4870
644.3641 1058.4477
671.3328 1115.3463
690.4920 1127.3438
