2241.0640 -315.4729
2091.7127 -342.2372
1937.3849 -311.6123
1795.1262 -290.3483
1640.8114 -246.6648
1508.4706 -200.4793
1357.5014 -188.5850
1241.3566 -218.3908
1125.4911 -258.6387
1020.9556 -319.9460
946.2468 -334.6152
871.8784 -360.1493
797.7305 -396.5375
755.3540 -420.3821
723.6831 -443.7713
691.2898 -444.8340
669.3751 -434.3807
657.6343 -401.3114
634.8388 -357.4319
600.7663 -291.5862
556.1522 -225.9991
501.1031 -160.6086
435.7300 -95.3336
328.7400 -52.8733
200.9268 1.0296
73.7722 66.8578
-21.0035 133.4457
-83.7105 200.3376
-135.4410 278.4838
-166.0623 345.4611
-185.9703 423.5055
