2150.6039 -393.2262
2062.4353 -379.2019
1973.4366 -353.6156
1894.4417 -315.5356
1847.8197 -274.4302
1812.0034 -232.3443
1767.4072 -213.6144
1734.4527 -205.1305
1703.2800 -219.0334
1682.7620 -232.0074
1661.3697 -233.7431
1649.8283 -223.3927
1638.2944 -213.0393
1626.7681 -202.6827
1615.2493 -192.3231
1570.0789 -162.0525
1535.6551 -130.9112
1500.4922 -88.5476
1450.7735 8.9906
1369.6921 104.2541
1289.1485 199.6756
1195.7483 339.2352
1103.2928 478.9979
1035.1590 575.6067
1011.8669 618.9890
924.2478 714.6651
857.6720 811.6886
801.1467 920.5073
745.8157 1018.3010
681.1980 1115.7767
636.9142 1214.2501
623.8949 1280.6096
621.1672 1336.2472
637.7153 1392.7133
664.8733 1427.3909
683.5057 1439.4150
768.6460 1466.0269
