54.8882 -867.2580
10.9646 -833.9605
-10.9424 -778.3630
-32.7728 -733.8642
-43.6232 -689.3677
-65.2356 -611.4778
-86.7069 -533.5654
-129.7588 -477.7513
-172.6836 -432.9677
-193.8939 -388.3005
-236.6316 -354.5007
-289.9758 -320.4637
-343.1515 -286.2832
-396.1556 -251.9575
-480.7982 -205.6318
-533.3650 -170.9222
-607.0422 -135.4324
-680.8292 -110.7838
-733.1971 -86.6366
-816.8096 -49.9135
-922.8174 -45.2582
-1028.7988 -40.0315
-1167.1780 -43.5430
-1315.5244 -34.2287
-1496.3890 -32.5903
-1665.8163 -19.0032
-1844.6692 8.2946
-1979.8158 44.2316
