1411.6024 -196.1496
1356.7907 -177.4053
1291.4140 -159.2203
1204.8518 -142.1344
1107.8014 -125.3005
999.7503 -97.4158
891.5112 -57.8594
773.5381 -29.3390
645.3413 -0.5128
549.8424 7.7156
443.8713 16.1581
337.6187 47.4131
231.7154 79.2287
136.9249 78.3226
31.5983 77.8624
-63.1965 77.9401
-168.6204 67.4525
-253.0734 57.2503
-337.8131 36.2901
-422.7379 15.6895
-497.2665 -4.8247
-604.0553 -35.2520
-711.1719 -65.1339
-786.3012 -84.6161
-862.0441 -114.9784
-948.6544 -144.5918
-1045.6192 -162.1750
-1142.7582 -179.3271
-1250.0910 -184.2300
-1360.3165 -233.3055
-1470.2550 -270.7270
-1566.6737 -263.6747
-1673.7675 -255.3030
-1748.7078 -249.1061
-1812.0034 -232.3443
