-1148.5453 -749.8489
-1144.6803 -660.5215
-1194.4054 -557.1729
-1250.8741 -598.8693
-1348.0690 -581.9849
-1433.6554 -554.1611
-1576.7541 -578.1697
-1685.3161 -570.1903
-1824.7602 -536.5331
-1922.2991 -528.2234
-2041.4664 -517.4623
-2137.9583 -496.8814
-2223.5028 -476.9305
-2298.1246 -457.7454
-2382.3329 -425.7526
-2495.9318 -470.1936
-2573.9161 -484.0580
-2595.5464 -481.4892
-2603.9976 -457.4794
-2611.2010 -422.1001
-2650.6341 -382.7133
-2670.9120 -368.6531
-2691.1603 -354.5624
-2750.1033 -393.1828
-2795.7894 -410.3707
-2851.0063 -414.6693
-2930.5018 -438.7602
-2999.3260 -464.1690
-3073.5691 -442.1071
-3119.5579 -458.8425
-3143.9691 -478.6650
-3168.3938 -498.4879
-3183.3824 -531.3699
