3262.8706 -461.1234
3223.1814 -408.5175
3238.7644 -359.2908
3232.6818 -313.3355
3215.7804 -269.0568
3207.9264 -211.6670
3171.1274 -182.2500
3117.7638 -190.4709
3078.1198 -219.8294
2972.6490 -246.9589
2862.7586 -239.2455
2740.9339 -221.0796
2611.2950 -226.4048
2506.8266 -262.3422
2402.0504 -297.6269
2306.5987 -319.7902
2201.3096 -353.8682
2106.5045 -386.2526
1999.7214 -407.8770
1903.5721 -427.9591
1807.2888 -447.5648
1710.0797 -455.4774
1643.7171 -438.0795
1619.8255 -406.0882
1616.7118 -361.2548
1593.6386 -340.4750
1549.1158 -321.2786
1516.1447 -312.4331
1473.2007 -315.4940
1418.8075 -308.0075
1342.3251 -290.6013
1275.3870 -249.9466
1208.6619 -209.1358
1143.3580 -190.4891
1078.7376 -182.8165
1045.0640 -151.0201
1021.5579 -107.4959
997.0073 -41.6596
983.0873 24.7093
979.6929 91.6057
965.7388 157.9615
983.1374 225.9343
1010.0810 305.6592
1013.9501 417.7297
1068.7920 532.8604
1085.7349 735.4994
1104.5223 893.6085
