2673.6381 -495.0637
2552.2834 -486.6042
2421.3481 -490.0825
2279.6324 -493.9310
2127.1364 -497.9387
1986.4092 -511.1792
1855.6005 -511.3336
1713.2400 -500.3596
1570.3391 -477.3220
1405.4833 -443.6803
1251.9105 -408.3032
1087.5306 -361.3487
913.5541 -324.8914
761.6251 -286.3319
610.5582 -257.8793
481.5490 -239.0129
352.7839 -219.3623
213.5912 -199.0362
64.0108 -177.8115
-63.9427 -155.5722
-191.7229 -143.6446
-308.5467 -119.9487
-414.0232 -73.5352
-507.5567 6.5737
-611.1538 76.3869
-705.1228 101.8934
-810.3058 106.0485
-873.9164 97.6770
-948.1162 90.0233
-1011.2670 93.2405
-1063.2619 107.2356
