2054.8073 -686.4798
2032.9979 -688.4385
2011.1869 -690.3757
1989.3743 -692.2914
1956.6523 -695.1246
1912.2181 -687.5768
1833.5537 -660.1422
1765.9194 -631.6543
1698.4135 -603.0237
1621.6132 -597.4658
1544.8611 -591.6608
1457.9400 -597.5160
1360.7267 -614.8756
1263.4005 -631.7828
1165.4589 -637.0736
1057.0694 -653.6054
948.5610 -669.5913
837.7565 -618.1704
707.8579 -644.9436
576.7005 -626.4062
478.5742 -617.5813
358.9413 -619.8179
239.1936 -610.2936
119.4919 -589.0131
43.4518 -589.2915
-21.7356 -600.4428
