3290.7014 -597.6192
3179.3358 -590.3634
3088.4765 -568.1727
3008.6031 -544.2684
2918.0234 -521.6353
2870.8792 -493.1059
2748.1329 -474.2583
2679.6081 -448.2417
2611.2010 -422.1001
2521.3635 -398.3854
2420.9323 -375.6314
2319.5834 -341.2147
2229.2361 -305.3281
2096.2715 -273.5558
1974.3944 -240.0930
1850.9703 -183.6036
1728.1042 -126.6054
1638.5464 -77.6910
1548.4877 -17.3079
1479.9663 44.9334
1442.4642 120.8398
1426.0073 198.3244
1429.4467 288.5718
1454.2395 369.2954
1499.2251 451.8216
1565.1393 525.1821
1662.1187 590.6342
