-217.9255 -666.1214
-348.3706 -642.2370
-467.6989 -617.8111
-586.2748 -570.4668
-682.7187 -523.1246
-778.7691 -475.3116
-863.6241 -427.4564
-927.0218 -391.3107
-979.4498 -355.4449
-1021.4631 -331.1002
-1063.9093 -317.8128
-1117.0372 -303.8605
-1181.4189 -300.3229
-1235.6800 -308.3921
-1300.7223 -315.6682
-1376.5553 -322.0541
-1451.0053 -305.8009
-1524.5932 -278.0621
-1597.1826 -238.8139
-1658.8092 -200.1113
-1708.6272 -150.8492
-1769.7249 -111.6860
-1818.9606 -62.0196
-1879.5076 -22.3874
-1929.2181 16.4525
-1980.9314 32.9872
-2032.5647 49.6828
-2075.9238 42.8939
-2127.4742 59.8690
-2202.5022 56.8510
-2309.2147 57.8487
-2408.1269 35.4893
-2507.2702 13.5210
-2614.3533 16.0326
-2730.5388 31.9494
-2845.0496 59.9859
-2936.6130 96.9815
-3015.6348 144.2962
-3113.3606 206.9881
-3191.3933 255.4176
-3258.5748 302.5012
-3314.5324 288.8675
-3360.1496 273.4480
-3432.6800 227.4325
-3505.3926 181.4734
-3576.2817 147.1082
-3664.2890 139.9871
-3741.8993 131.1241
-3807.0002 132.0055
-3872.1290 133.0864
-3935.1187 146.0098
-4019.0360 163.6090
-4102.8723 181.6316
-4194.7470 214.1331
-4265.5057 242.4335
