1699.7553 -174.1736
1606.2339 -215.5731
1558.3073 -298.0818
1500.5081 -403.5358
1419.5796 -498.9159
1313.1322 -539.2192
1205.7951 -567.7538
1097.2483 -573.3922
988.6777 -578.4944
878.8993 -549.6230
780.9285 -542.1534
692.9127 -500.5129
583.8533 -470.2859
475.3013 -450.6718
356.3183 -441.8358
237.4378 -432.3504
107.9794 -444.5100
10.8031 -455.8971
-75.6216 -455.7676
-161.9683 -444.1721
-237.4378 -432.3504
-334.2439 -408.8122
-452.3932 -384.3780
-570.0132 -348.1389
-708.3673 -299.3578
-835.8276 -261.1683
-941.4637 -223.1260
-1067.5041 -172.2217
-1160.3798 -111.1396
-1274.5534 -59.3473
-1379.0793 -29.8914
-1502.7723 24.1721
-1616.1644 67.0808
-1751.1044 101.4634
-1908.8371 116.5294
-2086.2231 146.4795
-2167.6070 178.4198
-2314.2057 195.8545
-2418.8310 209.0380
-2533.8289 224.2472
-2647.1459 251.5405
-2687.8461 338.4585
-2701.8840 386.9028
-2712.2487 458.0679
-2711.9712 527.6762
-2701.1798 595.6774
-2686.4730 686.2957
-2655.5767 809.1763
-2630.0491 898.0140
-2608.2216 1022.2934
-2577.9354 1133.5242
-2561.2474 1223.7503
-2551.7476 1326.8511
