1985.5084 -499.9223
1959.3492 -445.6153
1934.1132 -402.5717
1909.8180 -370.7778
1898.1396 -360.5010
1886.4676 -350.2216
1863.1432 -329.6554
1841.6551 -331.5465
1809.4196 -334.3410
1778.9106 -359.5379
1757.3939 -361.3339
1734.1880 -340.6647
1722.5953 -330.3259
1711.0095 -319.9844
1699.4307 -309.6399
1665.5703 -289.8014
1620.2258 -259.5595
1553.5886 -230.8819
1477.1933 -214.0066
1422.2800 -195.4096
1356.0774 -166.2258
1278.0245 -115.2061
1178.4276 -54.0787
1090.5425 -3.1493
1004.2105 25.7854
927.6034 77.8513
862.3800 119.4858
807.9043 161.7459
742.7335 214.8492
699.1847 257.7747
655.4029 311.9118
610.6575 399.5170
566.2612 487.1915
532.0968 586.3767
528.3372 697.6472
522.0883 875.6725
515.1331 1064.8139
514.7138 1075.9396
507.4131 1265.0693
506.5327 1287.3191
487.0033 1531.7255
494.8491 1788.2376
538.7995 2024.0112
