489.0156 -595.0907
379.6729 -552.7119
259.9964 -521.0756
140.7685 -511.0445
32.4852 -511.4733
-43.3336 -522.5741
-119.2218 -533.4131
-195.1779 -543.9916
-271.2008 -554.3106
-358.1412 -564.1982
-434.4931 -585.0905
-532.9489 -616.3531
-631.6458 -647.2087
-708.4709 -667.2177
-796.6589 -697.7464
-885.4151 -739.1164
-984.5605 -757.4273
-1069.3339 -686.5716
-1117.4479 -538.8193
-1123.5876 -437.8005
-1119.2566 -348.5053
-1224.3341 -297.8532
-1320.8751 -291.9701
-1364.4570 -300.3916
-1407.3719 -297.5462
-1470.9959 -281.9184
-1534.5376 -266.0761
-1608.7004 -249.1883
-1694.3211 -242.3458
-1768.3135 -224.8375
-1851.9291 -194.8364
-1990.6883 -181.7763
-2128.2504 -156.4724
-2189.8875 -127.0993
-2252.5404 -108.7669
-2337.5835 -99.0315
-2410.6785 -78.8927
-2451.8296 -62.3939
-2482.3167 -47.1183
-2544.5300 -27.7076
-2606.6392 -8.0604
-2638.3747 -3.8213
-2679.2112 13.2698
-2719.9804 30.4721
-2762.2090 36.4179
-2802.8724 53.8371
-2832.9299 69.8206
-2871.8506 98.8265
-2900.1270 126.3599
-2914.4474 175.1384
-2918.1135 222.3248
-2905.9614 302.0301
-2881.3617 391.4084
-2853.7119 561.9047
-2834.8464 733.8882
