2317.5890 -432.8265
2284.1473 -424.9866
2251.7789 -428.4018
2230.1974 -430.6505
2207.5836 -421.5884
2186.0084 -423.7954
2174.2012 -413.6076
2152.6334 -415.7841
2130.0615 -406.6622
2085.9518 -399.6400
2029.1604 -371.0480
1961.7303 -343.3657
1894.4417 -315.5356
1817.4775 -299.7220
1750.4733 -271.5493
1684.4746 -254.4347
1628.4447 -225.0967
1560.2370 -174.0733
1479.2467 -90.1315
1397.1288 16.3263
1305.8130 111.0248
1226.3565 195.4757
1148.1506 268.9589
1050.3579 330.2972
951.9350 414.3354
893.0450 545.3777
894.4560 701.8843
936.8935 838.3559
987.3027 986.7801
995.0379 1155.1704
989.4524 1356.3459
