1455.9919 -384.1347
1326.0922 -381.3957
1205.2690 -343.7707
1064.4383 -328.9700
945.3054 -312.3166
847.3993 -283.0200
750.9024 -286.7210
655.0494 -312.2405
570.0132 -348.1389
506.4868 -394.2935
453.4842 -440.0100
389.2595 -474.6498
281.6618 -520.8080
162.7229 -555.3761
43.4323 -578.1719
-76.0405 -589.2040
-195.7050 -610.7165
-337.3371 -631.2793
-478.9945 -639.8362
-642.5336 -646.9010
-761.9582 -632.0275
-880.8682 -605.3544
-999.9814 -589.1624
-1129.8149 -571.7570
-1248.6458 -554.1744
-1367.3324 -535.9189
-1474.3655 -506.5226
-1569.6106 -466.1178
-1672.9203 -390.7229
-1765.5675 -326.7634
-1832.4579 -219.2208
-1910.9788 -132.7290
-1988.6270 -45.7344
-2057.1232 18.1418
-2138.0165 61.0305
-2215.9761 126.9154
-2303.7390 194.5697
-2359.4556 258.8333
-2402.7471 333.3222
-2462.9675 433.4617
-2501.5113 531.0906
-2559.5249 631.9833
-2572.1438 749.6467
-2527.9155 893.3694
-2453.4055 1032.2364
