1921.5593 -822.5982
1777.6502 -811.3613
1633.2473 -788.0960
1489.1139 -764.0457
1323.4065 -740.4674
1147.5927 -727.5164
972.0063 -713.2788
796.6589 -697.7464
632.1926 -669.4756
457.4239 -651.4159
293.5532 -609.6458
130.2376 -566.7120
-32.4852 -511.4733
-183.5636 -443.9990
-334.0823 -397.6889
-483.7492 -339.1575
-611.1815 -280.1428
-737.9055 -220.2799
-853.2357 -160.0035
-967.8681 -98.9824
-1071.1834 -37.7805
-1174.4849 12.9010
-1287.7701 64.9193
-1380.2100 105.0082
-1461.7585 144.8089
-1511.5280 182.4859
-1540.1605 218.6061
-1558.2112 253.9173
-1574.1877 311.6488
-1590.9616 358.2230
-1607.5727 404.8324
-1634.3325 452.4198
-1660.8663 500.0805
-1687.1707 547.8147
-1714.4191 584.4209
-1763.1323 611.9716
-1833.3317 630.6531
-1926.4428 629.4923
-2050.2218 632.4480
-2200.0518 673.9550
-2344.0115 681.7372
-2530.3905 685.4577
-2730.8897 670.1303
-2938.0031 622.7821
-3093.1390 579.4684
-3218.2540 531.3876
-3372.6655 501.1277
-3556.3234 489.5189
-3671.7530 501.1831
