1718.6387 -578.9134
1641.8955 -573.4471
1542.8047 -558.0529
1443.8527 -542.2627
1345.0426 -526.0732
1246.3778 -509.4817
1168.9581 -480.1680
1102.5186 -450.0767
1014.1763 -409.6961
937.7947 -390.8396
882.6365 -359.7036
806.9284 -351.5666
742.0337 -342.7930
666.1176 -323.0364
601.3714 -313.8491
525.6866 -293.6123
450.1433 -273.1155
374.1626 -218.9841
277.3723 -176.0228
201.9360 -99.0575
116.4589 -21.8948
84.3110 66.9009
20.9658 166.8042
-10.4317 255.7516
-82.9251 367.1332
-144.5491 434.2447
-216.6767 446.0954
