1695.4158 -558.1426
1620.1831 -575.0430
1544.1787 -580.4580
1479.0191 -584.8886
1370.3947 -591.8417
1240.0069 -599.4760
1109.5811 -606.3391
1033.9376 -621.1440
751.4044 -643.5331
588.3482 -659.5186
403.3227 -674.7044
228.8215 -666.0138
54.4585 -655.9853
-130.5284 -622.3124
-304.1541 -587.2550
-466.4446 -551.0489
-670.9538 -490.0544
-832.0434 -451.0188
-1013.1985 -387.3879
-1225.5565 -320.1922
-1415.9596 -263.2620
-1594.7231 -205.2030
-1771.6097 -134.1294
-1915.4565 -64.2812
-2061.6821 -26.8816
-2227.3350 25.4263
-2350.0568 74.2216
-2484.1147 114.0406
-2560.7638 181.7928
-2638.2864 238.7205
-2703.1931 305.9583
-2748.4252 359.1008
-2782.9303 410.8534
-2798.2771 448.1394
-2815.2969 474.1074
-2834.0664 488.7521
-2857.4765 539.1845
-2888.9016 602.7717
-2911.6716 653.4006
-2982.8285 724.3919
-3031.3901 744.8523
-3071.8785 752.2425
-3122.4607 761.6300
-3197.6895 752.2321
-3346.2057 745.6913
-3444.3810 729.8068
-3552.9354 716.4852
-3651.5859 701.5006
-3750.5013 735.3538
-3853.9113 795.4056
-4035.4607 925.0389
