2769.9096 -575.4154
2780.5639 -470.1302
2758.2901 -369.0209
2728.9361 -303.5349
2712.8979 -259.4394
2707.5031 -213.9591
2723.3462 -165.6438
2728.3672 -118.7305
2713.4577 -86.0733
2698.5333 -53.4285
2662.4203 -23.6687
2588.2858 -33.5342
2568.4815 -47.6352
2506.2063 -67.1010
2443.8289 -86.3318
2370.7194 -106.5885
2286.8482 -127.7441
2202.8389 -148.4991
2108.0303 -169.9648
2001.3585 -180.7314
1895.6111 -202.1598
1768.3135 -224.8375
1640.8114 -246.6648
1501.6377 -257.2325
1363.0878 -278.0289
1223.7192 -286.6839
1073.5718 -294.9500
923.3717 -302.1261
794.1929 -296.2719
675.4959 -278.1546
609.9300 -235.6159
555.2810 -192.6104
490.9640 -183.1236
437.3752 -173.2129
383.8394 -163.1652
341.1947 -163.9267
362.5172 -163.5571
436.9096 -150.9616
501.1031 -160.6086
554.6946 -170.3515
608.6588 -191.0896
662.7267 -211.6963
716.8969 -232.1727
749.3703 -242.1690
802.8718 -240.1574
867.5128 -248.7036
954.5977 -278.3806
1053.1713 -318.3544
1152.6415 -369.0994
1253.1046 -430.6486
1343.1946 -492.5282
1433.6554 -554.1611
1512.9328 -605.0964
1590.4007 -622.2279
1642.6220 -584.6609
1681.5347 -514.0998
1720.0785 -443.3992
1735.8755 -363.1075
1735.3456 -216.3495
1708.6272 -150.8492
1702.2379 -72.3512
1696.6267 -5.0786
1691.8558 50.9737
1687.9769 95.8102
1683.0507 151.8489
1659.1079 183.6138
