914.2813 -626.3414
891.7380 -604.9230
879.6921 -571.9153
878.0995 -527.3309
866.0662 -494.3259
832.4359 -462.1618
797.7305 -396.5375
783.0698 -285.5372
779.4389 -185.2820
765.4782 -96.5795
686.8610 23.1936
566.6712 153.0039
449.6261 216.6643
355.0943 236.8889
261.1063 235.3365
177.2250 267.7156
72.8385 300.3709
-31.1968 311.3727
-145.3982 334.1637
-259.3001 357.6729
-363.2413 348.3246
-456.6277 350.4265
-550.3544 341.8798
-644.1847 333.8067
-717.3350 325.3803
-769.7734 316.3534
-790.5648 317.2379
-799.9415 339.9655
-808.2395 384.9775
-827.3272 419.3330
-846.3165 453.7175
-874.9081 499.7786
-882.7896 544.8567
-891.8185 567.6606
-900.8112 590.4723
-941.0587 603.7932
-1012.5750 607.8416
-1095.0479 601.6824
-1188.6526 585.4453
