1811.0783 -221.1158
1768.3135 -224.8375
1736.2351 -227.5688
1714.8472 -229.3613
1693.4575 -231.1311
1660.5195 -222.5322
1627.6080 -213.8896
1583.2200 -194.8296
1550.3802 -186.0865
1506.8993 -178.0912
1442.1247 -171.5372
1388.7938 -175.2474
1325.4781 -190.6890
1283.4438 -204.5886
1241.3566 -218.3908
1209.9125 -231.4707
1167.7276 -245.1028
1124.3390 -236.3164
1069.1848 -205.6917
1004.0339 -186.6309
927.3510 -145.5799
861.5771 -103.8352
795.6052 -50.7760
709.1915 -9.4568
634.0449 21.4062
537.7266 63.0641
452.3362 105.4078
356.6118 159.0257
271.8841 213.2421
229.4906 257.1664
176.8911 301.0769
135.0128 334.0840
