1217.1919 -578.3312
1129.3083 -560.5934
1030.7154 -543.0490
964.7771 -523.6923
876.4790 -482.7476
766.5069 -431.1389
657.6343 -401.3114
549.0479 -370.9674
440.9738 -351.2262
332.9319 -319.8264
246.3941 -265.4055
160.1103 -188.4037
85.0268 -99.8951
21.1745 -22.2276
0.0000 77.8366
0.0000 166.7926
31.2950 255.7750
41.5957 311.3933
62.3141 333.6915
72.6531 344.8495
93.4110 344.9440
124.6274 334.0102
72.6531 344.8495
31.0970 366.9704
-31.0567 389.2095
-124.1445 400.7299
-227.2948 423.9817
-299.2131 447.2885
-381.7426 448.8636
-443.3386 461.4208
-525.7965 463.6674
