2426.6103 -432.2480
2362.9378 -450.7606
2299.1783 -469.0492
2224.5159 -488.2227
2128.0991 -509.2164
2031.5482 -529.7319
1913.1747 -551.6633
1794.6372 -572.9000
1717.8777 -567.6907
1652.0165 -561.4263
1573.9344 -533.3463
1496.0170 -505.0516
1439.2228 -463.9251
1371.1386 -412.2160
1303.2878 -360.3734
1223.7192 -286.6839
1145.7342 -235.1387
1068.0665 -183.3783
990.1946 -120.2455
902.1172 -57.3802
792.9293 16.0600
695.4162 79.2410
618.7511 165.7735
574.7136 231.2263
582.2381 320.5872
599.5251 421.4290
638.7282 478.5134
708.8837 525.7923
787.7518 596.1232
886.2065 667.9292
1023.4432 753.9738
