2989.8856 -674.5469
2836.0835 -682.6725
2702.9944 -675.8119
2537.3426 -671.9439
2405.5307 -674.8457
2229.2209 -670.0312
2073.9920 -650.6797
1898.0964 -643.4992
1733.2744 -634.1950
1601.2777 -621.4538
1469.4515 -607.9979
1337.8015 -593.8227
1216.1024 -555.9896
1149.4453 -525.9792
1071.6201 -485.1822
1004.8305 -443.6651
937.3396 -379.6905
890.7315 -292.3766
843.9120 -193.8766
850.0189 -82.0040
887.5127 31.2957
934.8312 145.2393
991.1353 271.0823
1060.0707 342.0493
1138.6855 414.0102
1226.8265 487.1263
1323.4235 572.7489
1428.0055 671.1034
