2186.0084 -423.7954
2105.5002 -374.9811
2046.7178 -323.9299
1998.8072 -271.7944
1961.6984 -218.6176
1924.6550 -165.4408
1900.3332 -133.7346
1898.3163 -111.2597
1906.9062 -87.7753
1928.1490 -85.7360
1939.8112 -95.9495
1942.9124 -129.6775
1913.9926 -166.4482
1842.2013 -207.0326
1770.1154 -247.2845
1696.8913 -275.9916
1622.6700 -293.1811
1547.5788 -298.8790
1461.7372 -305.0542
1377.2357 -333.2371
1303.9227 -371.5500
1241.7225 -420.1029
1158.1438 -480.7469
1051.4409 -519.7088
943.5396 -535.7843
845.9780 -539.7507
759.2439 -542.9114
661.0512 -523.7882
562.7596 -493.1177
475.5261 -461.7990
399.1221 -418.8288
344.1838 -353.0237
321.7062 -286.6252
320.7153 -219.8879
320.0418 -175.3966
319.3579 -130.9054
318.3129 -64.1690
327.8184 2.7411
368.8393 70.2368
431.0466 116.0483
492.9362 162.0810
554.1618 219.4663
583.7084 276.0693
582.6075 309.4578
561.0936 331.0672
539.9736 341.5695
519.2114 340.9669
498.4485 340.3879
