2442.9117 -602.1775
2364.7805 -587.7236
2272.8827 -540.2616
2168.4418 -471.1090
2074.1906 -389.4220
1991.0531 -306.5808
1897.5552 -224.6377
1807.3412 -176.2050
1708.6272 -150.8492
1630.5653 -112.1768
1573.1236 -60.4244
1525.6129 3.4250
1467.7347 66.5065
1401.2445 106.5340
1345.4865 147.4653
1299.6124 200.3963
1265.1326 242.9236
1230.7632 285.4824
1185.3658 338.5580
1130.5476 379.8889
1076.6560 410.1873
1013.2852 428.8786
928.1898 468.9725
843.4848 509.4155
749.9522 527.4995
668.2651 513.0497
597.1359 488.2067
536.1029 463.9752
505.8557 440.8164
475.8325 406.5889
445.6768 372.4198
436.1558 338.7929
426.8560 294.0486
417.4895 249.3119
397.8381 193.2341
377.8127 148.3081
326.1176 102.8464
263.6175 57.3910
190.3521 0.9241
127.3297 -66.3094
53.1997 -122.2443
-21.3256 -166.7814
-85.5272 -222.2123
-150.0577 -277.4465
