-1117.5758 -796.1144
-1269.8127 -765.8971
-1422.3244 -745.7908
-1584.9114 -712.6607
-1726.0597 -691.1551
-1856.1264 -669.6070
-1985.1727 -635.9906
-2114.8268 -612.7983
-2264.0395 -563.9776
-2370.4319 -529.9724
-2466.8367 -507.8974
-2552.2834 -486.6042
-2637.6056 -464.9187
-2733.5972 -441.4723
-2838.9112 -404.6970
-2941.1511 -344.4141
-3010.6200 -288.0472
-3068.9456 -232.8711
-3137.5367 -175.7429
-3205.6583 -118.2028
-3257.1577 -98.1679
-3299.6600 -91.2050
-3317.4562 -64.6981
-3344.0015 -24.8630
-3375.4536 51.3924
-3418.7482 118.1961
-3467.4004 150.7079
