2655.5716 -428.1749
2490.1947 -413.5098
2370.4393 -415.6310
2258.3160 -382.0851
2147.5271 -359.3925
2036.9696 -336.2333
1925.6994 -301.3569
1816.5743 -288.4916
1705.8874 -252.6812
1574.9781 -229.2573
1456.5692 -226.7229
1316.1709 -213.7315
1209.2884 -220.3032
1124.9162 -247.4775
1049.9853 -251.4178
974.5416 -243.9335
876.8564 -214.8176
822.1261 -183.6058
745.8350 -141.9302
669.8310 -100.0078
604.0553 -35.2520
570.9843 8.3209
526.8795 73.9021
493.5267 139.8273
460.6426 194.6665
417.4895 249.3119
363.9379 314.9546
290.6004 347.0213
207.1744 379.2488
134.4897 400.8042
41.3002 433.7085
-82.4904 456.0909
-206.0841 468.2146
-308.9094 480.8311
-391.5352 471.3350
-474.5778 451.0926
-558.5598 408.9671
-643.7730 344.9383
-749.4547 304.3566
-887.4433 254.6557
-1024.3017 239.3306
-1140.5323 223.6824
-1289.1485 199.6756
-1437.3369 187.9387
-1597.2101 166.9947
-1765.9180 170.6951
