1324.1557 -347.8598
1259.6359 -351.8042
1194.5184 -344.3819
1118.7051 -337.3439
1042.9512 -330.0462
966.2910 -300.1868
899.1612 -236.1851
883.7928 -125.1990
911.2016 -23.4579
950.8578 34.2860
990.7948 80.9950
1050.8839 140.1154
1110.5301 199.4837
1159.2924 258.4485
1166.0753 314.9026
1122.3477 345.7764
1060.0707 342.0493
998.4153 327.3882
946.4642 324.6279
892.2213 366.5873
847.9943 420.2977
825.6905 452.7498
813.7457 485.6897
822.3706 519.5813
831.5076 542.3425
850.8515 565.6090
880.3575 589.4202
921.9028 580.4060
964.8234 549.1944
