2510.2608 -617.6367
2400.4627 -618.2122
2290.7068 -618.2750
2181.9309 -629.1142
2072.2226 -628.1350
1951.6844 -627.5924
1852.1544 -613.4009
1764.3897 -609.1957
1686.8051 -592.6282
1609.3264 -575.8328
1531.2688 -547.6062
1442.5442 -519.8796
1375.6525 -490.5033
1277.0862 -474.0800
1179.2221 -468.4167
1092.2318 -461.7855
983.2352 -444.6605
874.4140 -427.0200
765.7727 -408.8603
657.3158 -390.1774
559.8112 -370.6862
494.7423 -350.0358
440.5363 -328.9743
386.2366 -296.6573
321.5427 -275.5023
267.8186 -265.1400
224.9693 -265.6488
182.1192 -266.0691
160.7759 -277.3664
139.3395 -277.5211
117.9628 -288.7736
96.5640 -300.0037
75.1055 -300.0918
53.6468 -300.1579
32.2043 -311.3215
10.7348 -311.3435
