-1416.3263 -633.8833
-1731.7737 -611.7445
-1872.2659 -589.1047
-2012.5590 -565.5079
-2152.6455 -540.9446
-2292.5173 -515.4048
-2357.4879 -508.5071
-2434.3545 -511.5336
-2500.4312 -515.5507
-2664.0059 -507.7573
-2826.3343 -487.3512
-2987.1748 -454.2238
-3146.2609 -408.2562
-3274.0683 -377.3313
-3419.9239 -318.9508
-3554.3737 -261.0160
-3697.0308 -188.3187
-3817.4441 -118.1557
-3956.1634 -30.9345
-4042.9859 35.1831
-4116.3776 111.4621
-4173.8329 209.4610
-4204.4570 326.6318
-4210.5069 500.1113
-4155.6154 646.9258
-4079.8449 874.5845
-3975.4660 1119.2200
-3874.7128 1339.5204
-3787.1937 1612.2244
-3698.7818 1872.1228
-3595.1789 2164.6483
-3501.1673 2385.2243
-3399.5109 2565.8445
