711.5637 -76.2695
743.4105 -75.1067
764.6406 -74.3032
775.2554 -73.8929
785.8700 -73.4769
807.5414 -83.7681
839.8588 -93.5956
915.2218 -112.6261
1012.0161 -130.3392
1095.9766 -103.5667
1138.4950 -101.1963
1148.4997 -89.4276
1180.3667 -87.5704
1212.2307 -85.6619
1232.7984 -73.1928
1242.7308 -61.3640
1263.2502 -48.8549
1261.8504 -26.5146
1260.4403 -4.1749
1258.3061 29.3333
1265.2262 85.8660
1272.7717 131.2394
1306.8857 245.8075
1367.7795 407.5356
1447.2337 571.3707
1484.0751 619.5528
1629.9848 892.8120
1820.6188 1220.0641
