1249.7649 -576.5216
1128.7995 -549.4298
1020.3343 -554.7089
911.8468 -559.4510
802.6124 -541.3740
693.8699 -533.9208
574.3753 -526.2279
454.7636 -506.7691
324.5397 -486.8392
183.6508 -455.1197
43.1299 -411.3784
-96.8531 -366.7226
-225.4263 -310.1335
-364.0382 -252.5475
-480.2928 -183.3778
-595.4281 -102.3573
-699.0040 -20.9707
-759.9233 48.2121
-820.3395 117.6360
-859.2943 186.3381
-897.8754 255.1569
-905.4705 311.3832
-903.1675 355.9568
-902.0047 378.2430
-911.7724 389.9057
-933.0798 379.8183
-966.0142 348.0078
-999.6785 305.0905
-1045.1834 240.4899
-1100.0657 198.8684
-1164.9507 169.1667
-1240.5276 140.3295
-1338.1359 102.0270
-1435.2894 75.3163
-1543.2635 49.8625
