2338.0839 -419.1817
2251.7789 -428.4018
2143.8506 -439.4203
2012.3945 -429.3844
1869.4357 -408.3216
1725.9490 -375.2064
1540.6420 -355.6656
1367.1625 -345.1193
1216.0192 -343.1540
1032.2073 -330.5759
848.6790 -316.4499
665.1144 -289.6339
493.2577 -283.2703
322.0314 -308.8711
139.7604 -344.2420
-10.7720 -389.1801
-172.6009 -421.8472
-345.8493 -464.2587
-497.6047 -483.5692
-659.5177 -468.1164
-798.1156 -407.6784
-904.1521 -358.7957
-988.2444 -310.3357
-1049.4469 -240.2621
-1089.9800 -193.4072
-1110.1641 -169.9376
-1142.1561 -168.1652
-1162.8666 -155.7919
-1184.8076 -165.7227
-1216.7930 -163.8315
-1238.7683 -173.7118
-1314.1150 -180.2031
-1412.3358 -207.3345
