329.3204 -865.0295
197.5178 -855.3756
76.8131 -856.0771
-54.8882 -867.2580
-197.7504 -888.7384
-340.8274 -909.3688
-473.1105 -929.3769
-616.3550 -937.2632
-748.6819 -944.6533
-870.0790 -951.7300
-991.5478 -958.2107
-1091.0564 -965.1007
-1178.7270 -949.7950
-1277.3183 -933.5670
-1386.8097 -916.2730
-1518.1671 -897.0550
-1649.3795 -877.0659
-1769.4686 -857.1230
-1889.4188 -836.5180
-1998.2686 -816.1824
-2096.0386 -796.2740
-2192.8127 -764.6113
-2289.3702 -732.4532
-2384.7208 -688.4690
-2469.8848 -656.4782
-2542.8831 -613.9587
-2625.3159 -558.4402
-2686.8513 -516.4859
-2746.8918 -462.8719
-2785.0072 -411.7747
-2821.5178 -349.1309
-2838.9523 -312.0492
-2832.0543 -255.0646
-2820.7188 -163.9292
-2809.0161 -72.8438
-2795.4121 29.5662
-2760.3375 128.8582
-2725.0298 228.0408
-2682.3872 302.9096
-2619.0267 374.7114
-2547.1703 433.7262
-2508.0884 485.8765
-2476.0365 562.0654
-2425.1959 624.0183
-2350.8800 705.6913
-2278.5747 776.1625
-2174.8556 853.9382
-1960.3701 929.4836
-1791.9991 978.0390
-1658.5127 997.5855
-1544.1354 1031.2525
-1468.7425 1080.4613
-1441.3856 1055.3607
-1444.8390 1021.8525
-1499.2158 981.7770
