2138.0635 -257.9147
2047.1938 -210.2697
1967.2993 -161.3538
1877.0468 -113.2589
1787.1331 -64.9070
1698.5110 -27.5016
1610.1859 10.1975
1511.6169 47.3717
1415.0341 62.5790
1329.9266 67.7732
1266.6896 63.5273
1202.7454 70.6555
1128.3267 77.3644
1031.7111 105.5116
924.8853 133.5806
818.3900 162.1959
690.4537 212.8502
563.2200 264.2946
456.9207 339.3009
371.9192 426.3990
308.7014 491.9532
256.0270 568.9790
244.9288 624.4369
243.8823 691.1635
242.8171 757.8899
241.7333 824.6159
240.6307 891.3417
269.4452 958.5425
318.0704 1015.0688
356.3790 1071.5297
404.8673 1106.1051
463.3301 1130.0110
531.4209 1154.4853
590.9286 1145.5119
652.6735 1092.2459
