2163.1033 -960.6430
2106.4909 -942.9326
2050.6989 -936.4031
1982.4501 -908.1435
1914.3074 -879.7577
1875.4874 -792.4073
1867.8115 -679.9555
1860.5852 -578.7742
1853.0580 -477.6175
1846.1149 -387.7214
1842.5545 -342.7809
1838.0206 -286.6124
1811.0783 -221.1158
1786.0050 -178.0874
1750.3166 -135.9874
1717.4618 -127.5154
1684.6342 -118.9991
1650.9468 -99.2305
1605.8210 -69.0803
1550.2040 -39.7001
1485.7961 -33.3902
1400.2612 -28.3995
1335.9680 -21.6298
1229.3944 -17.3542
1165.8805 -21.2177
1091.1552 -14.3063
1047.0484 16.8532
1013.0286 59.7868
1010.0823 115.5423
1028.0443 172.4232
1096.0263 265.8024
1213.3974 385.2579
1337.3055 528.8547
1478.8686 675.4496
