1737.5492 -385.5513
1637.4312 -348.3915
1529.1389 -345.2476
1402.8140 -398.9341
1286.6926 -451.0890
1136.5144 -481.8883
974.7138 -500.9090
866.0662 -494.3259
768.3157 -486.8363
649.0132 -479.5763
540.3590 -460.2774
431.8925 -440.4537
323.6185 -420.1009
215.4370 -388.0936
118.3175 -355.4934
10.7455 -333.5825
-96.5640 -300.0037
-192.7329 -254.8516
-277.8109 -209.3888
-373.3767 -174.4880
-468.6219 -139.1200
-583.8378 -69.2792
-709.1915 -9.4568
-803.4957 16.4917
-898.0709 31.7797
-1032.9165 83.2069
-1166.3414 146.8448
-1267.4517 209.4202
-1357.3910 271.8954
-1457.0186 335.7500
-1555.8525 400.2893
-1643.5638 464.5662
-1731.6785 518.2138
