1837.4246 -885.8258
1651.2705 -910.7223
1531.4703 -941.1726
1387.8569 -938.6524
1255.3123 -934.7266
1133.4057 -918.4080
987.3529 -835.5067
852.6353 -740.3547
706.9277 -611.5329
552.4509 -515.6542
421.4958 -462.9184
312.8319 -420.2609
193.7043 -366.0590
32.2366 -333.5606
-107.4012 -322.1911
-268.3626 -309.6275
-354.0533 -297.2275
-439.4272 -273.3448
-524.0734 -226.8411
-628.3354 -134.7807
-711.1719 -65.1339
-761.6604 3.6619
-833.2802 62.3857
-893.3789 132.0782
-973.2830 214.2397
-1021.7644 283.9332
-1069.0817 364.9613
