2546.0069 -533.2618
2467.9387 -519.2317
2379.1406 -506.1632
2289.4130 -481.4944
2199.8577 -456.5558
2109.4918 -420.0697
2007.6327 -373.0938
1885.5504 -338.9815
1731.6305 -307.0027
1578.9736 -285.2679
1437.3814 -261.7884
1305.4841 -214.4140
1174.1452 -166.3418
1075.2967 -115.8744
988.0438 -75.6423
921.2725 -11.8192
887.0048 42.4398
863.3945 97.2011
881.2983 165.0186
920.4379 222.7428
991.1353 271.0823
1070.4511 342.6556
1177.7071 450.1570
1312.2817 583.1393
1379.0739 644.5700
1454.3626 718.3986
1500.7078 767.5716
