957.7594 -110.6421
934.4491 -67.0556
911.7106 -34.6036
857.7780 -14.6916
814.5241 5.7888
782.3626 15.6341
760.7950 25.9372
739.2491 36.2611
717.7252 46.6060
685.6791 56.5960
632.5880 65.9340
526.5724 85.0301
378.7107 103.8126
231.0331 134.8344
83.8630 166.9784
-62.8212 189.1364
-199.2913 156.7199
-315.0384 136.0381
-431.0466 116.0483
-525.0205 140.6699
-598.1426 153.9696
-660.6835 167.1906
-723.1396 180.6264
-785.9855 183.1398
-838.3502 185.3950
-879.7040 198.4474
-921.0004 211.5979
-962.8271 213.6996
-993.5862 226.4868
-1025.5577 217.0286
-1057.5627 207.6194
-1089.6010 198.2590
-1121.6723 188.9474
-1164.2518 180.3274
-1206.8739 171.7955
-1260.0230 164.0460
-1313.2230 156.4352
-1365.6617 160.1396
-1449.5411 166.3732
-1555.2750 163.5034
-1671.5698 162.1276
-1800.5433 139.9992
-1918.2318 128.8159
-2033.7430 140.7950
-2159.6677 154.6902
-2307.8078 160.7122
-2444.0676 177.8292
-2506.9131 186.0771
-2618.9581 224.4423
-2660.7505 230.3483
-2702.5291 236.3536
-2829.4621 243.5957
-2881.6439 251.6075
-2965.0853 264.7529
-3156.3579 272.9405
-3185.7199 289.7462
-3173.4102 299.3881
-3105.3460 323.0013
-3157.2920 331.8982
-3141.1547 364.3919
-3083.6009 389.7414
-3048.7472 407.2755
-2993.2795 421.3755
-2970.7425 429.3263
-2906.9245 430.5305
-2831.0235 441.6658
-2806.7975 461.1189
-2753.0279 534.0816
-2731.8435 600.5016
