2286.5565 -698.5277
2231.0812 -692.6272
2185.6280 -674.2734
2151.1175 -654.8279
2119.3362 -669.1937
2132.9021 -702.0190
2147.3304 -746.1385
2118.7743 -805.5774
2066.4270 -844.3022
2013.1316 -871.5801
1947.2519 -877.0789
1868.9394 -860.7622
1779.7492 -845.0639
1667.4183 -808.2061
1532.8573 -761.1882
1408.4546 -690.5124
1284.0393 -608.1941
1170.5789 -513.6672
1079.3789 -417.6914
1010.2166 -320.4654
973.0309 -210.4819
978.4958 -98.4659
1025.9155 15.7323
1104.0238 131.9297
1180.8804 248.6018
1247.6547 342.7112
1313.4935 437.1877
