1307.8042 -79.6273
1237.8884 16.8136
1148.0549 100.9290
1039.7672 150.6913
954.1047 179.7246
858.7738 197.4798
794.5204 228.1332
751.3341 259.8121
729.1070 292.3852
695.6647 346.8450
673.1679 390.5951
629.6893 444.7533
586.8445 487.8623
544.1990 531.0558
511.9937 574.6340
459.8453 606.5768
398.2657 616.1761
346.9695 626.1940
265.1503 635.8612
193.6301 646.0268
132.4854 645.4442
71.2371 667.3194
10.1548 700.5321
-40.5897 711.6973
-91.2600 723.0153
-141.9590 723.3664
-182.7826 701.5165
-213.5526 679.6317
-254.9530 635.7066
-296.9873 569.6302
-339.1078 514.7647
-391.5352 471.3350
-444.2223 428.0456
-486.1740 406.8653
-537.8791 408.3368
-589.9653 398.8278
-652.0395 400.9669
-723.9750 414.8683
-783.3906 473.1602
-850.2639 576.7484
