2266.9199 -358.3473
2200.2484 -342.5831
2122.9272 -327.7422
2055.4386 -300.3557
2022.2485 -292.2361
1999.8039 -283.0483
1976.3857 -262.5933
1929.6290 -221.6534
1872.3120 -181.6549
1815.1502 -141.5715
1771.6097 -134.1294
1720.1863 -161.1636
1680.1677 -198.3685
1637.4489 -201.8313
1572.5428 -195.6538
1496.2305 -178.8776
1410.8663 -184.9649
1326.1690 -201.8661
1262.7338 -217.0877
1187.9080 -221.5500
1111.3321 -192.2569
1014.1727 -174.9499
906.0466 -146.5454
798.6538 -128.7544
701.7151 -98.9160
604.7276 -57.5140
508.4165 -26.8091
422.7379 15.6895
348.1682 47.5995
295.0779 68.9695
252.6314 90.6148
220.6633 123.5890
199.2913 156.7199
209.2726 201.3163
240.0704 246.1771
280.7599 313.4934
331.0350 403.3439
400.4801 527.1852
458.5481 651.0775
555.1255 798.7737
647.4722 991.6717
666.3191 1014.7546
762.8764 1242.3920
779.7187 1287.9226
934.3270 1565.3892
1125.9041 1759.1167
