1399.2133 -522.6866
1420.8794 -521.2939
1453.3762 -519.1642
1516.9703 -492.3599
1534.3027 -423.6406
1498.3426 -369.9488
1419.5123 -319.1943
1308.8298 -270.2933
1177.2174 -222.1649
1058.5021 -206.2464
950.6661 -189.1866
842.1275 -149.3065
713.1163 -120.8123
596.0742 -124.6190
479.2704 -138.8701
372.5788 -129.9921
265.8468 -109.4346
190.9929 -65.7998
116.4589 -21.8948
63.2700 55.7008
0.0000 122.3146
-62.8593 178.0168
-114.8899 233.8633
-177.0028 289.9565
-239.0165 324.0254
-311.3555 347.3641
-383.2512 382.1215
-414.3201 382.8065
-435.0320 383.2929
-476.7631 373.2108
-519.2114 340.9669
-562.1620 297.6811
-626.1659 255.1695
