2236.7778 -384.3585
2219.4058 -431.7664
2191.0628 -480.2244
2161.5523 -517.3157
2121.0598 -555.3745
2056.8714 -572.7888
1980.8721 -579.6984
1881.4693 -565.7008
1771.3504 -552.1867
1649.7925 -527.7833
1537.8990 -479.6420
1447.9865 -429.6306
1314.6862 -370.8862
1150.3760 -324.4438
996.9638 -265.2168
875.9407 -192.5286
808.4224 -106.0488
794.2745 -17.3577
790.6550 71.7549
797.4184 161.3017
823.8197 274.0514
889.3248 422.2990
1013.2808 596.6940
1150.6892 818.3154
1169.0853 842.0421
1471.3634 1238.7085
