2354.9017 -725.8297
2288.4369 -721.1443
2232.9236 -715.2250
2178.3371 -720.4792
2122.8676 -714.3169
2045.6026 -710.0004
1968.3790 -705.4436
1902.8987 -710.9880
1837.4047 -716.3398
1771.8976 -721.4994
1706.3777 -726.4673
1629.2480 -720.8073
1540.6038 -704.4392
1484.7903 -685.6585
1451.4615 -676.5766
1417.5484 -656.2634
1384.2767 -647.1027
1361.9120 -637.2444
1338.9782 -616.1868
1316.0713 -595.1166
1272.0445 -586.4640
1218.2718 -600.6734
1185.6672 -602.4292
1153.0603 -604.1369
1120.4512 -605.7966
1098.2254 -595.7148
1086.3922 -573.9265
1096.2624 -551.0700
1116.4290 -516.4944
1135.9847 -470.7247
1187.2195 -411.9884
1226.1641 -331.3618
1253.9770 -251.2556
1302.0727 -158.5389
1318.4217 -78.9282
1324.6412 -11.1698
1301.2789 20.9345
1277.9640 53.0500
1233.6395 83.8167
1202.0495 81.8199
1171.1336 68.7134
1130.2782 43.8869
1100.4985 8.5991
1059.4048 -16.0418
1008.1634 -52.2743
934.9625 -78.2030
861.1083 -92.6920
776.5269 -107.3090
680.4592 -99.6495
574.1687 -102.9777
478.2326 -94.3628
361.1480 -85.6913
244.1789 -76.3409
127.3297 -66.3094
0.0000 -66.7170
-116.6543 -55.2546
-222.8238 -65.4686
-318.1364 -53.0463
-392.3596 -51.7164
-455.4663 -28.1030
-518.4220 -4.2773
-570.6595 19.4506
-611.5089 65.2559
-642.0025 99.6783
-671.5691 156.4263
-722.2629 202.8969
-772.1922 260.6683
-822.2698 307.4698
-872.0492 354.4383
-921.5244 401.5753
-971.3309 437.7359
-1010.6044 473.4731
-1029.8236 496.9575
-1059.9646 509.9357
-1099.5797 534.7658
-1128.8199 559.0358
-1168.1924 584.0541
-1197.2188 608.4678
-1216.7977 621.0584
-1246.5416 634.4142
-1266.0454 647.0720
-1296.6126 649.3623
-1355.8110 676.4480
-1425.9746 693.4522
-1497.0758 699.5916
-1587.3100 719.1201
-1688.7004 728.9899
-1811.5810 730.4538
-1931.7506 755.2400
-2040.0364 790.9500
-2123.0145 858.5779
-2200.0719 960.5439
-2238.7577 1103.8355
-2257.8632 1233.2384
-2233.0028 1379.2547
-2218.8627 1515.4104
-2190.1768 1672.3867
-2158.3453 1840.3948
