925.9666 -648.1943
883.1732 -672.2342
829.3859 -696.5789
698.7651 -712.1024
578.6896 -715.4556
458.7930 -729.3039
338.6419 -731.3908
251.3590 -743.6350
163.9314 -744.4235
109.1504 -711.3879
65.4066 -678.1957
32.6466 -633.7882
10.8581 -578.2118
-21.6768 -533.7257
-54.0664 -478.0716
-86.2595 -411.2480
-118.2002 -333.2534
-128.4896 -255.3500
-138.6156 -166.3197
-148.8772 -110.6431
-105.9905 -44.1942
-63.5589 -33.2562
0.0000 -33.3585
42.3727 -33.3131
63.6652 -66.6151
85.0732 -111.0148
106.6844 -177.6327
128.4234 -244.2300
150.4362 -333.0478
150.8072 -388.6491
151.1706 -444.2505
162.3496 -499.7741
173.4126 -533.0525
184.5023 -566.3263
206.4855 -599.4977
217.6411 -632.7579
228.7224 -654.8925
240.0260 -699.2656
240.4307 -743.7518
229.8815 -788.3488
197.3608 -833.1338
153.6861 -866.8225
98.8373 -878.2352
43.9449 -889.5200
-21.9725 -889.5505
