2257.5132 -746.9960
2048.1217 -743.8109
1980.1108 -715.7607
1934.0268 -685.7334
1919.0446 -630.4045
1882.3007 -576.9446
1846.4384 -534.7249
1811.4608 -503.7277
1766.5412 -484.8176
1700.0667 -467.5478
1612.8386 -462.9429
1526.3769 -469.2048
1450.7045 -474.3959
1362.2911 -446.4511
1262.6914 -407.6698
1162.8356 -357.3471
1075.1814 -328.4236
1008.6982 -287.0055
964.3339 -255.5857
930.7723 -223.6127
918.6424 -190.6526
917.1875 -157.2122
927.3510 -145.5799
948.1466 -133.4433
958.2768 -121.7911
967.8681 -98.9824
955.6707 -66.0472
944.0159 -44.2586
932.3768 -22.4673
911.2016 -23.4579
879.4368 -24.9009
932.8977 -33.6142
869.3332 -36.5138
689.5700 -54.7470
626.2854 -67.9883
541.6856 -81.6081
456.9815 -94.8595
371.9724 -96.6203
286.9567 -98.0195
201.9360 -99.0575
138.0165 -77.3588
74.2348 -55.4587
10.5932 -33.3557
-42.3250 -11.0739
-84.6020 0.1825
-126.8304 11.5307
-158.5374 11.7620
-190.2439 12.0447
-211.3813 12.2617
-253.5107 23.8859
-274.4779 35.2937
-305.9697 46.8885
-315.9689 80.4254
-326.1176 102.8464
-325.3443 147.3374
-345.4975 192.2007
-365.5369 237.0906
-385.7020 270.8834
-395.6279 293.3517
-384.9751 304.2550
-363.4743 337.2013
-331.0350 403.3439
-311.5551 336.2418
-311.9525 313.9971
-354.6542 259.1353
-408.0571 204.5828
-493.8205 128.7004
