2280.8058 -630.6886
2260.9596 -655.4898
2229.2209 -670.0312
2204.6303 -638.2827
2178.1640 -583.9615
2141.8039 -542.0009
2095.6153 -512.3501
2027.8719 -484.6793
1959.3492 -445.6153
1901.7765 -405.4718
1843.4502 -354.0155
1796.0185 -301.5761
1726.4217 -239.6863
1635.7478 -179.4161
1535.6551 -130.9112
1435.9714 -82.0445
1346.5547 -20.9089
1279.4241 30.7086
1234.3540 72.6499
1200.6502 104.1482
1188.7353 125.8189
1198.5330 137.6396
1209.0322 138.3033
1251.7649 129.8491
1285.5341 98.4321
1319.3881 67.0510
1311.0983 32.8151
1283.0287 -25.1478
1222.8514 -85.0143
1182.2843 -121.0634
1150.3650 -122.9134
1117.2364 -102.3929
1051.1541 -61.2266
975.2688 -31.5668
890.0253 -24.4256
804.8590 -16.9277
719.3654 2.0637
644.2402 32.8846
579.5522 75.4119
525.6445 118.4141
513.9071 162.6383
