1401.0411 -758.3189
1181.8230 -759.3612
974.0268 -769.0440
754.2868 -743.7878
545.9392 -716.2604
337.7781 -664.6497
130.4708 -611.1923
-75.9378 -555.8449
-281.2701 -487.4414
-485.4063 -417.0490
-678.1984 -367.2322
-848.2542 -305.3066
-984.7360 -232.2745
-1099.4996 -170.5171
-1212.8899 -96.8285
-1314.0597 -11.8801
-1403.6849 72.9921
-1481.8699 157.6214
-1521.0887 194.5183
-1541.0928 207.4145
-1573.4179 198.8235
-1596.2587 178.1925
-1655.4466 104.2682
-1728.3586 -2.3094
-1842.1726 -82.5240
-1971.6875 -92.8335
-2153.3792 -85.4548
-2323.2318 -66.3776
